0.0000 0.0000 0.0000 0.0000 0.0000
0.0000 0.0345 0.0000 0.0000 0.0000
0.0000 0.0690 0.0000 0.0000 0.0000
0.0000 0.1034 0.0000 0.0000 0.0000
0.0000 0.1379 0.0000 0.0000 0.0000
0.0000 0.1724 0.0000 0.0000 0.0000
0.0000 0.2069 0.0000 0.0000 0.0000
0.0000 0.2414 0.0000 0.0000 0.0000
0.0000 0.2759 0.0000 0.0000 0.0000
0.0000 0.3103 0.0000 0.0000 0.0000
0.0000 0.3448 0.0000 0.0000 0.0000
0.0000 0.3793 0.0000 0.0000 0.0000
0.0000 0.4138 0.0000 0.0000 0.0000
0.0000 0.4483 0.0000 0.0000 0.0000
0.0000 0.4828 0.0000 0.0000 0.0000
0.0000 0.5172 0.0000 0.0000 0.0000
0.0000 0.5517 0.0000 0.0000 0.0000
0.0000 0.5862 0.0000 0.0000 0.0000
0.0000 0.6207 0.0000 0.0000 0.0000
0.0000 0.6552 0.0000 0.0000 0.0000
0.0000 0.6897 0.0000 0.0000 0.0000
0.0000 0.7241 0.0000 0.0000 0.0000
0.0000 0.7586 0.0000 0.0000 0.0000
0.0000 0.7931 0.0000 0.0000 0.0000
0.0000 0.8276 0.0000 0.0000 0.0000
0.0000 0.8621 0.0000 0.0000 0.0000
0.0000 0.8966 0.0000 0.0000 0.0000
0.0000 0.9310 0.0000 0.0000 0.0000
0.0000 0.9655 0.0000 0.0000 0.0000
0.0000 1.0000 0.0000 0.0000 0.0000

0.0345 0.0000 0.0000 0.0000 0.0000
0.0345 0.0345 -0.464391 0.885630 0.014083
0.0345 0.0690 -0.747008 0.664815 0.017510
0.0345 0.1034 -0.875870 0.482546 0.022401
0.0345 0.1379 -0.934344 0.356373 0.027999
0.0345 0.1724 -0.963038 0.269366 0.033956
0.0345 0.2069 -0.978279 0.207295 0.040112
0.0345 0.2414 -0.986902 0.161323 0.046389
0.0345 0.2759 -0.992015 0.126123 0.052743
0.0345 0.3103 -0.995146 0.098406 0.059149
0.0345 0.3448 -0.997103 0.076062 0.065592
0.0345 0.3793 -0.998334 0.057694 0.072062
0.0345 0.4138 -0.999103 0.042342 0.078553
0.0345 0.4483 -0.999570 0.029327 0.085059
0.0345 0.4828 -0.999835 0.018160 0.091578
0.0345 0.5172 -0.999964 0.008476 0.098106
0.0345 0.5517 -1.000000 0.000000 0.104643
0.0345 0.5862 -0.999972 -0.007479 0.111186
0.0345 0.6207 -0.999900 -0.014125 0.117735
0.0345 0.6552 -0.999799 -0.020070 0.124289
0.0345 0.6897 -0.999677 -0.025419 0.130846
0.0345 0.7241 -0.999542 -0.030257 0.137407
0.0345 0.7586 -0.999399 -0.034653 0.143971
0.0345 0.7931 -0.999252 -0.038665 0.150537
0.0345 0.8276 -0.999103 -0.042342 0.157105
0.0345 0.8621 -0.998954 -0.045722 0.163676
0.0345 0.8966 -0.998807 -0.048841 0.170248
0.0345 0.9310 -0.998661 -0.051728 0.176822
0.0345 0.9655 0.0000 0.0000 0.0000
0.0345 1.0000 0.0000 0.0000 0.0000

0.0690 0.0000 0.0000 0.0000 0.0000
0.0690 0.0345 -0.249559 0.968360 0.024779
0.0690 0.0690 -0.484475 0.874805 0.025528
0.0690 0.1034 -0.667958 0.744199 0.027773
0.0690 0.1379 -0.792953 0.609283 0.031194
0.0690 0.1724 -0.872167 0.489209 0.035451
0.0690 0.2069 -0.921123 0.389271 0.040280
0.0690 0.2414 -0.951365 0.308066 0.045500
0.0690 0.2759 -0.970206 0.242281 0.050990
0.0690 0.3103 -0.982045 0.188644 0.056672
0.0690 0.3448 -0.989511 0.144460 0.062494
0.0690 0.3793 -0.994190 0.107642 0.068420
0.0690 0.4138 -0.997061 0.076611 0.074425
0.0690 0.4483 -0.998740 0.050176 0.080491
0.0690 0.4828 -0.999624 0.027432 0.086606
0.0690 0.5172 -0.999970 0.007684 0.092760
0.0690 0.5517 -0.999954 -0.009604 0.098946
0.0690 0.5862 -0.999691 -0.024851 0.105158
0.0690 0.6207 -0.999263 -0.038390 0.111391
0.0690 0.6552 -0.998725 -0.050486 0.117643
0.0690 0.6897 -0.998116 -0.061354 0.123910
0.0690 0.7241 -0.997464 -0.071168 0.130191
0.0690 0.7586 -0.996789 -0.080072 0.136482
0.0690 0.7931 -0.996104 -0.088185 0.142784
0.0690 0.8276 -0.995419 -0.095607 0.149095
0.0690 0.8621 -0.994741 -0.102421 0.155413
0.0690 0.8966 -0.994075 -0.108697 0.161738
0.0690 0.9310 0.0000 0.0000 0.0000
0.0690 0.9655 0.0000 0.0000 0.0000
0.0690 1.0000 0.0000 0.0000 0.0000

0.1034 0.0000 0.0000 0.0000 0.0000
0.1034 0.0345 -0.166239 0.986086 0.035055
0.1034 0.0690 -0.341541 0.939867 0.034125
0.1034 0.1034 -0.508826 0.860869 0.034358
0.1034 0.1379 -0.652330 0.757935 0.035733
0.1034 0.1724 -0.764236 0.644937 0.038126
0.1034 0.2069 -0.845365 0.534190 0.041361
0.1034 0.2414 -0.901354 0.433083 0.045257
0.1034 0.2759 -0.938802 0.344458 0.049659
0.1034 0.3103 -0.963318 0.268363 0.054444
0.1034 0.3448 -0.979062 0.203564 0.059521
0.1034 0.3793 -0.988922 0.148438 0.064820
0.1034 0.4138 -0.994846 0.101395 0.070292
0.1034 0.4483 -0.998135 0.061038 0.075899
0.1034 0.4828 -0.999657 0.026199 0.081613
0.1034 0.5172 -0.999992 -0.004077 0.087413
0.1034 0.5517 -0.999533 -0.030562 0.093283
0.1034 0.5862 -0.998547 -0.053879 0.099211
0.1034 0.6207 -0.997219 -0.074533 0.105187
0.1034 0.6552 -0.995672 -0.092933 0.111203
0.1034 0.6897 -0.993996 -0.109413 0.117253
0.1034 0.7241 -0.992251 -0.124246 0.123332
0.1034 0.7586 -0.990480 -0.137659 0.129437
0.1034 0.7931 -0.988710 -0.149840 0.135562
0.1034 0.8276 -0.986963 -0.160946 0.141707
0.1034 0.8621 -0.985252 -0.171110 0.147867
0.1034 0.8966 0.0000 0.0000 0.0000
0.1034 0.9310 0.0000 0.0000 0.0000
0.1034 0.9655 0.0000 0.0000 0.0000
0.1034 1.0000 0.0000 0.0000 0.0000

0.1379 0.0000 0.0000 0.0000 0.0000
0.1379 0.0345 -0.122874 0.992422 0.044526
0.1379 0.0690 -0.258666 0.965967 0.042302
0.1379 0.1034 -0.400634 0.916238 0.040968
0.1379 0.1379 -0.538872 0.842388 0.040612
0.1379 0.1724 -0.663043 0.748582 0.041258
0.1379 0.2069 -0.765886 0.642977 0.042861
0.1379 0.2414 -0.845045 0.534695 0.045320
0.1379 0.2759 -0.902346 0.431013 0.048506
0.1379 0.3103 -0.941773 0.336248 0.052284
0.1379 0.3448 -0.967695 0.252124 0.056538
0.1379 0.3793 -0.983910 0.178667 0.061166
0.1379 0.4138 -0.993362 0.115027 0.066092
0.1379 0.4483 -0.998197 0.060016 0.071253
0.1379 0.4828 -0.999923 0.012406 0.076601
0.1379 0.5172 -0.999581 -0.028937 0.082101
0.1379 0.5517 -0.997885 -0.064997 0.087723
0.1379 0.5862 -0.995322 -0.096610 0.093446
0.1379 0.6207 -0.992223 -0.124470 0.099252
0.1379 0.6552 -0.988814 -0.149152 0.105127
0.1379 0.6897 -0.985248 -0.171132 0.111060
0.1379 0.7241 -0.981629 -0.190801 0.117043
0.1379 0.7586 -0.978025 -0.208485 0.123069
0.1379 0.7931 -0.974484 -0.224456 0.129130
0.1379 0.8276 -0.971035 -0.238939 0.135223
0.1379 0.8621 0.0000 0.0000 0.0000
0.1379 0.8966 0.0000 0.0000 0.0000
0.1379 0.9310 0.0000 0.0000 0.0000
0.1379 0.9655 0.0000 0.0000 0.0000
0.1379 1.0000 0.0000 0.0000 0.0000

0.1724 0.0000 0.0000 0.0000 0.0000
0.1724 0.0345 -0.096310 0.995351 0.053107
0.1724 0.0690 -0.205554 0.978646 0.049765
0.1724 0.1034 -0.325684 0.945479 0.047114
0.1724 0.1379 -0.451893 0.892072 0.045274
0.1724 0.1724 -0.576676 0.816973 0.044347
0.1724 0.2069 -0.691345 0.722525 0.044390
0.1724 0.2414 -0.788625 0.614874 0.045400
0.1724 0.2759 -0.864802 0.502114 0.047315
0.1724 0.3103 -0.920072 0.391750 0.050032
0.1724 0.3448 -0.957319 0.289032 0.053428
0.1724 0.3793 -0.980472 0.196658 0.057383
0.1724 0.4138 -0.993325 0.115347 0.061789
0.1724 0.4483 -0.999004 0.044618 0.066558
0.1724 0.4828 -0.999862 -0.016587 0.071616
0.1724 0.5172 -0.997582 -0.069505 0.076907
0.1724 0.5517 -0.993325 -0.115347 0.082386
0.1724 0.5862 -0.987883 -0.155203 0.088017
0.1724 0.6207 -0.981782 -0.190011 0.093774
0.1724 0.6552 -0.975373 -0.220564 0.099634
0.1724 0.6897 -0.968883 -0.247520 0.105580
0.1724 0.7241 -0.962460 -0.271425 0.111599
0.1724 0.7586 -0.956195 -0.292730 0.117679
0.1724 0.7931 -0.950144 -0.311810 0.123812
0.1724 0.8276 0.0000 0.0000 0.0000
0.1724 0.8621 0.0000 0.0000 0.0000
0.1724 0.8966 0.0000 0.0000 0.0000
0.1724 0.9310 0.0000 0.0000 0.0000
0.1724 0.9655 0.0000 0.0000 0.0000
0.1724 1.0000 0.0000 0.0000 0.0000

0.2069 0.0000 0.0000 0.0000 0.0000
0.2069 0.0345 -0.078304 0.996930 0.060768
0.2069 0.0690 -0.168734 0.985662 0.056401
0.2069 0.1034 -0.271503 0.962438 0.052578
0.2069 0.1379 -0.385091 0.922879 0.049426
0.2069 0.1724 -0.505358 0.862910 0.047079
0.2069 0.2069 -0.625247 0.780427 0.045662
0.2069 0.2414 -0.735897 0.677094 0.045263
0.2069 0.2759 -0.829225 0.558915 0.045907
0.2069 0.3103 -0.900596 0.434657 0.047552
0.2069 0.3448 -0.949764 0.312968 0.050101
0.2069 0.3793 -0.979772 0.200117 0.053423
0.2069 0.4138 -0.995051 0.099361 0.057385
0.2069 0.4483 -0.999934 0.011521 0.061863
0.2069 0.4828 -0.997946 -0.064061 0.066754
0.2069 0.5172 -0.991679 -0.128731 0.071975
0.2069 0.5517 -0.982921 -0.184031 0.077457
0.2069 0.5862 -0.972851 -0.231432 0.083150
0.2069 0.6207 -0.962230 -0.272237 0.089013
0.2069 0.6552 -0.951532 -0.307550 0.095014
0.2069 0.6897 -0.941044 -0.338285 0.101130
0.2069 0.7241 -0.930932 -0.365193 0.107340
0.2069 0.7586 -0.921285 -0.388888 0.113629
0.2069 0.7931 0.0000 0.0000 0.0000
0.2069 0.8276 0.0000 0.0000 0.0000
0.2069 0.8621 0.0000 0.0000 0.0000
0.2069 0.8966 0.0000 0.0000 0.0000
0.2069 0.9310 0.0000 0.0000 0.0000
0.2069 0.9655 0.0000 0.0000 0.0000
0.2069 1.0000 0.0000 0.0000 0.0000

0.2414 0.0000 0.0000 0.0000 0.0000
0.2414 0.0345 -0.065219 0.997871 0.067496
0.2414 0.0690 -0.141639 0.989918 0.062158
0.2414 0.1034 -0.230653 0.973036 0.057255
0.2414 0.1379 -0.332814 0.942993 0.052907
0.2414 0.1724 -0.446809 0.894629 0.049261
0.2414 0.2069 -0.568217 0.822879 0.046482
0.2414 0.2414 -0.688828 0.724925 0.044734
0.2414 0.2759 -0.797861 0.602841 0.044138
0.2414 0.3103 -0.885506 0.464627 0.044741
0.2414 0.3448 -0.946771 0.321909 0.046495
0.2414 0.3793 -0.982623 0.185610 0.049279
0.2414 0.4138 -0.998024 0.062840 0.052929
0.2414 0.4483 -0.999051 -0.043549 0.057281
0.2414 0.4828 -0.991020 -0.133712 0.062187
0.2414 0.5172 -0.977844 -0.209335 0.067526
0.2414 0.5517 -0.962125 -0.272608 0.073205
0.2414 0.5862 -0.945482 -0.325673 0.079149
0.2414 0.6207 -0.928869 -0.370409 0.085304
0.2414 0.6552 -0.912815 -0.408373 0.091627
0.2414 0.6897 -0.897592 -0.440827 0.098085
0.2414 0.7241 -0.883317 -0.468776 0.104654
0.2414 0.7586 0.0000 0.0000 0.0000
0.2414 0.7931 0.0000 0.0000 0.0000
0.2414 0.8276 0.0000 0.0000 0.0000
0.2414 0.8621 0.0000 0.0000 0.0000
0.2414 0.8966 0.0000 0.0000 0.0000
0.2414 0.9310 0.0000 0.0000 0.0000
0.2414 0.9655 0.0000 0.0000 0.0000
0.2414 1.0000 0.0000 0.0000 0.0000

0.2759 0.0000 0.0000 0.0000 0.0000
0.2759 0.0345 -0.055205 0.998475 0.073285
0.2759 0.0690 -0.120746 0.992683 0.067011
0.2759 0.1034 -0.198685 0.980063 0.061087
0.2759 0.1379 -0.290936 0.956743 0.055623
0.2759 0.1724 -0.398442 0.917194 0.050769
0.2759 0.2069 -0.519625 0.854394 0.046714
0.2759 0.2414 -0.648290 0.761394 0.043684
0.2759 0.2759 -0.772462 0.635061 0.041899
0.2759 0.3103 -0.876925 0.480628 0.041521
0.2759 0.3448 -0.949953 0.312392 0.042588
0.2759 0.3793 -0.989012 0.147835 0.044997
0.2759 0.4138 -1.000000 0.000000 0.048548
0.2759 0.4483 -0.992096 -0.125481 0.053013
0.2759 0.4828 -0.973504 -0.228669 0.058181
0.2759 0.5172 -0.949953 -0.312392 0.063882
0.2759 0.5517 -0.924906 -0.380195 0.069986
0.2759 0.5862 -0.900254 -0.435366 0.076396
0.2759 0.6207 -0.876925 -0.480628 0.083042
0.2759 0.6552 -0.855305 -0.518124 0.089871
0.2759 0.6897 -0.835492 -0.549503 0.096845
0.2759 0.7241 0.0000 0.0000 0.0000
0.2759 0.7586 0.0000 0.0000 0.0000
0.2759 0.7931 0.0000 0.0000 0.0000
0.2759 0.8276 0.0000 0.0000 0.0000
0.2759 0.8621 0.0000 0.0000 0.0000
0.2759 0.8966 0.0000 0.0000 0.0000
0.2759 0.9310 0.0000 0.0000 0.0000
0.2759 0.9655 0.0000 0.0000 0.0000
0.2759 1.0000 0.0000 0.0000 0.0000

0.3103 0.0000 0.0000 0.0000 0.0000
0.3103 0.0345 -0.047220 0.998885 0.078130
0.3103 0.0690 -0.104005 0.994577 0.070944
0.3103 0.1034 -0.172829 0.984952 0.064040
0.3103 0.1379 -0.256568 0.966526 0.057518
0.3103 0.1724 -0.358017 0.933715 0.051524
0.3103 0.2069 -0.478462 0.878108 0.046264
0.3103 0.2414 -0.614656 0.788795 0.042015
0.3103 0.2759 -0.754690 0.656082 0.039108
0.3103 0.3103 -0.877191 0.480141 0.037852
0.3103 0.3448 -0.960486 0.278329 0.038411
0.3103 0.3793 -0.996892 0.078785 0.040709
0.3103 0.4138 -0.995367 -0.096146 0.044478
0.3103 0.4483 -0.971230 -0.238144 0.049382
0.3103 0.4828 -0.937074 -0.349130 0.055119
0.3103 0.5172 -0.900478 -0.434901 0.061456
0.3103 0.5517 -0.865196 -0.501433 0.068226
0.3103 0.5862 -0.832771 -0.553617 0.075312
0.3103 0.6207 -0.803631 -0.595128 0.082634
0.3103 0.6552 -0.777697 -0.628639 0.090134
0.3103 0.6897 0.0000 0.0000 0.0000
0.3103 0.7241 0.0000 0.0000 0.0000
0.3103 0.7586 0.0000 0.0000 0.0000
0.3103 0.7931 0.0000 0.0000 0.0000
0.3103 0.8276 0.0000 0.0000 0.0000
0.3103 0.8621 0.0000 0.0000 0.0000
0.3103 0.8966 0.0000 0.0000 0.0000
0.3103 0.9310 0.0000 0.0000 0.0000
0.3103 0.9655 0.0000 0.0000 0.0000
0.3103 1.0000 0.0000 0.0000 0.0000

0.3448 0.0000 0.0000 0.0000 0.0000
0.3448 0.0345 -0.040630 0.999174 0.082031
0.3448 0.0690 -0.090141 0.995929 0.073949
0.3448 0.1034 -0.151282 0.988491 0.066094
0.3448 0.1379 -0.227676 0.973737 0.058556
0.3448 0.1724 -0.323744 0.946145 0.051475
0.3448 0.2069 -0.443727 0.896162 0.045067
0.3448 0.2414 -0.588255 0.808675 0.039661
0.3448 0.2759 -0.746623 0.665248 0.035712
0.3448 0.3103 -0.889100 0.457714 0.033738
0.3448 0.3448 -0.977891 0.209115 0.034083
0.3448 0.3793 -0.999476 -0.032383 0.036682
0.3448 0.4138 -0.972914 -0.231167 0.041109
0.3448 0.4483 -0.924850 -0.380331 0.046849
0.3448 0.4828 -0.872482 -0.488645 0.053481
0.3448 0.5172 -0.823447 -0.567394 0.060713
0.3448 0.5517 -0.780142 -0.625603 0.068355
0.3448 0.5862 -0.742743 -0.669577 0.076285
0.3448 0.6207 -0.710647 -0.703548 0.084420
0.3448 0.6552 0.0000 0.0000 0.0000
0.3448 0.6897 0.0000 0.0000 0.0000
0.3448 0.7241 0.0000 0.0000 0.0000
0.3448 0.7586 0.0000 0.0000 0.0000
0.3448 0.7931 0.0000 0.0000 0.0000
0.3448 0.8276 0.0000 0.0000 0.0000
0.3448 0.8621 0.0000 0.0000 0.0000
0.3448 0.8966 0.0000 0.0000 0.0000
0.3448 0.9310 0.0000 0.0000 0.0000
0.3448 0.9655 0.0000 0.0000 0.0000
0.3448 1.0000 0.0000 0.0000 0.0000

0.3793 0.0000 0.0000 0.0000 0.0000
0.3793 0.0345 -0.035025 0.999386 0.084985
0.3793 0.0690 -0.078311 0.996929 0.076020
0.3793 0.1034 -0.132813 0.991141 0.067235
0.3793 0.1379 -0.202789 0.979223 0.058713
0.3793 0.1724 -0.294213 0.955740 0.050585
0.3793 0.2069 -0.414599 0.910004 0.043076
0.3793 0.2414 -0.569764 0.821808 0.036570
0.3793 0.2759 -0.751473 0.659764 0.031688
0.3793 0.3103 -0.915659 0.401956 0.029257
0.3793 0.3448 -0.996168 0.087460 0.029880
0.3793 0.3793 -0.980668 -0.195679 0.033388
0.3793 0.4138 -0.915659 -0.401956 0.039009
0.3793 0.4483 -0.841664 -0.540001 0.045975
0.3793 0.4828 -0.775070 -0.631876 0.053766
0.3793 0.5172 -0.719315 -0.694684 0.062071
0.3793 0.5517 -0.673527 -0.739163 0.070710
0.3793 0.5862 -0.635905 -0.771767 0.079574
0.3793 0.6207 0.0000 0.0000 0.0000
0.3793 0.6552 0.0000 0.0000 0.0000
0.3793 0.6897 0.0000 0.0000 0.0000
0.3793 0.7241 0.0000 0.0000 0.0000
0.3793 0.7586 0.0000 0.0000 0.0000
0.3793 0.7931 0.0000 0.0000 0.0000
0.3793 0.8276 0.0000 0.0000 0.0000
0.3793 0.8621 0.0000 0.0000 0.0000
0.3793 0.8966 0.0000 0.0000 0.0000
0.3793 0.9310 0.0000 0.0000 0.0000
0.3793 0.9655 0.0000 0.0000 0.0000
0.3793 1.0000 0.0000 0.0000 0.0000

0.4138 0.0000 0.0000 0.0000 0.0000
0.4138 0.0345 -0.030120 0.999546 0.086992
0.4138 0.0690 -0.067923 0.997691 0.077152
0.4138 0.1034 -0.116531 0.993187 0.067456
0.4138 0.1379 -0.180788 0.983522 0.057973
0.4138 0.1724 -0.268299 0.963336 0.048830
0.4138 0.2069 -0.390512 0.920598 0.040258
0.4138 0.2414 -0.560736 0.827995 0.032710
0.4138 0.2759 -0.774774 0.632238 0.027055
0.4138 0.3103 -0.957236 0.289308 0.024635
0.4138 0.3448 -0.994133 -0.108165 0.026357
0.4138 0.3793 -0.913587 -0.406643 0.031549
0.4138 0.4138 -0.809472 -0.587158 0.038843
0.4138 0.4483 -0.720489 -0.693467 0.047277
0.4138 0.4828 -0.651085 -0.759005 0.056341
0.4138 0.5172 -0.597536 -0.801842 0.065775
0.4138 0.5517 -0.555712 -0.831375 0.075441
0.4138 0.5862 -0.522451 -0.852669 0.085259
0.4138 0.6207 0.0000 0.0000 0.0000
0.4138 0.6552 0.0000 0.0000 0.0000
0.4138 0.6897 0.0000 0.0000 0.0000
0.4138 0.7241 0.0000 0.0000 0.0000
0.4138 0.7586 0.0000 0.0000 0.0000
0.4138 0.7931 0.0000 0.0000 0.0000
0.4138 0.8276 0.0000 0.0000 0.0000
0.4138 0.8621 0.0000 0.0000 0.0000
0.4138 0.8966 0.0000 0.0000 0.0000
0.4138 0.9310 0.0000 0.0000 0.0000
0.4138 0.9655 0.0000 0.0000 0.0000
0.4138 1.0000 0.0000 0.0000 0.0000

0.4483 0.0000 0.0000 0.0000 0.0000
0.4483 0.0345 -0.025711 0.999669 0.088050
0.4483 0.0690 -0.058540 0.998285 0.077344
0.4483 0.1034 -0.101749 0.994810 0.066748
0.4483 0.1379 -0.160770 0.986992 0.056325
0.4483 0.1724 -0.245053 0.969510 0.046191
0.4483 0.2069 -0.371246 0.928535 0.036588
0.4483 0.2414 -0.564642 0.825336 0.028066
0.4483 0.2759 -0.826109 0.563511 0.021923
0.4483 0.3103 -0.997140 0.075575 0.020433
0.4483 0.3448 -0.925487 -0.378779 0.024461
0.4483 0.3793 -0.778528 -0.627610 0.031986
0.4483 0.4138 -0.660460 -0.750862 0.041132
0.4483 0.4483 -0.576668 -0.816979 0.051035
0.4483 0.4828 -0.516791 -0.856112 0.061328
0.4483 0.5172 -0.472652 -0.881249 0.071845
0.4483 0.5517 0.0000 0.0000 0.0000
0.4483 0.5862 0.0000 0.0000 0.0000
0.4483 0.6207 0.0000 0.0000 0.0000
0.4483 0.6552 0.0000 0.0000 0.0000
0.4483 0.6897 0.0000 0.0000 0.0000
0.4483 0.7241 0.0000 0.0000 0.0000
0.4483 0.7586 0.0000 0.0000 0.0000
0.4483 0.7931 0.0000 0.0000 0.0000
0.4483 0.8276 0.0000 0.0000 0.0000
0.4483 0.8621 0.0000 0.0000 0.0000
0.4483 0.8966 0.0000 0.0000 0.0000
0.4483 0.9310 0.0000 0.0000 0.0000
0.4483 0.9655 0.0000 0.0000 0.0000
0.4483 1.0000 0.0000 0.0000 0.0000

0.4828 0.0000 0.0000 0.0000 0.0000
0.4828 0.0345 -0.021637 0.999766 0.088161
0.4828 0.0690 -0.049808 0.998759 0.076594
0.4828 0.1034 -0.087890 0.996130 0.065110
0.4828 0.1379 -0.141924 0.989878 0.053761
0.4828 0.1724 -0.223593 0.974683 0.042655
0.4828 0.2069 -0.357123 0.934058 0.032048
0.4828 0.2414 -0.589565 0.807721 0.022648
0.4828 0.2759 -0.916689 0.399602 0.016647
0.4828 0.3103 -0.960272 -0.279067 0.017878
0.4828 0.3448 -0.753757 -0.657153 0.025306
0.4828 0.3793 -0.595973 -0.803004 0.035207
0.4828 0.4138 -0.497494 -0.867467 0.046010
0.4828 0.4483 -0.433465 -0.901171 0.057207
0.4828 0.4828 -0.389252 -0.921131 0.068606
0.4828 0.5172 0.0000 0.0000 0.0000
0.4828 0.5517 0.0000 0.0000 0.0000
0.4828 0.5862 0.0000 0.0000 0.0000
0.4828 0.6207 0.0000 0.0000 0.0000
0.4828 0.6552 0.0000 0.0000 0.0000
0.4828 0.6897 0.0000 0.0000 0.0000
0.4828 0.7241 0.0000 0.0000 0.0000
0.4828 0.7586 0.0000 0.0000 0.0000
0.4828 0.7931 0.0000 0.0000 0.0000
0.4828 0.8276 0.0000 0.0000 0.0000
0.4828 0.8621 0.0000 0.0000 0.0000
0.4828 0.8966 0.0000 0.0000 0.0000
0.4828 0.9310 0.0000 0.0000 0.0000
0.4828 0.9655 0.0000 0.0000 0.0000
0.4828 1.0000 0.0000 0.0000 0.0000

0.5172 0.0000 0.0000 0.0000 0.0000
0.5172 0.0345 -0.017763 0.999842 0.087322
0.5172 0.0690 -0.041419 0.999142 0.074900
0.5172 0.1034 -0.074411 0.997228 0.062537
0.5172 0.1379 -0.123412 0.992356 0.050275
0.5172 0.1724 -0.202957 0.979188 0.038213
0.5172 0.2069 -0.349552 0.936917 0.026625
0.5172 0.2414 -0.656596 0.754243 0.016537
0.5172 0.2759 -1.000000 -0.000000 0.012409
0.5172 0.3103 -0.745719 -0.666260 0.018720
0.5172 0.3448 -0.528051 -0.849213 0.029375
0.5172 0.3793 -0.414896 -0.909869 0.041125
0.5172 0.4138 -0.349552 -0.936917 0.053250
0.5172 0.4483 -0.307659 -0.951497 0.065542
0.5172 0.4828 0.0000 0.0000 0.0000
0.5172 0.5172 0.0000 0.0000 0.0000
0.5172 0.5517 0.0000 0.0000 0.0000
0.5172 0.5862 0.0000 0.0000 0.0000
0.5172 0.6207 0.0000 0.0000 0.0000
0.5172 0.6552 0.0000 0.0000 0.0000
0.5172 0.6897 0.0000 0.0000 0.0000
0.5172 0.7241 0.0000 0.0000 0.0000
0.5172 0.7586 0.0000 0.0000 0.0000
0.5172 0.7931 0.0000 0.0000 0.0000
0.5172 0.8276 0.0000 0.0000 0.0000
0.5172 0.8621 0.0000 0.0000 0.0000
0.5172 0.8966 0.0000 0.0000 0.0000
0.5172 0.9310 0.0000 0.0000 0.0000
0.5172 0.9655 0.0000 0.0000 0.0000
0.5172 1.0000 0.0000 0.0000 0.0000

0.5517 0.0000 0.0000 0.0000 0.0000
0.5517 0.0345 -0.013968 0.999902 0.085535
0.5517 0.0690 -0.033068 0.999453 0.072262
0.5517 0.1034 -0.060723 0.998155 0.059027
0.5517 0.1379 -0.104201 0.994556 0.045864
0.5517 0.1724 -0.181809 0.983334 0.032858
0.5517 0.2069 -0.352909 0.935658 0.020313
0.5517 0.2414 -0.826251 0.563302 0.010122
0.5517 0.2759 -0.782629 -0.622489 0.012213
0.5517 0.3103 -0.457381 -0.889271 0.023510
0.5517 0.3448 -0.329709 -0.944082 0.036237
0.5517 0.3793 -0.266587 -0.963811 0.049299
0.5517 0.4138 -0.229447 -0.973321 0.062486
0.5517 0.4483 0.0000 0.0000 0.0000
0.5517 0.4828 0.0000 0.0000 0.0000
0.5517 0.5172 0.0000 0.0000 0.0000
0.5517 0.5517 0.0000 0.0000 0.0000
0.5517 0.5862 0.0000 0.0000 0.0000
0.5517 0.6207 0.0000 0.0000 0.0000
0.5517 0.6552 0.0000 0.0000 0.0000
0.5517 0.6897 0.0000 0.0000 0.0000
0.5517 0.7241 0.0000 0.0000 0.0000
0.5517 0.7586 0.0000 0.0000 0.0000
0.5517 0.7931 0.0000 0.0000 0.0000
0.5517 0.8276 0.0000 0.0000 0.0000
0.5517 0.8621 0.0000 0.0000 0.0000
0.5517 0.8966 0.0000 0.0000 0.0000
0.5517 0.9310 0.0000 0.0000 0.0000
0.5517 0.9655 0.0000 0.0000 0.0000
0.5517 1.0000 0.0000 0.0000 0.0000

0.5862 0.0000 0.0000 0.0000 0.0000
0.5862 0.0345 -0.010126 0.999949 0.082799
0.5862 0.0690 -0.024415 0.999702 0.068679
0.5862 0.1034 -0.046082 0.998938 0.054581
0.5862 0.1379 -0.082751 0.996570 0.040527
0.5862 0.1724 -0.157687 0.987489 0.026585
0.5862 0.2069 -0.383445 0.923564 0.013119
0.5862 0.2414 -0.945589 -0.325363 0.006207
0.5862 0.2759 -0.383445 -0.923564 0.017492
0.5862 0.3103 -0.241721 -0.970346 0.031216
0.5862 0.3448 -0.185445 -0.982655 0.045211
0.5862 0.3793 -0.155565 -0.987826 0.059284
0.5862 0.4138 -0.137087 -0.990559 0.073391
0.5862 0.4483 0.0000 0.0000 0.0000
0.5862 0.4828 0.0000 0.0000 0.0000
0.5862 0.5172 0.0000 0.0000 0.0000
0.5862 0.5517 0.0000 0.0000 0.0000
0.5862 0.5862 0.0000 0.0000 0.0000
0.5862 0.6207 0.0000 0.0000 0.0000
0.5862 0.6552 0.0000 0.0000 0.0000
0.5862 0.6897 0.0000 0.0000 0.0000
0.5862 0.7241 0.0000 0.0000 0.0000
0.5862 0.7586 0.0000 0.0000 0.0000
0.5862 0.7931 0.0000 0.0000 0.0000
0.5862 0.8276 0.0000 0.0000 0.0000
0.5862 0.8621 0.0000 0.0000 0.0000
0.5862 0.8966 0.0000 0.0000 0.0000
0.5862 0.9310 0.0000 0.0000 0.0000
0.5862 0.9655 0.0000 0.0000 0.0000
0.5862 1.0000 0.0000 0.0000 0.0000

0.6207 0.0000 0.0000 0.0000 0.0000
0.6207 0.0345 -0.006093 0.999981 0.079114
0.6207 0.0690 -0.015028 0.999887 0.064152
0.6207 0.1034 -0.029393 0.999568 0.049199
0.6207 0.1379 -0.056273 0.998415 0.034265
0.6207 0.1724 -0.124278 0.992247 0.019394
0.6207 0.2069 -0.560236 0.828333 0.005163
0.6207 0.2414 -0.300990 -0.953627 0.011211
0.6207 0.2759 -0.148629 -0.988893 0.025946
0.6207 0.3103 -0.106187 -0.994346 0.040856
0.6207 0.3448 -0.086386 -0.996262 0.055801
0.6207 0.3793 0.0000 0.0000 0.0000
0.6207 0.4138 0.0000 0.0000 0.0000
0.6207 0.4483 0.0000 0.0000 0.0000
0.6207 0.4828 0.0000 0.0000 0.0000
0.6207 0.5172 0.0000 0.0000 0.0000
0.6207 0.5517 0.0000 0.0000 0.0000
0.6207 0.5862 0.0000 0.0000 0.0000
0.6207 0.6207 0.0000 0.0000 0.0000
0.6207 0.6552 0.0000 0.0000 0.0000
0.6207 0.6897 0.0000 0.0000 0.0000
0.6207 0.7241 0.0000 0.0000 0.0000
0.6207 0.7586 0.0000 0.0000 0.0000
0.6207 0.7931 0.0000 0.0000 0.0000
0.6207 0.8276 0.0000 0.0000 0.0000
0.6207 0.8621 0.0000 0.0000 0.0000
0.6207 0.8966 0.0000 0.0000 0.0000
0.6207 0.9310 0.0000 0.0000 0.0000
0.6207 0.9655 0.0000 0.0000 0.0000
0.6207 1.0000 0.0000 0.0000 0.0000

0.6552 0.0000 0.0000 0.0000 0.0000
0.6552 0.0345 -0.001687 0.999999 0.074480
0.6552 0.0690 -0.004284 0.999991 0.058681
0.6552 0.1034 -0.008792 0.999961 0.042884
0.6552 0.1379 -0.018559 0.999828 0.027088
0.6552 0.1724 -0.055601 0.998453 0.011302
0.6552 0.2069 -0.164778 -0.986331 0.004576
0.6552 0.2414 -0.043272 -0.999063 0.020332
0.6552 0.2759 -0.027833 -0.999613 0.036125
0.6552 0.3103 -0.021785 -0.999763 0.051922
0.6552 0.3448 0.0000 0.0000 0.0000
0.6552 0.3793 0.0000 0.0000 0.0000
0.6552 0.4138 0.0000 0.0000 0.0000
0.6552 0.4483 0.0000 0.0000 0.0000
0.6552 0.4828 0.0000 0.0000 0.0000
0.6552 0.5172 0.0000 0.0000 0.0000
0.6552 0.5517 0.0000 0.0000 0.0000
0.6552 0.5862 0.0000 0.0000 0.0000
0.6552 0.6207 0.0000 0.0000 0.0000
0.6552 0.6552 0.0000 0.0000 0.0000
0.6552 0.6897 0.0000 0.0000 0.0000
0.6552 0.7241 0.0000 0.0000 0.0000
0.6552 0.7586 0.0000 0.0000 0.0000
0.6552 0.7931 0.0000 0.0000 0.0000
0.6552 0.8276 0.0000 0.0000 0.0000
0.6552 0.8621 0.0000 0.0000 0.0000
0.6552 0.8966 0.0000 0.0000 0.0000
0.6552 0.9310 0.0000 0.0000 0.0000
0.6552 0.9655 0.0000 0.0000 0.0000
0.6552 1.0000 0.0000 0.0000 0.0000

0.6897 0.0000 0.0000 0.0000 0.0000
0.6897 0.0345 0.003348 0.999994 0.068897
0.6897 0.0690 0.008827 0.999961 0.052268
0.6897 0.1034 0.019416 0.999811 0.035643
0.6897 0.1379 0.048492 0.998824 0.019028
0.6897 0.1724 0.436738 0.899589 0.002641
0.6897 0.2069 0.096643 -0.995319 0.014321
0.6897 0.2414 0.052212 -0.998636 0.030927
0.6897 0.2759 0.038810 -0.999247 0.047551
0.6897 0.3103 0.0000 0.0000 0.0000
0.6897 0.3448 0.0000 0.0000 0.0000
0.6897 0.3793 0.0000 0.0000 0.0000
0.6897 0.4138 0.0000 0.0000 0.0000
0.6897 0.4483 0.0000 0.0000 0.0000
0.6897 0.4828 0.0000 0.0000 0.0000
0.6897 0.5172 0.0000 0.0000 0.0000
0.6897 0.5517 0.0000 0.0000 0.0000
0.6897 0.5862 0.0000 0.0000 0.0000
0.6897 0.6207 0.0000 0.0000 0.0000
0.6897 0.6552 0.0000 0.0000 0.0000
0.6897 0.6897 0.0000 0.0000 0.0000
0.6897 0.7241 0.0000 0.0000 0.0000
0.6897 0.7586 0.0000 0.0000 0.0000
0.6897 0.7931 0.0000 0.0000 0.0000
0.6897 0.8276 0.0000 0.0000 0.0000
0.6897 0.8621 0.0000 0.0000 0.0000
0.6897 0.8966 0.0000 0.0000 0.0000
0.6897 0.9310 0.0000 0.0000 0.0000
0.6897 0.9655 0.0000 0.0000 0.0000
0.6897 1.0000 0.0000 0.0000 0.0000

0.7241 0.0000 0.0000 0.0000 0.0000
0.7241 0.0345 0.009413 0.999956 0.062366
0.7241 0.0690 0.026139 0.999658 0.044917
0.7241 0.1034 0.064049 0.997947 0.027496
0.7241 0.1379 0.229073 0.973409 0.010251
0.7241 0.1724 0.365137 -0.930954 0.008039
0.7241 0.2069 0.139812 -0.990178 0.025193
0.7241 0.2414 0.096449 -0.995338 0.042606
0.7241 0.2759 0.0000 0.0000 0.0000
0.7241 0.3103 0.0000 0.0000 0.0000
0.7241 0.3448 0.0000 0.0000 0.0000
0.7241 0.3793 0.0000 0.0000 0.0000
0.7241 0.4138 0.0000 0.0000 0.0000
0.7241 0.4483 0.0000 0.0000 0.0000
0.7241 0.4828 0.0000 0.0000 0.0000
0.7241 0.5172 0.0000 0.0000 0.0000
0.7241 0.5517 0.0000 0.0000 0.0000
0.7241 0.5862 0.0000 0.0000 0.0000
0.7241 0.6207 0.0000 0.0000 0.0000
0.7241 0.6552 0.0000 0.0000 0.0000
0.7241 0.6897 0.0000 0.0000 0.0000
0.7241 0.7241 0.0000 0.0000 0.0000
0.7241 0.7586 0.0000 0.0000 0.0000
0.7241 0.7931 0.0000 0.0000 0.0000
0.7241 0.8276 0.0000 0.0000 0.0000
0.7241 0.8621 0.0000 0.0000 0.0000
0.7241 0.8966 0.0000 0.0000 0.0000
0.7241 0.9310 0.0000 0.0000 0.0000
0.7241 0.9655 0.0000 0.0000 0.0000
0.7241 1.0000 0.0000 0.0000 0.0000

0.7586 0.0000 0.0000 0.0000 0.0000
0.7586 0.0345 0.017188 0.999852 0.054888
0.7586 0.0690 0.051503 0.998673 0.036635
0.7586 0.1034 0.152894 0.988243 0.018511
0.7586 0.1379 1.000000 0.000000 0.003774
0.7586 0.1724 0.249688 -0.968326 0.018892
0.7586 0.2069 0.152894 -0.988243 0.037022
0.7586 0.2414 0.119471 -0.992838 0.055276
0.7586 0.2759 0.0000 0.0000 0.0000
0.7586 0.3103 0.0000 0.0000 0.0000
0.7586 0.3448 0.0000 0.0000 0.0000
0.7586 0.3793 0.0000 0.0000 0.0000
0.7586 0.4138 0.0000 0.0000 0.0000
0.7586 0.4483 0.0000 0.0000 0.0000
0.7586 0.4828 0.0000 0.0000 0.0000
0.7586 0.5172 0.0000 0.0000 0.0000
0.7586 0.5517 0.0000 0.0000 0.0000
0.7586 0.5862 0.0000 0.0000 0.0000
0.7586 0.6207 0.0000 0.0000 0.0000
0.7586 0.6552 0.0000 0.0000 0.0000
0.7586 0.6897 0.0000 0.0000 0.0000
0.7586 0.7241 0.0000 0.0000 0.0000
0.7586 0.7586 0.0000 0.0000 0.0000
0.7586 0.7931 0.0000 0.0000 0.0000
0.7586 0.8276 0.0000 0.0000 0.0000
0.7586 0.8621 0.0000 0.0000 0.0000
0.7586 0.8966 0.0000 0.0000 0.0000
0.7586 0.9310 0.0000 0.0000 0.0000
0.7586 0.9655 0.0000 0.0000 0.0000
0.7586 1.0000 0.0000 0.0000 0.0000

0.7931 0.0000 0.0000 0.0000 0.0000
0.7931 0.0345 0.027974 0.999609 0.046464
0.7931 0.0690 0.094720 0.995504 0.027444
0.7931 0.1034 0.429600 0.903019 0.009077
0.7931 0.1379 0.429600 -0.903019 0.012102
0.7931 0.1724 0.211359 -0.977409 0.030748
0.7931 0.2069 0.0000 0.0000 0.0000
0.7931 0.2414 0.0000 0.0000 0.0000
0.7931 0.2759 0.0000 0.0000 0.0000
0.7931 0.3103 0.0000 0.0000 0.0000
0.7931 0.3448 0.0000 0.0000 0.0000
0.7931 0.3793 0.0000 0.0000 0.0000
0.7931 0.4138 0.0000 0.0000 0.0000
0.7931 0.4483 0.0000 0.0000 0.0000
0.7931 0.4828 0.0000 0.0000 0.0000
0.7931 0.5172 0.0000 0.0000 0.0000
0.7931 0.5517 0.0000 0.0000 0.0000
0.7931 0.5862 0.0000 0.0000 0.0000
0.7931 0.6207 0.0000 0.0000 0.0000
0.7931 0.6552 0.0000 0.0000 0.0000
0.7931 0.6897 0.0000 0.0000 0.0000
0.7931 0.7241 0.0000 0.0000 0.0000
0.7931 0.7586 0.0000 0.0000 0.0000
0.7931 0.7931 0.0000 0.0000 0.0000
0.7931 0.8276 0.0000 0.0000 0.0000
0.7931 0.8621 0.0000 0.0000 0.0000
0.7931 0.8966 0.0000 0.0000 0.0000
0.7931 0.9310 0.0000 0.0000 0.0000
0.7931 0.9655 0.0000 0.0000 0.0000
0.7931 1.0000 0.0000 0.0000 0.0000

0.8276 0.0000 0.0000 0.0000 0.0000
0.8276 0.0345 0.044641 0.999003 0.037099
0.8276 0.0690 0.190107 0.981763 0.017423
0.8276 0.1034 0.867353 -0.497694 0.005728
0.8276 0.1379 0.278929 -0.960312 0.023750
0.8276 0.1724 0.0000 0.0000 0.0000
0.8276 0.2069 0.0000 0.0000 0.0000
0.8276 0.2414 0.0000 0.0000 0.0000
0.8276 0.2759 0.0000 0.0000 0.0000
0.8276 0.3103 0.0000 0.0000 0.0000
0.8276 0.3448 0.0000 0.0000 0.0000
0.8276 0.3793 0.0000 0.0000 0.0000
0.8276 0.4138 0.0000 0.0000 0.0000
0.8276 0.4483 0.0000 0.0000 0.0000
0.8276 0.4828 0.0000 0.0000 0.0000
0.8276 0.5172 0.0000 0.0000 0.0000
0.8276 0.5517 0.0000 0.0000 0.0000
0.8276 0.5862 0.0000 0.0000 0.0000
0.8276 0.6207 0.0000 0.0000 0.0000
0.8276 0.6552 0.0000 0.0000 0.0000
0.8276 0.6897 0.0000 0.0000 0.0000
0.8276 0.7241 0.0000 0.0000 0.0000
0.8276 0.7586 0.0000 0.0000 0.0000
0.8276 0.7931 0.0000 0.0000 0.0000
0.8276 0.8276 0.0000 0.0000 0.0000
0.8276 0.8621 0.0000 0.0000 0.0000
0.8276 0.8966 0.0000 0.0000 0.0000
0.8276 0.9310 0.0000 0.0000 0.0000
0.8276 0.9655 0.0000 0.0000 0.0000
0.8276 1.0000 0.0000 0.0000 0.0000

0.8621 0.0000 0.0000 0.0000 0.0000
0.8621 0.0345 0.075085 0.997177 0.026803
0.8621 0.0690 0.560995 0.827819 0.007175
0.8621 0.1034 0.376661 -0.926351 0.016029
0.8621 0.1379 0.220341 -0.975423 0.036534
0.8621 0.1724 0.0000 0.0000 0.0000
0.8621 0.2069 0.0000 0.0000 0.0000
0.8621 0.2414 0.0000 0.0000 0.0000
0.8621 0.2759 0.0000 0.0000 0.0000
0.8621 0.3103 0.0000 0.0000 0.0000
0.8621 0.3448 0.0000 0.0000 0.0000
0.8621 0.3793 0.0000 0.0000 0.0000
0.8621 0.4138 0.0000 0.0000 0.0000
0.8621 0.4483 0.0000 0.0000 0.0000
0.8621 0.4828 0.0000 0.0000 0.0000
0.8621 0.5172 0.0000 0.0000 0.0000
0.8621 0.5517 0.0000 0.0000 0.0000
0.8621 0.5862 0.0000 0.0000 0.0000
0.8621 0.6207 0.0000 0.0000 0.0000
0.8621 0.6552 0.0000 0.0000 0.0000
0.8621 0.6897 0.0000 0.0000 0.0000
0.8621 0.7241 0.0000 0.0000 0.0000
0.8621 0.7586 0.0000 0.0000 0.0000
0.8621 0.7931 0.0000 0.0000 0.0000
0.8621 0.8276 0.0000 0.0000 0.0000
0.8621 0.8621 0.0000 0.0000 0.0000
0.8621 0.8966 0.0000 0.0000 0.0000
0.8621 0.9310 0.0000 0.0000 0.0000
0.8621 0.9655 0.0000 0.0000 0.0000
0.8621 1.0000 0.0000 0.0000 0.0000

0.8966 0.0000 0.0000 0.0000 0.0000
0.8966 0.0345 0.151626 0.988438 0.015623
0.8966 0.0690 0.608597 -0.793479 0.007785
0.8966 0.1034 0.0000 0.0000 0.0000
0.8966 0.1379 0.0000 0.0000 0.0000
0.8966 0.1724 0.0000 0.0000 0.0000
0.8966 0.2069 0.0000 0.0000 0.0000
0.8966 0.2414 0.0000 0.0000 0.0000
0.8966 0.2759 0.0000 0.0000 0.0000
0.8966 0.3103 0.0000 0.0000 0.0000
0.8966 0.3448 0.0000 0.0000 0.0000
0.8966 0.3793 0.0000 0.0000 0.0000
0.8966 0.4138 0.0000 0.0000 0.0000
0.8966 0.4483 0.0000 0.0000 0.0000
0.8966 0.4828 0.0000 0.0000 0.0000
0.8966 0.5172 0.0000 0.0000 0.0000
0.8966 0.5517 0.0000 0.0000 0.0000
0.8966 0.5862 0.0000 0.0000 0.0000
0.8966 0.6207 0.0000 0.0000 0.0000
0.8966 0.6552 0.0000 0.0000 0.0000
0.8966 0.6897 0.0000 0.0000 0.0000
0.8966 0.7241 0.0000 0.0000 0.0000
0.8966 0.7586 0.0000 0.0000 0.0000
0.8966 0.7931 0.0000 0.0000 0.0000
0.8966 0.8276 0.0000 0.0000 0.0000
0.8966 0.8621 0.0000 0.0000 0.0000
0.8966 0.8966 0.0000 0.0000 0.0000
0.8966 0.9310 0.0000 0.0000 0.0000
0.8966 0.9655 0.0000 0.0000 0.0000
0.8966 1.0000 0.0000 0.0000 0.0000

0.9310 0.0000 0.0000 0.0000 0.0000
0.9310 0.0345 0.647516 0.762051 0.004209
0.9310 0.0690 0.272514 -0.962152 0.020001
0.9310 0.1034 0.0000 0.0000 0.0000
0.9310 0.1379 0.0000 0.0000 0.0000
0.9310 0.1724 0.0000 0.0000 0.0000
0.9310 0.2069 0.0000 0.0000 0.0000
0.9310 0.2414 0.0000 0.0000 0.0000
0.9310 0.2759 0.0000 0.0000 0.0000
0.9310 0.3103 0.0000 0.0000 0.0000
0.9310 0.3448 0.0000 0.0000 0.0000
0.9310 0.3793 0.0000 0.0000 0.0000
0.9310 0.4138 0.0000 0.0000 0.0000
0.9310 0.4483 0.0000 0.0000 0.0000
0.9310 0.4828 0.0000 0.0000 0.0000
0.9310 0.5172 0.0000 0.0000 0.0000
0.9310 0.5517 0.0000 0.0000 0.0000
0.9310 0.5862 0.0000 0.0000 0.0000
0.9310 0.6207 0.0000 0.0000 0.0000
0.9310 0.6552 0.0000 0.0000 0.0000
0.9310 0.6897 0.0000 0.0000 0.0000
0.9310 0.7241 0.0000 0.0000 0.0000
0.9310 0.7586 0.0000 0.0000 0.0000
0.9310 0.7931 0.0000 0.0000 0.0000
0.9310 0.8276 0.0000 0.0000 0.0000
0.9310 0.8621 0.0000 0.0000 0.0000
0.9310 0.8966 0.0000 0.0000 0.0000
0.9310 0.9310 0.0000 0.0000 0.0000
0.9310 0.9655 0.0000 0.0000 0.0000
0.9310 1.0000 0.0000 0.0000 0.0000

0.9655 0.0000 0.0000 0.0000 0.0000
0.9655 0.0345 0.0000 0.0000 0.0000
0.9655 0.0690 0.0000 0.0000 0.0000
0.9655 0.1034 0.0000 0.0000 0.0000
0.9655 0.1379 0.0000 0.0000 0.0000
0.9655 0.1724 0.0000 0.0000 0.0000
0.9655 0.2069 0.0000 0.0000 0.0000
0.9655 0.2414 0.0000 0.0000 0.0000
0.9655 0.2759 0.0000 0.0000 0.0000
0.9655 0.3103 0.0000 0.0000 0.0000
0.9655 0.3448 0.0000 0.0000 0.0000
0.9655 0.3793 0.0000 0.0000 0.0000
0.9655 0.4138 0.0000 0.0000 0.0000
0.9655 0.4483 0.0000 0.0000 0.0000
0.9655 0.4828 0.0000 0.0000 0.0000
0.9655 0.5172 0.0000 0.0000 0.0000
0.9655 0.5517 0.0000 0.0000 0.0000
0.9655 0.5862 0.0000 0.0000 0.0000
0.9655 0.6207 0.0000 0.0000 0.0000
0.9655 0.6552 0.0000 0.0000 0.0000
0.9655 0.6897 0.0000 0.0000 0.0000
0.9655 0.7241 0.0000 0.0000 0.0000
0.9655 0.7586 0.0000 0.0000 0.0000
0.9655 0.7931 0.0000 0.0000 0.0000
0.9655 0.8276 0.0000 0.0000 0.0000
0.9655 0.8621 0.0000 0.0000 0.0000
0.9655 0.8966 0.0000 0.0000 0.0000
0.9655 0.9310 0.0000 0.0000 0.0000
0.9655 0.9655 0.0000 0.0000 0.0000
0.9655 1.0000 0.0000 0.0000 0.0000

1.0000 0.0000 0.0000 0.0000 0.0000
1.0000 0.0345 0.0000 0.0000 0.0000
1.0000 0.0690 0.0000 0.0000 0.0000
1.0000 0.1034 0.0000 0.0000 0.0000
1.0000 0.1379 0.0000 0.0000 0.0000
1.0000 0.1724 0.0000 0.0000 0.0000
1.0000 0.2069 0.0000 0.0000 0.0000
1.0000 0.2414 0.0000 0.0000 0.0000
1.0000 0.2759 0.0000 0.0000 0.0000
1.0000 0.3103 0.0000 0.0000 0.0000
1.0000 0.3448 0.0000 0.0000 0.0000
1.0000 0.3793 0.0000 0.0000 0.0000
1.0000 0.4138 0.0000 0.0000 0.0000
1.0000 0.4483 0.0000 0.0000 0.0000
1.0000 0.4828 0.0000 0.0000 0.0000
1.0000 0.5172 0.0000 0.0000 0.0000
1.0000 0.5517 0.0000 0.0000 0.0000
1.0000 0.5862 0.0000 0.0000 0.0000
1.0000 0.6207 0.0000 0.0000 0.0000
1.0000 0.6552 0.0000 0.0000 0.0000
1.0000 0.6897 0.0000 0.0000 0.0000
1.0000 0.7241 0.0000 0.0000 0.0000
1.0000 0.7586 0.0000 0.0000 0.0000
1.0000 0.7931 0.0000 0.0000 0.0000
1.0000 0.8276 0.0000 0.0000 0.0000
1.0000 0.8621 0.0000 0.0000 0.0000
1.0000 0.8966 0.0000 0.0000 0.0000
1.0000 0.9310 0.0000 0.0000 0.0000
1.0000 0.9655 0.0000 0.0000 0.0000
1.0000 1.0000 0.0000 0.0000 0.0000

