Paso	Presa	Depredador	Hueco
0	997	4036	4967
1	1889	4010	4101
2	2646	4568	2786
3	2394	5633	1973
4	1595	6474	1931
5	1115	6493	2392
6	930	6179	2891
7	951	5698	3351
8	1190	5305	3505
9	1474	5168	3358
10	1720	5298	2982
11	1756	5571	2673
12	1581	5929	2490
13	1403	6062	2535
14	1280	6051	2669
15	1232	5883	2885
16	1219	5709	3072
17	1327	5579	3094
18	1368	5564	3068
19	1467	5603	2930
20	1476	5701	2823
21	1421	5721	2858
22	1370	5761	2869
23	1402	5743	2855
24	1350	5723	2927
25	1378	5695	2927
26	1437	5660	2903
27	1408	5731	2861
28	1373	5728	2899
29	1363	5722	2915
30	1375	5686	2939
31	1388	5684	2928
32	1483	5633	2884
33	1495	5688	2817
34	1410	5776	2814
35	1366	5805	2829
36	1309	5766	2925
37	1353	5684	2963
38	1350	5670	2980
39	1389	5659	2952
40	1435	5624	2941
41	1469	5651	2880
42	1405	5748	2847
43	1396	5756	2848
44	1402	5715	2883
45	1411	5765	2824
46	1374	5790	2836
47	1300	5745	2955
48	1317	5735	2948
49	1378	5719	2903
50	1416	5724	2860
51	1375	5793	2832
52	1354	5774	2872
53	1307	5763	2930
54	1371	5675	2954
55	1440	5655	2905
56	1507	5699	2794
57	1421	5845	2734
58	1357	5832	2811
59	1267	5827	2906
60	1280	5752	2968
61	1337	5682	2981
62	1365	5666	2969
63	1394	5616	2990
64	1423	5668	2909
65	1427	5725	2848
66	1393	5767	2840
67	1330	5780	2890
68	1352	5703	2945
69	1369	5702	2929
70	1406	5700	2894
71	1431	5703	2866
72	1377	5739	2884
73	1375	5747	2878
74	1380	5749	2871
75	1355	5736	2909
76	1380	5717	2903
77	1375	5718	2907
78	1379	5746	2875
79	1357	5806	2837
80	1347	5799	2854
81	1328	5758	2914
82	1336	5706	2958
83	1430	5658	2912
84	1445	5711	2844
85	1464	5727	2809
86	1407	5845	2748
87	1342	5835	2823
88	1327	5807	2866
89	1362	5716	2922
90	1400	5620	2980
91	1437	5662	2901
92	1408	5713	2879
93	1396	5792	2812
94	1300	5804	2896
95	1335	5701	2964
96	1352	5657	2991
97	1442	5611	2947
98	1486	5684	2830
99	1446	5795	2759
100	1352	5835	2813
101	1313	5816	2871
102	1370	5731	2899
103	1322	5767	2911
104	1359	5735	2906
105	1343	5677	2980
106	1454	5604	2942
107	1460	5655	2885
108	1466	5643	2891
109	1450	5709	2841
110	1431	5723	2846
111	1397	5741	2862
112	1351	5747	2902
113	1313	5734	2953
114	1325	5666	3009
115	1392	5599	3009
116	1440	5591	2969
117	1438	5672	2890
118	1506	5784	2710
119	1447	5813	2740
120	1416	5816	2768
121	1289	5797	2914
122	1284	5728	2988
123	1312	5713	2975
124	1333	5668	2999
125	1416	5639	2945
126	1406	5643	2951
127	1411	5729	2860
128	1361	5782	2857
129	1338	5764	2898
130	1343	5739	2918
131	1410	5695	2895
132	1441	5695	2864
133	1403	5740	2857
134	1398	5763	2839
135	1382	5792	2826
136	1321	5788	2891
137	1351	5661	2988
138	1395	5618	2987
139	1453	5657	2890
140	1388	5730	2882
141	1373	5706	2921
142	1365	5642	2993
143	1411	5662	2927
144	1459	5679	2862
145	1364	5728	2908
146	1333	5778	2889
147	1316	5748	2936
148	1334	5691	2975
149	1394	5577	3029
150	1455	5551	2994
151	1446	5598	2956
152	1465	5663	2872
153	1464	5677	2859
154	1415	5762	2823
155	1371	5801	2828
156	1335	5780	2885
157	1379	5744	2877
158	1328	5733	2939
159	1339	5715	2946
160	1399	5630	2971
161	1383	5707	2910
162	1412	5735	2853
163	1395	5740	2865
164	1381	5748	2871
165	1364	5766	2870
166	1354	5730	2916
167	1427	5711	2862
168	1372	5704	2924
169	1405	5722	2873
170	1358	5761	2881
171	1363	5750	2887
172	1338	5746	2916
173	1364	5685	2951
174	1417	5652	2931
175	1418	5663	2919
176	1415	5693	2892
177	1441	5720	2839
178	1363	5773	2864
179	1364	5696	2940
180	1388	5700	2912
181	1438	5751	2811
182	1386	5813	2801
183	1390	5789	2821
184	1356	5832	2812
185	1323	5789	2888
186	1336	5728	2936
187	1354	5710	2936
188	1370	5694	2936
189	1386	5673	2941
190	1472	5695	2833
191	1462	5653	2885
192	1419	5683	2898
193	1417	5718	2865
194	1397	5784	2819
195	1307	5768	2925
196	1332	5801	2867
197	1296	5776	2928
198	1279	5682	3039
199	1331	5638	3031
200	1353	5584	3063
201	1461	5569	2970
202	1530	5565	2905
203	1530	5665	2805
204	1445	5758	2797
205	1366	5816	2818
206	1318	5754	2928
207	1366	5654	2980
208	1384	5672	2944
209	1381	5685	2934
210	1373	5680	2947
211	1407	5705	2888
212	1391	5755	2854
213	1346	5791	2863
214	1303	5739	2958
215	1311	5630	3059
216	1329	5623	3048
217	1414	5588	2998
218	1446	5653	2901
219	1410	5719	2871
220	1342	5769	2889
221	1349	5718	2933
222	1413	5639	2948
223	1416	5727	2857
224	1352	5692	2956
225	1371	5660	2969
226	1408	5648	2944
227	1425	5681	2894
228	1315	5776	2909
229	1300	5803	2897
230	1301	5716	2983
231	1356	5606	3038
232	1420	5581	2999
233	1473	5639	2888
234	1471	5775	2754
235	1398	5836	2766
236	1325	5815	2860
237	1323	5722	2955
238	1337	5706	2957
239	1348	5684	2968
240	1363	5669	2968
241	1369	5686	2945
242	1383	5640	2977
243	1403	5667	2930
244	1399	5680	2921
245	1458	5686	2856
246	1409	5762	2829
247	1350	5778	2872
248	1380	5758	2862
249	1308	5761	2931
250	1362	5631	3007
251	1378	5664	2958
252	1409	5693	2898
253	1422	5706	2872
254	1445	5695	2860
255	1396	5702	2902
256	1420	5691	2889
257	1467	5720	2813
258	1401	5795	2804
259	1391	5797	2812
260	1353	5763	2884
261	1373	5761	2866
262	1396	5706	2898
263	1440	5739	2821
264	1420	5799	2781
265	1429	5824	2747
266	1403	5833	2764
267	1305	5849	2846
268	1291	5771	2938
269	1336	5689	2975
270	1412	5650	2938
271	1438	5682	2880
272	1386	5712	2902
273	1393	5626	2981
274	1450	5599	2951
275	1508	5670	2822
276	1447	5788	2765
277	1351	5863	2786
278	1299	5805	2896
279	1255	5726	3019
280	1324	5656	3020
281	1380	5591	3029
282	1446	5643	2911
283	1420	5753	2827
284	1371	5800	2829
285	1370	5753	2877
286	1361	5721	2918
287	1325	5745	2930
288	1341	5686	2973
289	1422	5649	2929
290	1422	5700	2878
291	1402	5781	2817
292	1308	5804	2888
293	1307	5750	2943
294	1399	5672	2929
295	1408	5689	2903
296	1397	5708	2895
297	1378	5712	2910
298	1353	5672	2975
299	1411	5661	2928
300	1419	5667	2914
301	1470	5713	2817
302	1390	5792	2818
303	1394	5779	2827
304	1352	5694	2954
305	1394	5609	2997
306	1444	5611	2945
307	1484	5684	2832
308	1410	5808	2782
309	1371	5804	2825
310	1328	5784	2888
311	1369	5706	2925
312	1385	5733	2882
313	1392	5661	2947
314	1422	5646	2932
315	1420	5688	2892
316	1345	5736	2919
317	1325	5719	2956
318	1346	5652	3002
319	1428	5594	2978
320	1454	5670	2876
321	1457	5753	2790
322	1356	5820	2824
323	1353	5756	2891
324	1361	5712	2927
325	1365	5702	2933
326	1391	5783	2826
327	1373	5766	2861
328	1363	5727	2910
329	1357	5719	2924
330	1366	5698	2936
331	1397	5727	2876
332	1382	5742	2876
333	1418	5685	2897
334	1393	5690	2917
335	1429	5681	2890
336	1450	5722	2828
337	1354	5773	2873
338	1305	5693	3002
339	1319	5621	3060
340	1435	5570	2995
341	1478	5627	2895
342	1457	5737	2806
343	1383	5832	2785
344	1327	5760	2913
345	1374	5692	2934
346	1338	5701	2961
347	1372	5676	2952
348	1405	5741	2854
349	1385	5759	2856
350	1349	5770	2881
351	1373	5762	2865
352	1337	5694	2969
353	1331	5664	3005
354	1342	5643	3015
355	1411	5637	2952
356	1387	5725	2888
357	1384	5726	2890
358	1366	5758	2876
359	1302	5740	2958
360	1304	5694	3002
361	1391	5600	3009
362	1452	5587	2961
363	1456	5643	2901
364	1504	5666	2830
365	1427	5727	2846
366	1396	5746	2858
367	1360	5727	2913
368	1378	5667	2955
369	1431	5667	2902
370	1417	5693	2890
371	1416	5671	2913
372	1473	5690	2837
373	1431	5788	2781
374	1348	5773	2879
375	1389	5717	2894
376	1358	5707	2935
377	1364	5663	2973
378	1416	5652	2932
379	1444	5691	2865
380	1448	5701	2851
381	1344	5813	2843
382	1338	5753	2909
383	1425	5686	2889
384	1455	5687	2858
385	1420	5730	2850
386	1413	5789	2798
387	1368	5823	2809
388	1294	5737	2969
389	1321	5600	3079
390	1456	5501	3043
391	1505	5631	2864
392	1472	5744	2784
393	1329	5841	2830
394	1337	5755	2908
395	1364	5747	2889
396	1337	5723	2940
397	1340	5621	3039
398	1425	5609	2966
399	1435	5664	2901
400	1440	5689	2871
401	1413	5776	2811
402	1386	5792	2822
403	1360	5742	2898
404	1339	5691	2970
405	1360	5624	3016
406	1388	5593	3019
407	1486	5581	2933
408	1438	5685	2877
409	1421	5663	2916
410	1419	5720	2861
411	1395	5742	2863
412	1374	5762	2864
413	1390	5788	2822
414	1393	5809	2798
415	1329	5838	2833
416	1327	5706	2967
417	1312	5638	3050
418	1466	5620	2914
419	1520	5681	2799
420	1411	5801	2788
421	1371	5754	2875
422	1394	5720	2886
423	1405	5648	2947
424	1437	5715	2848
425	1388	5772	2840
426	1322	5777	2901
427	1277	5707	3016
428	1285	5620	3095
429	1373	5551	3076
430	1471	5623	2906
431	1452	5643	2905
432	1498	5712	2790
433	1412	5779	2809
434	1383	5786	2831
435	1365	5744	2891
436	1351	5751	2898
437	1355	5739	2906
438	1407	5719	2874
439	1443	5698	2859
440	1435	5765	2800
441	1427	5853	2720
442	1302	5894	2804
443	1272	5851	2877
444	1273	5746	2981
445	1327	5638	3035
446	1389	5632	2979
447	1397	5616	2987
448	1413	5650	2937
449	1378	5648	2974
450	1410	5645	2945
451	1424	5669	2907
452	1377	5735	2888
453	1362	5720	2918
454	1431	5711	2858
455	1366	5782	2852
456	1413	5730	2857
457	1357	5752	2891
458	1336	5794	2870
459	1369	5705	2926
460	1350	5705	2945
461	1345	5651	3004
462	1352	5649	2999
463	1379	5592	3029
464	1451	5613	2936
465	1445	5758	2797
466	1395	5806	2799
467	1384	5774	2842
468	1362	5773	2865
469	1323	5692	2985
470	1392	5589	3019
471	1417	5616	2967
472	1423	5699	2878
473	1454	5735	2811
474	1421	5797	2782
475	1341	5775	2884
476	1318	5709	2973
477	1407	5697	2896
478	1370	5773	2857
479	1343	5770	2887
480	1368	5740	2892
481	1418	5680	2902
482	1418	5712	2870
483	1427	5750	2823
484	1409	5718	2873
485	1431	5651	2918
486	1390	5730	2880
487	1275	5802	2923
488	1281	5733	2986
489	1309	5660	3031
490	1339	5625	3036
491	1497	5623	2880
492	1512	5732	2756
493	1369	5888	2743
494	1229	5830	2941
495	1228	5727	3045
496	1321	5611	3068
497	1388	5578	3034
498	1473	5607	2920
499	1485	5674	2841
500	1421	5744	2835
