Paso	Presa	Depredador	Hueco
0	981	4013	5006
1	1058	3372	5570
2	1094	2815	6091
3	1166	2321	6513
4	1225	1891	6884
5	1282	1590	7128
6	1330	1305	7365
7	1360	1079	7561
8	1391	905	7704
9	1453	763	7784
10	1479	653	7868
11	1501	574	7925
12	1551	477	7972
13	1594	410	7996
14	1632	345	8023
15	1682	320	7998
16	1730	279	7991
17	1766	245	7989
18	1801	215	7984
19	1842	204	7954
20	1881	175	7944
21	1907	163	7930
22	1937	144	7919
23	1961	139	7900
24	1994	128	7878
25	2022	116	7862
26	2048	104	7848
27	2075	99	7826
28	2106	95	7799
29	2130	96	7774
30	2150	92	7758
31	2165	82	7753
32	2184	71	7745
33	2218	61	7721
34	2238	65	7697
35	2253	62	7685
36	2268	65	7667
37	2268	68	7664
38	2276	68	7656
39	2286	67	7647
40	2293	57	7650
41	2312	52	7636
42	2331	50	7619
43	2349	47	7604
44	2369	46	7585
45	2379	49	7572
46	2383	48	7569
47	2394	46	7560
48	2410	46	7544
49	2415	40	7545
50	2429	42	7529
51	2438	39	7523
52	2441	42	7517
53	2452	39	7509
54	2462	39	7499
55	2476	38	7486
56	2486	36	7478
57	2496	37	7467
58	2504	36	7460
59	2511	34	7455
60	2518	31	7451
61	2524	30	7446
62	2528	32	7440
63	2526	34	7440
64	2524	40	7436
65	2525	37	7438
66	2527	36	7437
67	2528	32	7440
68	2529	31	7440
69	2522	36	7442
70	2522	38	7440
71	2524	42	7434
72	2528	39	7433
73	2526	39	7435
74	2523	37	7440
75	2518	38	7444
76	2509	41	7450
77	2509	40	7451
78	2515	32	7453
79	2521	25	7454
80	2524	25	7451
81	2529	23	7448
82	2528	27	7445
83	2539	26	7435
84	2549	22	7429
85	2553	22	7425
86	2555	25	7420
87	2555	29	7416
88	2555	28	7417
89	2559	27	7414
90	2561	24	7415
91	2563	25	7412
92	2563	19	7418
93	2565	17	7418
94	2572	16	7412
95	2577	13	7410
96	2582	11	7407
97	2583	13	7404
98	2582	16	7402
99	2579	20	7401
100	2580	20	7400
101	2580	19	7401
102	2581	20	7399
103	2577	21	7402
104	2577	19	7404
105	2569	24	7407
106	2571	19	7410
107	2573	20	7407
108	2573	22	7405
109	2573	23	7404
110	2571	25	7404
111	2570	25	7405
112	2570	24	7406
113	2568	25	7407
114	2565	25	7410
115	2560	24	7416
116	2558	25	7417
117	2556	28	7416
118	2559	28	7413
119	2556	24	7420
120	2552	25	7423
121	2548	28	7424
122	2544	28	7428
123	2543	24	7433
124	2547	22	7431
125	2551	24	7425
126	2551	24	7425
127	2551	25	7424
128	2553	20	7427
129	2554	21	7425
130	2552	19	7429
131	2553	18	7429
132	2552	18	7430
133	2556	13	7431
134	2563	9	7428
135	2563	10	7427
136	2564	7	7429
137	2567	5	7428
138	2571	5	7424
139	2572	6	7422
140	2578	5	7417
141	2580	6	7414
142	2584	6	7410
143	2587	6	7407
144	2589	6	7405
145	2589	7	7404
146	2589	8	7403
147	2591	7	7402
148	2591	6	7403
149	2593	6	7401
150	2593	6	7401
151	2593	6	7401
152	2592	7	7401
153	2590	10	7400
154	2590	8	7402
155	2592	9	7399
156	2592	7	7401
157	2594	6	7400
158	2598	7	7395
159	2600	10	7390
160	2601	10	7389
161	2601	8	7391
162	2605	4	7391
163	2609	4	7387
164	2609	5	7386
165	2609	5	7386
166	2610	5	7385
167	2610	4	7386
168	2611	4	7385
169	2610	4	7386
170	2608	5	7387
171	2606	6	7388
172	2605	5	7390
173	2605	5	7390
174	2604	7	7389
175	2601	10	7389
176	2597	13	7390
177	2597	12	7391
178	2596	11	7393
179	2595	8	7397
180	2595	8	7397
181	2595	7	7398
182	2593	7	7400
183	2593	8	7399
184	2594	8	7398
185	2596	7	7397
186	2595	9	7396
187	2598	9	7393
188	2595	12	7393
189	2592	13	7395
190	2592	14	7394
191	2594	14	7392
192	2593	14	7393
193	2593	12	7395
194	2595	9	7396
195	2593	10	7397
196	2593	9	7398
197	2591	6	7403
198	2591	6	7403
199	2594	7	7399
200	2595	6	7399
201	2596	6	7398
202	2595	5	7400
203	2597	3	7400
204	2598	3	7399
205	2597	4	7399
206	2599	3	7398
207	2600	4	7396
208	2602	4	7394
209	2602	4	7394
210	2601	5	7394
211	2601	5	7394
212	2600	5	7395
213	2600	5	7395
214	2600	5	7395
215	2600	4	7396
216	2600	3	7397
217	2603	3	7394
218	2602	3	7395
219	2603	3	7394
220	2605	3	7392
221	2607	4	7389
222	2608	5	7387
223	2609	4	7387
224	2610	3	7387
225	2611	2	7387
226	2611	4	7385
227	2611	4	7385
228	2611	4	7385
229	2610	5	7385
230	2609	6	7385
231	2607	8	7385
232	2607	7	7386
233	2605	8	7387
234	2604	8	7388
235	2603	8	7389
236	2602	7	7391
237	2601	8	7391
238	2599	8	7393
239	2598	10	7392
240	2600	8	7392
241	2600	8	7392
242	2600	5	7395
243	2603	6	7391
244	2603	5	7392
245	2603	6	7391
246	2603	6	7391
247	2605	4	7391
248	2605	4	7391
249	2605	3	7392
250	2605	4	7391
251	2606	4	7390
252	2605	4	7391
253	2604	5	7391
254	2602	7	7391
255	2599	9	7392
256	2597	10	7393
257	2596	11	7393
258	2595	10	7395
259	2593	10	7397
260	2589	12	7399
261	2587	11	7402
262	2585	11	7404
263	2586	9	7405
264	2587	7	7406
265	2586	10	7404
266	2582	13	7405
267	2581	11	7408
268	2580	14	7406
269	2581	10	7409
270	2584	8	7408
271	2582	8	7410
272	2582	10	7408
273	2584	11	7405
274	2586	9	7405
275	2587	8	7405
276	2587	11	7402
277	2585	12	7403
278	2583	12	7405
279	2582	12	7406
280	2583	10	7407
281	2581	11	7408
282	2582	11	7407
283	2580	13	7407
284	2579	13	7408
285	2580	10	7410
286	2582	8	7410
287	2581	11	7408
288	2586	11	7403
289	2584	16	7400
290	2580	15	7405
291	2587	11	7402
292	2592	11	7397
293	2595	11	7394
294	2596	9	7395
295	2595	10	7395
296	2596	11	7393
297	2597	11	7392
298	2595	12	7393
299	2594	14	7392
300	2590	14	7396
301	2586	14	7400
302	2584	14	7402
303	2579	21	7400
304	2578	22	7400
305	2577	23	7400
306	2571	27	7402
307	2569	25	7406
308	2564	27	7409
309	2560	27	7413
310	2560	25	7415
311	2560	22	7418
312	2558	25	7417
313	2557	27	7416
314	2556	27	7417
315	2556	28	7416
316	2554	26	7420
317	2552	28	7420
318	2550	24	7426
319	2550	22	7428
320	2547	21	7432
321	2546	21	7433
322	2548	19	7433
323	2552	15	7433
324	2555	14	7431
325	2554	16	7430
326	2553	19	7428
327	2556	21	7423
328	2554	25	7421
329	2553	26	7421
330	2556	22	7422
331	2559	22	7419
332	2554	25	7421
333	2552	25	7423
334	2551	25	7424
335	2552	24	7424
336	2552	27	7421
337	2554	27	7419
338	2558	26	7416
339	2554	27	7419
340	2558	21	7421
341	2560	22	7418
342	2560	24	7416
343	2560	24	7416
344	2564	22	7414
345	2573	20	7407
346	2576	17	7407
347	2578	20	7402
348	2580	19	7401
349	2582	14	7404
350	2584	11	7405
351	2590	10	7400
352	2592	11	7397
353	2592	10	7398
354	2592	10	7398
355	2592	11	7397
356	2594	10	7396
357	2593	11	7396
358	2591	15	7394
359	2586	21	7393
360	2587	19	7394
361	2585	20	7395
362	2583	15	7402
363	2582	17	7401
364	2578	17	7405
365	2580	15	7405
366	2581	15	7404
367	2581	16	7403
368	2576	17	7407
369	2575	18	7407
370	2575	17	7408
371	2571	18	7411
372	2567	21	7412
373	2565	22	7413
374	2567	20	7413
375	2566	17	7417
376	2565	14	7421
377	2565	10	7425
378	2569	8	7423
379	2572	8	7420
380	2574	7	7419
381	2576	9	7415
382	2577	9	7414
383	2578	9	7413
384	2577	12	7411
385	2577	14	7409
386	2578	11	7411
387	2583	9	7408
388	2583	12	7405
389	2584	12	7404
390	2587	12	7401
391	2583	17	7400
392	2580	19	7401
393	2579	21	7400
394	2575	18	7407
395	2574	21	7405
396	2578	20	7402
397	2577	23	7400
398	2576	26	7398
399	2575	23	7402
400	2576	21	7403
401	2575	20	7405
402	2578	22	7400
403	2574	24	7402
404	2575	25	7400
405	2578	22	7400
406	2576	22	7402
407	2579	19	7402
408	2585	13	7402
409	2590	10	7400
410	2592	9	7399
411	2596	9	7395
412	2594	9	7397
413	2594	10	7396
414	2595	10	7395
415	2594	11	7395
416	2592	11	7397
417	2592	9	7399
418	2591	10	7399
419	2590	10	7400
420	2589	12	7399
421	2586	14	7400
422	2586	14	7400
423	2586	12	7402
424	2586	13	7401
425	2585	16	7399
426	2585	14	7401
427	2586	13	7401
428	2586	14	7400
429	2582	18	7400
430	2582	17	7401
431	2580	15	7405
432	2574	18	7408
433	2573	17	7410
434	2572	16	7412
435	2570	17	7413
436	2568	14	7418
437	2568	15	7417
438	2568	16	7416
439	2568	17	7415
440	2568	12	7420
441	2571	11	7418
442	2572	11	7417
443	2569	14	7417
444	2569	16	7415
445	2569	14	7417
446	2568	14	7418
447	2567	12	7421
448	2567	8	7425
449	2568	6	7426
450	2567	6	7427
451	2569	5	7426
452	2571	6	7423
453	2571	7	7422
454	2572	6	7422
455	2574	6	7420
456	2577	7	7416
457	2584	6	7410
458	2588	6	7406
459	2591	8	7401
460	2591	7	7402
461	2592	8	7400
462	2594	5	7401
463	2596	4	7400
464	2599	3	7398
465	2599	4	7397
466	2598	4	7398
467	2596	4	7400
468	2597	5	7398
469	2597	4	7399
470	2596	5	7399
471	2597	3	7400
472	2596	5	7399
473	2597	5	7398
474	2598	4	7398
475	2598	4	7398
476	2598	4	7398
477	2599	4	7397
478	2602	3	7395
479	2603	4	7393
480	2604	4	7392
481	2603	6	7391
482	2601	7	7392
483	2601	7	7392
484	2602	6	7392
485	2601	7	7392
486	2603	6	7391
487	2602	7	7391
488	2599	10	7391
489	2599	10	7391
490	2600	8	7392
491	2597	10	7393
492	2597	10	7393
493	2596	11	7393
494	2597	12	7391
495	2597	11	7392
496	2599	10	7391
497	2604	9	7387
498	2602	9	7389
499	2601	10	7389
500	2603	6	7391
