0.0000 0.0000 0.0000 0.0000 0.0000
0.0000 0.0345 0.0000 0.0000 0.0000
0.0000 0.0690 0.0000 0.0000 0.0000
0.0000 0.1034 0.0000 0.0000 0.0000
0.0000 0.1379 0.0000 0.0000 0.0000
0.0000 0.1724 0.0000 0.0000 0.0000
0.0000 0.2069 0.0000 0.0000 0.0000
0.0000 0.2414 0.0000 0.0000 0.0000
0.0000 0.2759 0.0000 0.0000 0.0000
0.0000 0.3103 0.0000 0.0000 0.0000
0.0000 0.3448 0.0000 0.0000 0.0000
0.0000 0.3793 0.0000 0.0000 0.0000
0.0000 0.4138 0.0000 0.0000 0.0000
0.0000 0.4483 0.0000 0.0000 0.0000
0.0000 0.4828 0.0000 0.0000 0.0000
0.0000 0.5172 0.0000 0.0000 0.0000
0.0000 0.5517 0.0000 0.0000 0.0000
0.0000 0.5862 0.0000 0.0000 0.0000
0.0000 0.6207 0.0000 0.0000 0.0000
0.0000 0.6552 0.0000 0.0000 0.0000
0.0000 0.6897 0.0000 0.0000 0.0000
0.0000 0.7241 0.0000 0.0000 0.0000
0.0000 0.7586 0.0000 0.0000 0.0000
0.0000 0.7931 0.0000 0.0000 0.0000
0.0000 0.8276 0.0000 0.0000 0.0000
0.0000 0.8621 0.0000 0.0000 0.0000
0.0000 0.8966 0.0000 0.0000 0.0000
0.0000 0.9310 0.0000 0.0000 0.0000
0.0000 0.9655 0.0000 0.0000 0.0000
0.0000 1.0000 0.0000 0.0000 0.0000

0.0345 0.0000 0.0000 0.0000 0.0000
0.0345 0.0345 -0.240360 0.970684 0.025724
0.0345 0.0690 -0.468716 0.883349 0.026383
0.0345 0.1034 -0.650791 0.759257 0.028503
0.0345 0.1379 -0.777941 0.628337 0.031792
0.0345 0.1724 -0.860399 0.509621 0.035932
0.0345 0.2069 -0.912359 0.409392 0.040662
0.0345 0.2414 -0.944986 0.327111 0.045802
0.0345 0.2759 -0.965616 0.259973 0.051226
0.0345 0.3103 -0.978771 0.204956 0.056855
0.0345 0.3448 -0.987203 0.159471 0.062633
0.0345 0.3793 -0.992595 0.121471 0.068522
0.0345 0.4138 -0.995997 0.089384 0.074496
0.0345 0.4483 -0.998075 0.062011 0.080535
0.0345 0.4828 -0.999261 0.038433 0.086628
0.0345 0.5172 -0.999839 0.017946 0.092762
0.0345 0.5517 -1.000000 0.000000 0.098930
0.0345 0.5862 -0.999875 -0.015835 0.105126
0.0345 0.6207 -0.999553 -0.029901 0.111346
0.0345 0.6552 -0.999098 -0.042472 0.117585
0.0345 0.6897 -0.998553 -0.053768 0.123841
0.0345 0.7241 -0.997952 -0.063971 0.130112
0.0345 0.7586 -0.997315 -0.073229 0.136395
0.0345 0.7931 -0.996660 -0.081666 0.142688
0.0345 0.8276 -0.995997 -0.089384 0.148991
0.0345 0.8621 -0.995336 -0.096471 0.155302
0.0345 0.8966 -0.994681 -0.103000 0.161621
0.0345 0.9310 -0.994038 -0.109033 0.167945
0.0345 0.9655 0.0000 0.0000 0.0000
0.0345 1.0000 0.0000 0.0000 0.0000

0.0690 0.0000 0.0000 0.0000 0.0000
0.0690 0.0345 -0.113130 0.993580 0.048348
0.0690 0.0690 -0.237670 0.971346 0.046028
0.0690 0.1034 -0.368626 0.929578 0.044514
0.0690 0.1379 -0.498471 0.866906 0.043892
0.0690 0.1724 -0.618772 0.785571 0.044198
0.0690 0.2069 -0.722642 0.691223 0.045414
0.0690 0.2414 -0.806564 0.591146 0.047470
0.0690 0.2759 -0.870563 0.492057 0.050263
0.0690 0.3103 -0.917070 0.398726 0.053679
0.0690 0.3448 -0.949506 0.313750 0.057606
0.0690 0.3793 -0.971261 0.238017 0.061947
0.0690 0.4138 -0.985212 0.171341 0.066621
0.0690 0.4483 -0.993597 0.112984 0.071564
0.0690 0.4828 -0.998077 0.061992 0.076723
0.0690 0.5172 -0.999849 0.017389 0.082058
0.0690 0.5517 -0.999764 -0.021734 0.087536
0.0690 0.5862 -0.998421 -0.056177 0.093132
0.0690 0.6207 -0.996241 -0.086630 0.098826
0.0690 0.6552 -0.993518 -0.113675 0.104602
0.0690 0.6897 -0.990460 -0.137803 0.110447
0.0690 0.7241 -0.987210 -0.159425 0.116351
0.0690 0.7586 -0.983870 -0.178885 0.122306
0.0690 0.7931 -0.980509 -0.196473 0.128303
0.0690 0.8276 -0.977176 -0.212430 0.134338
0.0690 0.8621 -0.973904 -0.226962 0.140406
0.0690 0.8966 -0.970713 -0.240243 0.146502
0.0690 0.9310 0.0000 0.0000 0.0000
0.0690 0.9655 0.0000 0.0000 0.0000
0.0690 1.0000 0.0000 0.0000 0.0000

0.1034 0.0000 0.0000 0.0000 0.0000
0.1034 0.0345 -0.068567 0.997647 0.069367
0.1034 0.0690 -0.146549 0.989203 0.064910
0.1034 0.1034 -0.234259 0.972174 0.060910
0.1034 0.1379 -0.331088 0.943600 0.057462
0.1034 0.1724 -0.434992 0.900434 0.054670
0.1034 0.2069 -0.542127 0.840297 0.052640
0.1034 0.2414 -0.646977 0.762509 0.051460
0.1034 0.2759 -0.743294 0.668965 0.051191
0.1034 0.3103 -0.825645 0.564191 0.051846
0.1034 0.3448 -0.890835 0.454326 0.053391
0.1034 0.3793 -0.938416 0.345508 0.055752
0.1034 0.4138 -0.970142 0.242536 0.058831
0.1034 0.4483 -0.988936 0.148340 0.062523
0.1034 0.4828 -0.997940 0.064153 0.066725
0.1034 0.5172 -0.999950 -0.010000 0.071347
0.1034 0.5517 -0.997199 -0.074790 0.076314
0.1034 0.5862 -0.991355 -0.131209 0.081561
0.1034 0.6207 -0.983607 -0.180328 0.087039
0.1034 0.6552 -0.974779 -0.223173 0.092707
0.1034 0.6897 -0.965429 -0.260666 0.098531
0.1034 0.7241 -0.955927 -0.293606 0.104486
0.1034 0.7586 -0.946510 -0.322674 0.110551
0.1034 0.7931 -0.937330 -0.348442 0.116708
0.1034 0.8276 -0.928477 -0.371391 0.122943
0.1034 0.8621 -0.919999 -0.391920 0.129246
0.1034 0.8966 0.0000 0.0000 0.0000
0.1034 0.9310 0.0000 0.0000 0.0000
0.1034 0.9655 0.0000 0.0000 0.0000
0.1034 1.0000 0.0000 0.0000 0.0000

0.1379 0.0000 0.0000 0.0000 0.0000
0.1379 0.0345 -0.045651 0.998957 0.088558
0.1379 0.0690 -0.098358 0.995151 0.082206
0.1379 0.1034 -0.159331 0.987225 0.076121
0.1379 0.1379 -0.229793 0.973240 0.070373
0.1379 0.1724 -0.310739 0.950495 0.065052
0.1379 0.2069 -0.402474 0.915431 0.060269
0.1379 0.2414 -0.503871 0.863779 0.056164
0.1379 0.2759 -0.611447 0.791285 0.052895
0.1379 0.3103 -0.718754 0.695265 0.050623
0.1379 0.3448 -0.816968 0.576683 0.049485
0.1379 0.3793 -0.897288 0.441446 0.049561
0.1379 0.4138 -0.954146 0.299340 0.050845
0.1379 0.4483 -0.986991 0.160777 0.053249
0.1379 0.4828 -0.999436 0.033594 0.056631
0.1379 0.5172 -0.996938 -0.078191 0.060828
0.1379 0.5517 -0.984784 -0.173785 0.065684
0.1379 0.5862 -0.967118 -0.254329 0.071064
0.1379 0.6207 -0.946810 -0.321792 0.076859
0.1379 0.6552 -0.925684 -0.378298 0.082980
0.1379 0.6897 -0.904819 -0.425797 0.089362
0.1379 0.7241 -0.884811 -0.465951 0.095952
0.1379 0.7586 -0.865954 -0.500123 0.102710
0.1379 0.7931 -0.848364 -0.529414 0.109605
0.1379 0.8276 -0.832050 -0.554700 0.116612
0.1379 0.8621 0.0000 0.0000 0.0000
0.1379 0.8966 0.0000 0.0000 0.0000
0.1379 0.9310 0.0000 0.0000 0.0000
0.1379 0.9655 0.0000 0.0000 0.0000
0.1379 1.0000 0.0000 0.0000 0.0000

0.1724 0.0000 0.0000 0.0000 0.0000
0.1724 0.0345 -0.031445 0.999505 0.105879
0.1724 0.0690 -0.068134 0.997676 0.097730
0.1724 0.1034 -0.111304 0.993786 0.089737
0.1724 0.1379 -0.162516 0.986706 0.081946
0.1724 0.1724 -0.223692 0.974660 0.074418
0.1724 0.2069 -0.297067 0.954857 0.067245
0.1724 0.2414 -0.384894 0.922961 0.060551
0.1724 0.2759 -0.488603 0.872506 0.054512
0.1724 0.3103 -0.606914 0.794768 0.049372
0.1724 0.3448 -0.732793 0.680451 0.045434
0.1724 0.3793 -0.851089 0.525022 0.043031
0.1724 0.4138 -0.941742 0.336336 0.042424
0.1724 0.4483 -0.990697 0.136085 0.043688
0.1724 0.4828 -0.998701 -0.050954 0.046672
0.1724 0.5172 -0.977802 -0.209529 0.051074
0.1724 0.5517 -0.941742 -0.336336 0.056565
0.1724 0.5862 -0.900398 -0.435066 0.062860
0.1724 0.6207 -0.859293 -0.511484 0.069742
0.1724 0.6552 -0.820968 -0.570974 0.077053
0.1724 0.6897 -0.786318 -0.617822 0.084682
0.1724 0.7241 -0.755435 -0.655224 0.092552
0.1724 0.7586 -0.728061 -0.685512 0.100604
0.1724 0.7931 -0.703821 -0.710378 0.108800
0.1724 0.8276 0.0000 0.0000 0.0000
0.1724 0.8621 0.0000 0.0000 0.0000
0.1724 0.8966 0.0000 0.0000 0.0000
0.1724 0.9310 0.0000 0.0000 0.0000
0.1724 0.9655 0.0000 0.0000 0.0000
0.1724 1.0000 0.0000 0.0000 0.0000

0.2069 0.0000 0.0000 0.0000 0.0000
0.2069 0.0345 -0.021564 0.999767 0.121312
0.2069 0.0690 -0.046957 0.998897 0.111419
0.2069 0.1034 -0.077233 0.997013 0.101611
0.2069 0.1379 -0.113838 0.993499 0.091917
0.2069 0.1724 -0.158779 0.987314 0.082377
0.2069 0.2069 -0.214862 0.976644 0.073050
0.2069 0.2414 -0.285985 0.958234 0.064030
0.2069 0.2759 -0.377297 0.926092 0.055467
0.2069 0.3103 -0.494524 0.869164 0.047608
0.2069 0.3448 -0.640184 0.768221 0.040862
0.2069 0.3793 -0.802381 0.596812 0.035862
0.2069 0.4138 -0.939793 0.341743 0.033402
0.2069 0.4483 -0.999121 0.041921 0.034037
0.2069 0.4828 -0.973748 -0.227629 0.037610
0.2069 0.5172 -0.904072 -0.427380 0.043403
0.2069 0.5517 -0.826227 -0.563337 0.050658
0.2069 0.5862 -0.755822 -0.654777 0.058838
0.2069 0.6207 -0.696475 -0.717581 0.067607
0.2069 0.6552 -0.647469 -0.762092 0.076765
0.2069 0.6897 -0.607040 -0.794671 0.086186
0.2069 0.7241 -0.573462 -0.819232 0.095795
0.2069 0.7586 -0.545305 -0.838238 0.105538
0.2069 0.7931 0.0000 0.0000 0.0000
0.2069 0.8276 0.0000 0.0000 0.0000
0.2069 0.8621 0.0000 0.0000 0.0000
0.2069 0.8966 0.0000 0.0000 0.0000
0.2069 0.9310 0.0000 0.0000 0.0000
0.2069 0.9655 0.0000 0.0000 0.0000
0.2069 1.0000 0.0000 0.0000 0.0000

0.2414 0.0000 0.0000 0.0000 0.0000
0.2414 0.0345 -0.014108 0.999900 0.134853
0.2414 0.0690 -0.030873 0.999523 0.123245
0.2414 0.1034 -0.051106 0.998693 0.111680
0.2414 0.1379 -0.075970 0.997110 0.100171
0.2414 0.1724 -0.107195 0.994238 0.088740
0.2414 0.2069 -0.147439 0.989071 0.077422
0.2414 0.2414 -0.200944 0.979603 0.066275
0.2414 0.2759 -0.274721 0.961524 0.055402
0.2414 0.3103 -0.380484 0.924788 0.045002
0.2414 0.3448 -0.536008 0.844213 0.035494
0.2414 0.3793 -0.752577 0.658505 0.027808
0.2414 0.4138 -0.960000 0.280000 0.023781
0.2414 0.4483 -0.980216 -0.197928 0.025232
0.2414 0.4828 -0.847998 -0.529999 0.031409
0.2414 0.5172 -0.710059 -0.704142 0.040190
0.2414 0.5517 -0.606043 -0.795432 0.050227
0.2414 0.5862 -0.531051 -0.847340 0.060903
0.2414 0.6207 -0.476070 -0.879407 0.071933
0.2414 0.6552 -0.434589 -0.900629 0.083176
0.2414 0.6897 -0.402401 -0.915463 0.094557
0.2414 0.7241 -0.376798 -0.926295 0.106031
0.2414 0.7586 0.0000 0.0000 0.0000
0.2414 0.7931 0.0000 0.0000 0.0000
0.2414 0.8276 0.0000 0.0000 0.0000
0.2414 0.8621 0.0000 0.0000 0.0000
0.2414 0.8966 0.0000 0.0000 0.0000
0.2414 0.9310 0.0000 0.0000 0.0000
0.2414 0.9655 0.0000 0.0000 0.0000
0.2414 1.0000 0.0000 0.0000 0.0000

0.2759 0.0000 0.0000 0.0000 0.0000
0.2759 0.0345 -0.008117 0.999967 0.146497
0.2759 0.0690 -0.017854 0.999841 0.133196
0.2759 0.1034 -0.029749 0.999557 0.119910
0.2759 0.1379 -0.044598 0.999005 0.106646
0.2759 0.1724 -0.063646 0.997973 0.093412
0.2759 0.2069 -0.088932 0.996038 0.080223
0.2759 0.2414 -0.124035 0.992278 0.067106
0.2759 0.2759 -0.175791 0.984428 0.054113
0.2759 0.3103 -0.258736 0.965948 0.041361
0.2759 0.3448 -0.407651 0.913138 0.029169
0.2759 0.3793 -0.700708 0.713448 0.018666
0.2759 0.4138 -1.000000 0.000000 0.014269
0.2759 0.4483 -0.757609 -0.652709 0.020403
0.2759 0.4828 -0.529999 -0.847998 0.031409
0.2759 0.5172 -0.407651 -0.913138 0.043753
0.2759 0.5517 -0.336336 -0.941742 0.056565
0.2759 0.5862 -0.290482 -0.956881 0.069588
0.2759 0.6207 -0.258736 -0.965948 0.082722
0.2759 0.6552 -0.235529 -0.971867 0.095921
0.2759 0.6897 -0.217853 -0.975982 0.109162
0.2759 0.7241 0.0000 0.0000 0.0000
0.2759 0.7586 0.0000 0.0000 0.0000
0.2759 0.7931 0.0000 0.0000 0.0000
0.2759 0.8276 0.0000 0.0000 0.0000
0.2759 0.8621 0.0000 0.0000 0.0000
0.2759 0.8966 0.0000 0.0000 0.0000
0.2759 0.9310 0.0000 0.0000 0.0000
0.2759 0.9655 0.0000 0.0000 0.0000
0.2759 1.0000 0.0000 0.0000 0.0000

0.3103 0.0000 0.0000 0.0000 0.0000
0.3103 0.0345 -0.003044 0.999995 0.156243
0.3103 0.0690 -0.006734 0.999977 0.141264
0.3103 0.1034 -0.011299 0.999936 0.126286
0.3103 0.1379 -0.017092 0.999854 0.111312
0.3103 0.1724 -0.024684 0.999695 0.096343
0.3103 0.2069 -0.035066 0.999385 0.081382
0.3103 0.2414 -0.050116 0.998743 0.066433
0.3103 0.2759 -0.073872 0.997268 0.051508
0.3103 0.3103 -0.116841 0.993151 0.036636
0.3103 0.3448 -0.216930 0.976187 0.021925
0.3103 0.3793 -0.631673 0.775235 0.008283
0.3103 0.4138 -0.554700 -0.832050 0.010289
0.3103 0.4483 -0.254012 -0.967201 0.024342
0.3103 0.4828 -0.170314 -0.985390 0.039097
0.3103 0.5172 -0.132164 -0.991228 0.053981
0.3103 0.5517 -0.110432 -0.993884 0.068911
0.3103 0.5862 -0.096415 -0.995341 0.083863
0.3103 0.6207 -0.086630 -0.996241 0.098826
0.3103 0.6552 -0.079413 -0.996842 0.113796
0.3103 0.6897 0.0000 0.0000 0.0000
0.3103 0.7241 0.0000 0.0000 0.0000
0.3103 0.7586 0.0000 0.0000 0.0000
0.3103 0.7931 0.0000 0.0000 0.0000
0.3103 0.8276 0.0000 0.0000 0.0000
0.3103 0.8621 0.0000 0.0000 0.0000
0.3103 0.8966 0.0000 0.0000 0.0000
0.3103 0.9310 0.0000 0.0000 0.0000
0.3103 0.9655 0.0000 0.0000 0.0000
0.3103 1.0000 0.0000 0.0000 0.0000

0.3448 0.0000 0.0000 0.0000 0.0000
0.3448 0.0345 0.001449 0.999999 0.164091
0.3448 0.0690 0.003226 0.999995 0.147444
0.3448 0.1034 0.005454 0.999985 0.130799
0.3448 0.1379 0.008333 0.999965 0.114154
0.3448 0.1724 0.012194 0.999926 0.097510
0.3448 0.2069 0.017644 0.999844 0.080869
0.3448 0.2414 0.025917 0.999664 0.064231
0.3448 0.2759 0.039968 0.999201 0.047600
0.3448 0.3103 0.069065 0.997612 0.030990
0.3448 0.3448 0.164399 0.986394 0.014466
0.3448 0.3793 0.739940 -0.672673 0.003535
0.3448 0.4138 0.148340 -0.988936 0.019238
0.3448 0.4483 0.086343 -0.996265 0.035806
0.3448 0.4828 0.063508 -0.997981 0.052424
0.3448 0.5172 0.051655 -0.998665 0.069058
0.3448 0.5517 0.044401 -0.999014 0.085697
0.3448 0.5862 0.039504 -0.999219 0.102339
0.3448 0.6207 0.035977 -0.999353 0.118983
0.3448 0.6552 0.0000 0.0000 0.0000
0.3448 0.6897 0.0000 0.0000 0.0000
0.3448 0.7241 0.0000 0.0000 0.0000
0.3448 0.7586 0.0000 0.0000 0.0000
0.3448 0.7931 0.0000 0.0000 0.0000
0.3448 0.8276 0.0000 0.0000 0.0000
0.3448 0.8621 0.0000 0.0000 0.0000
0.3448 0.8966 0.0000 0.0000 0.0000
0.3448 0.9310 0.0000 0.0000 0.0000
0.3448 0.9655 0.0000 0.0000 0.0000
0.3448 1.0000 0.0000 0.0000 0.0000

0.3793 0.0000 0.0000 0.0000 0.0000
0.3793 0.0345 0.005594 0.999984 0.170038
0.3793 0.0690 0.012538 0.999921 0.151736
0.3793 0.1034 0.021385 0.999771 0.133443
0.3793 0.1379 0.033040 0.999454 0.115164
0.3793 0.1724 0.049081 0.998795 0.096906
0.3793 0.2069 0.072536 0.997366 0.078685
0.3793 0.2414 0.110000 0.993932 0.060534
0.3793 0.2759 0.178885 0.983870 0.042541
0.3793 0.3103 0.341743 0.939793 0.025052
0.3793 0.3448 0.876216 0.481919 0.010856
0.3793 0.3793 0.624695 -0.780869 0.016750
0.3793 0.4138 0.341743 -0.939793 0.033402
0.3793 0.4483 0.241443 -0.970415 0.051218
0.3793 0.4828 0.192155 -0.981365 0.069306
0.3793 0.5172 0.163077 -0.986613 0.087497
0.3793 0.5517 0.143940 -0.989586 0.105738
0.3793 0.5862 0.130405 -0.991461 0.124008
0.3793 0.6207 0.0000 0.0000 0.0000
0.3793 0.6552 0.0000 0.0000 0.0000
0.3793 0.6897 0.0000 0.0000 0.0000
0.3793 0.7241 0.0000 0.0000 0.0000
0.3793 0.7586 0.0000 0.0000 0.0000
0.3793 0.7931 0.0000 0.0000 0.0000
0.3793 0.8276 0.0000 0.0000 0.0000
0.3793 0.8621 0.0000 0.0000 0.0000
0.3793 0.8966 0.0000 0.0000 0.0000
0.3793 0.9310 0.0000 0.0000 0.0000
0.3793 0.9655 0.0000 0.0000 0.0000
0.3793 1.0000 0.0000 0.0000 0.0000

0.4138 0.0000 0.0000 0.0000 0.0000
0.4138 0.0345 0.009562 0.999954 0.174086
0.4138 0.0690 0.021600 0.999767 0.154138
0.4138 0.1034 0.037208 0.999308 0.134219
0.4138 0.1379 0.058234 0.998303 0.114344
0.4138 0.1724 0.088041 0.996117 0.094541
0.4138 0.2069 0.133412 0.991061 0.074867
0.4138 0.2414 0.210115 0.977677 0.055459
0.4138 0.2759 0.362446 0.932005 0.036743
0.4138 0.3103 0.724138 0.689655 0.020690
0.4138 0.3448 0.945946 -0.324324 0.017598
0.4138 0.3793 0.580525 -0.814243 0.031543
0.4138 0.4138 0.400819 -0.916157 0.049839
0.4138 0.4483 0.313129 -0.949711 0.069112
0.4138 0.4828 0.262664 -0.964887 0.088728
0.4138 0.5172 0.230139 -0.973158 0.108501
0.4138 0.5517 0.207504 -0.978234 0.128359
0.4138 0.5862 0.190870 -0.981615 0.148267
0.4138 0.6207 0.0000 0.0000 0.0000
0.4138 0.6552 0.0000 0.0000 0.0000
0.4138 0.6897 0.0000 0.0000 0.0000
0.4138 0.7241 0.0000 0.0000 0.0000
0.4138 0.7586 0.0000 0.0000 0.0000
0.4138 0.7931 0.0000 0.0000 0.0000
0.4138 0.8276 0.0000 0.0000 0.0000
0.4138 0.8621 0.0000 0.0000 0.0000
0.4138 0.8966 0.0000 0.0000 0.0000
0.4138 0.9310 0.0000 0.0000 0.0000
0.4138 0.9655 0.0000 0.0000 0.0000
0.4138 1.0000 0.0000 0.0000 0.0000

0.4483 0.0000 0.0000 0.0000 0.0000
0.4483 0.0345 0.013494 0.999909 0.176235
0.4483 0.0690 0.030755 0.999527 0.154651
0.4483 0.1034 0.053590 0.998563 0.133128
0.4483 0.1379 0.085160 0.996367 0.111702
0.4483 0.1724 0.131475 0.991320 0.090440
0.4483 0.2069 0.205321 0.978695 0.069495
0.4483 0.2414 0.337865 0.941195 0.049271
0.4483 0.2759 0.609711 0.792624 0.031203
0.4483 0.3103 0.989728 0.142961 0.021625
0.4483 0.3448 0.788502 -0.615032 0.030160
0.4483 0.3793 0.545511 -0.838104 0.047954
0.4483 0.4138 0.419058 -0.907959 0.068099
0.4483 0.4483 0.347314 -0.937749 0.089013
0.4483 0.4828 0.301957 -0.953322 0.110260
0.4483 0.5172 0.270902 -0.962607 0.131678
0.4483 0.5517 0.0000 0.0000 0.0000
0.4483 0.5862 0.0000 0.0000 0.0000
0.4483 0.6207 0.0000 0.0000 0.0000
0.4483 0.6552 0.0000 0.0000 0.0000
0.4483 0.6897 0.0000 0.0000 0.0000
0.4483 0.7241 0.0000 0.0000 0.0000
0.4483 0.7586 0.0000 0.0000 0.0000
0.4483 0.7931 0.0000 0.0000 0.0000
0.4483 0.8276 0.0000 0.0000 0.0000
0.4483 0.8621 0.0000 0.0000 0.0000
0.4483 0.8966 0.0000 0.0000 0.0000
0.4483 0.9310 0.0000 0.0000 0.0000
0.4483 0.9655 0.0000 0.0000 0.0000
0.4483 1.0000 0.0000 0.0000 0.0000

0.4828 0.0000 0.0000 0.0000 0.0000
0.4828 0.0345 0.017518 0.999847 0.176484
0.4828 0.0690 0.040340 0.999186 0.153276
0.4828 0.1034 0.071247 0.997459 0.130176
0.4828 0.1379 0.115297 0.993331 0.107255
0.4828 0.1724 0.182592 0.983189 0.084657
0.4828 0.2069 0.295684 0.955286 0.062734
0.4828 0.2414 0.508729 0.860927 0.042539
0.4828 0.2759 0.880471 0.474100 0.028090
0.4828 0.3103 0.941195 -0.337865 0.029562
0.4828 0.3448 0.680451 -0.732793 0.045434
0.4828 0.3793 0.515025 -0.857175 0.066030
0.4828 0.4138 0.421111 -0.907009 0.088097
0.4828 0.4483 0.362861 -0.931843 0.110759
0.4828 0.4828 0.323688 -0.946164 0.133715
0.4828 0.5172 0.0000 0.0000 0.0000
0.4828 0.5517 0.0000 0.0000 0.0000
0.4828 0.5862 0.0000 0.0000 0.0000
0.4828 0.6207 0.0000 0.0000 0.0000
0.4828 0.6552 0.0000 0.0000 0.0000
0.4828 0.6897 0.0000 0.0000 0.0000
0.4828 0.7241 0.0000 0.0000 0.0000
0.4828 0.7586 0.0000 0.0000 0.0000
0.4828 0.7931 0.0000 0.0000 0.0000
0.4828 0.8276 0.0000 0.0000 0.0000
0.4828 0.8621 0.0000 0.0000 0.0000
0.4828 0.8966 0.0000 0.0000 0.0000
0.4828 0.9310 0.0000 0.0000 0.0000
0.4828 0.9655 0.0000 0.0000 0.0000
0.4828 1.0000 0.0000 0.0000 0.0000

0.5172 0.0000 0.0000 0.0000 0.0000
0.5172 0.0345 0.021764 0.999763 0.174833
0.5172 0.0690 0.050728 0.998712 0.150015
0.5172 0.1034 0.091049 0.995846 0.125372
0.5172 0.1379 0.150642 0.988588 0.101034
0.5172 0.1724 0.246154 0.969231 0.077289
0.5172 0.2069 0.415760 0.909474 0.054911
0.5172 0.2414 0.729537 0.683941 0.036509
0.5172 0.2759 1.000000 0.000000 0.030440
0.5172 0.3103 0.808008 -0.589172 0.042382
0.5172 0.3448 0.606043 -0.795432 0.062784
0.5172 0.3793 0.487759 -0.872978 0.085811
0.5172 0.4138 0.415760 -0.909474 0.109823
0.5172 0.4483 0.368335 -0.929693 0.134293
0.5172 0.4828 0.0000 0.0000 0.0000
0.5172 0.5172 0.0000 0.0000 0.0000
0.5172 0.5517 0.0000 0.0000 0.0000
0.5172 0.5862 0.0000 0.0000 0.0000
0.5172 0.6207 0.0000 0.0000 0.0000
0.5172 0.6552 0.0000 0.0000 0.0000
0.5172 0.6897 0.0000 0.0000 0.0000
0.5172 0.7241 0.0000 0.0000 0.0000
0.5172 0.7586 0.0000 0.0000 0.0000
0.5172 0.7931 0.0000 0.0000 0.0000
0.5172 0.8276 0.0000 0.0000 0.0000
0.5172 0.8621 0.0000 0.0000 0.0000
0.5172 0.8966 0.0000 0.0000 0.0000
0.5172 0.9310 0.0000 0.0000 0.0000
0.5172 0.9655 0.0000 0.0000 0.0000
0.5172 1.0000 0.0000 0.0000 0.0000

0.5517 0.0000 0.0000 0.0000 0.0000
0.5517 0.0345 0.026380 0.999652 0.171284
0.5517 0.0690 0.062378 0.998053 0.144872
0.5517 0.1034 0.114168 0.993461 0.118731
0.5517 0.1379 0.194151 0.980972 0.093091
0.5517 0.1724 0.329732 0.944075 0.068517
0.5517 0.2069 0.580275 0.814421 0.046720
0.5517 0.2414 0.940617 0.339471 0.033626
0.5517 0.2759 0.921635 -0.388057 0.039221
0.5517 0.3103 0.696846 -0.717221 0.058357
0.5517 0.3448 0.550681 -0.834716 0.082052
0.5517 0.3793 0.463096 -0.886308 0.107327
0.5517 0.4138 0.406801 -0.913517 0.133287
0.5517 0.4483 0.0000 0.0000 0.0000
0.5517 0.4828 0.0000 0.0000 0.0000
0.5517 0.5172 0.0000 0.0000 0.0000
0.5517 0.5517 0.0000 0.0000 0.0000
0.5517 0.5862 0.0000 0.0000 0.0000
0.5517 0.6207 0.0000 0.0000 0.0000
0.5517 0.6552 0.0000 0.0000 0.0000
0.5517 0.6897 0.0000 0.0000 0.0000
0.5517 0.7241 0.0000 0.0000 0.0000
0.5517 0.7586 0.0000 0.0000 0.0000
0.5517 0.7931 0.0000 0.0000 0.0000
0.5517 0.8276 0.0000 0.0000 0.0000
0.5517 0.8621 0.0000 0.0000 0.0000
0.5517 0.8966 0.0000 0.0000 0.0000
0.5517 0.9310 0.0000 0.0000 0.0000
0.5517 0.9655 0.0000 0.0000 0.0000
0.5517 1.0000 0.0000 0.0000 0.0000

0.5862 0.0000 0.0000 0.0000 0.0000
0.5862 0.0345 0.031548 0.999502 0.165838
0.5862 0.0690 0.075905 0.997115 0.137853
0.5862 0.1034 0.142327 0.989820 0.110278
0.5862 0.1379 0.250567 0.968099 0.083520
0.5862 0.1724 0.445593 0.895236 0.058707
0.5862 0.2069 0.791285 0.611447 0.039671
0.5862 0.2414 0.993962 -0.109723 0.036846
0.5862 0.2759 0.791285 -0.611447 0.052895
0.5862 0.3103 0.613297 -0.789852 0.076776
0.5862 0.3448 0.507020 -0.861934 0.103189
0.5862 0.3793 0.440647 -0.897681 0.130605
0.5862 0.4138 0.396091 -0.918211 0.158505
0.5862 0.4483 0.0000 0.0000 0.0000
0.5862 0.4828 0.0000 0.0000 0.0000
0.5862 0.5172 0.0000 0.0000 0.0000
0.5862 0.5517 0.0000 0.0000 0.0000
0.5862 0.5862 0.0000 0.0000 0.0000
0.5862 0.6207 0.0000 0.0000 0.0000
0.5862 0.6552 0.0000 0.0000 0.0000
0.5862 0.6897 0.0000 0.0000 0.0000
0.5862 0.7241 0.0000 0.0000 0.0000
0.5862 0.7586 0.0000 0.0000 0.0000
0.5862 0.7931 0.0000 0.0000 0.0000
0.5862 0.8276 0.0000 0.0000 0.0000
0.5862 0.8621 0.0000 0.0000 0.0000
0.5862 0.8966 0.0000 0.0000 0.0000
0.5862 0.9310 0.0000 0.0000 0.0000
0.5862 0.9655 0.0000 0.0000 0.0000
0.5862 1.0000 0.0000 0.0000 0.0000

0.6207 0.0000 0.0000 0.0000 0.0000
0.6207 0.0345 0.037511 0.999296 0.158494
0.6207 0.0690 0.092198 0.995741 0.128968
0.6207 0.1034 0.178258 0.983984 0.100057
0.6207 0.1379 0.328012 0.944674 0.072501
0.6207 0.1724 0.610891 0.791715 0.048661
0.6207 0.2069 0.972387 0.233373 0.036685
0.6207 0.2414 0.889288 -0.457348 0.046798
0.6207 0.2759 0.679408 -0.733761 0.070006
0.6207 0.3103 0.549617 -0.835417 0.097355
0.6207 0.3448 0.471175 -0.882040 0.126180
0.6207 0.3793 0.0000 0.0000 0.0000
0.6207 0.4138 0.0000 0.0000 0.0000
0.6207 0.4483 0.0000 0.0000 0.0000
0.6207 0.4828 0.0000 0.0000 0.0000
0.6207 0.5172 0.0000 0.0000 0.0000
0.6207 0.5517 0.0000 0.0000 0.0000
0.6207 0.5862 0.0000 0.0000 0.0000
0.6207 0.6207 0.0000 0.0000 0.0000
0.6207 0.6552 0.0000 0.0000 0.0000
0.6207 0.6897 0.0000 0.0000 0.0000
0.6207 0.7241 0.0000 0.0000 0.0000
0.6207 0.7586 0.0000 0.0000 0.0000
0.6207 0.7931 0.0000 0.0000 0.0000
0.6207 0.8276 0.0000 0.0000 0.0000
0.6207 0.8621 0.0000 0.0000 0.0000
0.6207 0.8966 0.0000 0.0000 0.0000
0.6207 0.9310 0.0000 0.0000 0.0000
0.6207 0.9655 0.0000 0.0000 0.0000
0.6207 1.0000 0.0000 0.0000 0.0000

0.6552 0.0000 0.0000 0.0000 0.0000
0.6552 0.0345 0.044613 0.999004 0.149257
0.6552 0.0690 0.112639 0.993636 0.118232
0.6552 0.1034 0.226633 0.973980 0.088144
0.6552 0.1379 0.440904 0.897554 0.060410
0.6552 0.1724 0.827476 0.561501 0.040235
0.6552 0.2069 0.975360 -0.220617 0.040962
0.6552 0.2414 0.753529 -0.657415 0.061857
0.6552 0.2759 0.593199 -0.805056 0.089801
0.6552 0.3103 0.499551 -0.866285 0.119965
0.6552 0.3448 0.0000 0.0000 0.0000
0.6552 0.3793 0.0000 0.0000 0.0000
0.6552 0.4138 0.0000 0.0000 0.0000
0.6552 0.4483 0.0000 0.0000 0.0000
0.6552 0.4828 0.0000 0.0000 0.0000
0.6552 0.5172 0.0000 0.0000 0.0000
0.6552 0.5517 0.0000 0.0000 0.0000
0.6552 0.5862 0.0000 0.0000 0.0000
0.6552 0.6207 0.0000 0.0000 0.0000
0.6552 0.6552 0.0000 0.0000 0.0000
0.6552 0.6897 0.0000 0.0000 0.0000
0.6552 0.7241 0.0000 0.0000 0.0000
0.6552 0.7586 0.0000 0.0000 0.0000
0.6552 0.7931 0.0000 0.0000 0.0000
0.6552 0.8276 0.0000 0.0000 0.0000
0.6552 0.8621 0.0000 0.0000 0.0000
0.6552 0.8966 0.0000 0.0000 0.0000
0.6552 0.9310 0.0000 0.0000 0.0000
0.6552 0.9655 0.0000 0.0000 0.0000
0.6552 1.0000 0.0000 0.0000 0.0000

0.6897 0.0000 0.0000 0.0000 0.0000
0.6897 0.0345 0.053372 0.998575 0.138128
0.6897 0.0690 0.139531 0.990218 0.105671
0.6897 0.1034 0.296099 0.955157 0.074693
0.6897 0.1379 0.612572 0.790415 0.048139
0.6897 0.1724 0.991778 0.127971 0.037166
0.6897 0.2069 0.840297 -0.542127 0.052640
0.6897 0.2414 0.640765 -0.767737 0.080537
0.6897 0.2759 0.526940 -0.849903 0.111924
0.6897 0.3103 0.0000 0.0000 0.0000
0.6897 0.3448 0.0000 0.0000 0.0000
0.6897 0.3793 0.0000 0.0000 0.0000
0.6897 0.4138 0.0000 0.0000 0.0000
0.6897 0.4483 0.0000 0.0000 0.0000
0.6897 0.4828 0.0000 0.0000 0.0000
0.6897 0.5172 0.0000 0.0000 0.0000
0.6897 0.5517 0.0000 0.0000 0.0000
0.6897 0.5862 0.0000 0.0000 0.0000
0.6897 0.6207 0.0000 0.0000 0.0000
0.6897 0.6552 0.0000 0.0000 0.0000
0.6897 0.6897 0.0000 0.0000 0.0000
0.6897 0.7241 0.0000 0.0000 0.0000
0.6897 0.7586 0.0000 0.0000 0.0000
0.6897 0.7931 0.0000 0.0000 0.0000
0.6897 0.8276 0.0000 0.0000 0.0000
0.6897 0.8621 0.0000 0.0000 0.0000
0.6897 0.8966 0.0000 0.0000 0.0000
0.6897 0.9310 0.0000 0.0000 0.0000
0.6897 0.9655 0.0000 0.0000 0.0000
0.6897 1.0000 0.0000 0.0000 0.0000

0.7241 0.0000 0.0000 0.0000 0.0000
0.7241 0.0345 0.064627 0.997910 0.125113
0.7241 0.0690 0.177052 0.984201 0.091336
0.7241 0.1034 0.403933 0.914789 0.060052
0.7241 0.1379 0.850798 0.525493 0.038014
0.7241 0.1724 0.937682 -0.347494 0.043115
0.7241 0.2069 0.696786 -0.717279 0.069625
0.7241 0.2414 0.554700 -0.832050 0.102036
0.7241 0.2759 0.0000 0.0000 0.0000
0.7241 0.3103 0.0000 0.0000 0.0000
0.7241 0.3448 0.0000 0.0000 0.0000
0.7241 0.3793 0.0000 0.0000 0.0000
0.7241 0.4138 0.0000 0.0000 0.0000
0.7241 0.4483 0.0000 0.0000 0.0000
0.7241 0.4828 0.0000 0.0000 0.0000
0.7241 0.5172 0.0000 0.0000 0.0000
0.7241 0.5517 0.0000 0.0000 0.0000
0.7241 0.5862 0.0000 0.0000 0.0000
0.7241 0.6207 0.0000 0.0000 0.0000
0.7241 0.6552 0.0000 0.0000 0.0000
0.7241 0.6897 0.0000 0.0000 0.0000
0.7241 0.7241 0.0000 0.0000 0.0000
0.7241 0.7586 0.0000 0.0000 0.0000
0.7241 0.7931 0.0000 0.0000 0.0000
0.7241 0.8276 0.0000 0.0000 0.0000
0.7241 0.8621 0.0000 0.0000 0.0000
0.7241 0.8966 0.0000 0.0000 0.0000
0.7241 0.9310 0.0000 0.0000 0.0000
0.7241 0.9655 0.0000 0.0000 0.0000
0.7241 1.0000 0.0000 0.0000 0.0000

0.7586 0.0000 0.0000 0.0000 0.0000
0.7586 0.0345 0.079831 0.996808 0.110221
0.7586 0.0690 0.233612 0.972330 0.075331
0.7586 0.1034 0.584721 0.811234 0.045145
0.7586 0.1379 1.000000 0.000000 0.035196
0.7586 0.1724 0.768562 -0.639776 0.057244
0.7586 0.2069 0.584721 -0.811234 0.090290
0.7586 0.2414 0.489006 -0.872281 0.125956
0.7586 0.2759 0.0000 0.0000 0.0000
0.7586 0.3103 0.0000 0.0000 0.0000
0.7586 0.3448 0.0000 0.0000 0.0000
0.7586 0.3793 0.0000 0.0000 0.0000
0.7586 0.4138 0.0000 0.0000 0.0000
0.7586 0.4483 0.0000 0.0000 0.0000
0.7586 0.4828 0.0000 0.0000 0.0000
0.7586 0.5172 0.0000 0.0000 0.0000
0.7586 0.5517 0.0000 0.0000 0.0000
0.7586 0.5862 0.0000 0.0000 0.0000
0.7586 0.6207 0.0000 0.0000 0.0000
0.7586 0.6552 0.0000 0.0000 0.0000
0.7586 0.6897 0.0000 0.0000 0.0000
0.7586 0.7241 0.0000 0.0000 0.0000
0.7586 0.7586 0.0000 0.0000 0.0000
0.7586 0.7931 0.0000 0.0000 0.0000
0.7586 0.8276 0.0000 0.0000 0.0000
0.7586 0.8621 0.0000 0.0000 0.0000
0.7586 0.8966 0.0000 0.0000 0.0000
0.7586 0.9310 0.0000 0.0000 0.0000
0.7586 0.9655 0.0000 0.0000 0.0000
0.7586 1.0000 0.0000 0.0000 0.0000

0.7931 0.0000 0.0000 0.0000 0.0000
0.7931 0.0345 0.101771 0.994808 0.093470
0.7931 0.0690 0.328521 0.944497 0.057911
0.7931 0.1034 0.866906 0.498471 0.032919
0.7931 0.1379 0.866906 -0.498471 0.043892
0.7931 0.1724 0.620147 -0.784486 0.076695
0.7931 0.2069 0.0000 0.0000 0.0000
0.7931 0.2414 0.0000 0.0000 0.0000
0.7931 0.2759 0.0000 0.0000 0.0000
0.7931 0.3103 0.0000 0.0000 0.0000
0.7931 0.3448 0.0000 0.0000 0.0000
0.7931 0.3793 0.0000 0.0000 0.0000
0.7931 0.4138 0.0000 0.0000 0.0000
0.7931 0.4483 0.0000 0.0000 0.0000
0.7931 0.4828 0.0000 0.0000 0.0000
0.7931 0.5172 0.0000 0.0000 0.0000
0.7931 0.5517 0.0000 0.0000 0.0000
0.7931 0.5862 0.0000 0.0000 0.0000
0.7931 0.6207 0.0000 0.0000 0.0000
0.7931 0.6552 0.0000 0.0000 0.0000
0.7931 0.6897 0.0000 0.0000 0.0000
0.7931 0.7241 0.0000 0.0000 0.0000
0.7931 0.7586 0.0000 0.0000 0.0000
0.7931 0.7931 0.0000 0.0000 0.0000
0.7931 0.8276 0.0000 0.0000 0.0000
0.7931 0.8621 0.0000 0.0000 0.0000
0.7931 0.8966 0.0000 0.0000 0.0000
0.7931 0.9310 0.0000 0.0000 0.0000
0.7931 0.9655 0.0000 0.0000 0.0000
0.7931 1.0000 0.0000 0.0000 0.0000

0.8276 0.0000 0.0000 0.0000 0.0000
0.8276 0.0345 0.136530 0.990636 0.074899
0.8276 0.0690 0.512741 0.858543 0.039887
0.8276 0.1034 0.983130 -0.182908 0.031204
0.8276 0.1379 0.667248 -0.744835 0.061302
0.8276 0.1724 0.0000 0.0000 0.0000
0.8276 0.2069 0.0000 0.0000 0.0000
0.8276 0.2414 0.0000 0.0000 0.0000
0.8276 0.2759 0.0000 0.0000 0.0000
0.8276 0.3103 0.0000 0.0000 0.0000
0.8276 0.3448 0.0000 0.0000 0.0000
0.8276 0.3793 0.0000 0.0000 0.0000
0.8276 0.4138 0.0000 0.0000 0.0000
0.8276 0.4483 0.0000 0.0000 0.0000
0.8276 0.4828 0.0000 0.0000 0.0000
0.8276 0.5172 0.0000 0.0000 0.0000
0.8276 0.5517 0.0000 0.0000 0.0000
0.8276 0.5862 0.0000 0.0000 0.0000
0.8276 0.6207 0.0000 0.0000 0.0000
0.8276 0.6552 0.0000 0.0000 0.0000
0.8276 0.6897 0.0000 0.0000 0.0000
0.8276 0.7241 0.0000 0.0000 0.0000
0.8276 0.7586 0.0000 0.0000 0.0000
0.8276 0.7931 0.0000 0.0000 0.0000
0.8276 0.8276 0.0000 0.0000 0.0000
0.8276 0.8621 0.0000 0.0000 0.0000
0.8276 0.8966 0.0000 0.0000 0.0000
0.8276 0.9310 0.0000 0.0000 0.0000
0.8276 0.9655 0.0000 0.0000 0.0000
0.8276 1.0000 0.0000 0.0000 0.0000

0.8621 0.0000 0.0000 0.0000 0.0000
0.8621 0.0345 0.200301 0.979734 0.054615
0.8621 0.0690 0.878625 0.477513 0.024901
0.8621 0.1034 0.741154 -0.671335 0.044280
0.8621 0.1379 0.522829 -0.852438 0.083694
0.8621 0.1724 0.0000 0.0000 0.0000
0.8621 0.2069 0.0000 0.0000 0.0000
0.8621 0.2414 0.0000 0.0000 0.0000
0.8621 0.2759 0.0000 0.0000 0.0000
0.8621 0.3103 0.0000 0.0000 0.0000
0.8621 0.3448 0.0000 0.0000 0.0000
0.8621 0.3793 0.0000 0.0000 0.0000
0.8621 0.4138 0.0000 0.0000 0.0000
0.8621 0.4483 0.0000 0.0000 0.0000
0.8621 0.4828 0.0000 0.0000 0.0000
0.8621 0.5172 0.0000 0.0000 0.0000
0.8621 0.5517 0.0000 0.0000 0.0000
0.8621 0.5862 0.0000 0.0000 0.0000
0.8621 0.6207 0.0000 0.0000 0.0000
0.8621 0.6552 0.0000 0.0000 0.0000
0.8621 0.6897 0.0000 0.0000 0.0000
0.8621 0.7241 0.0000 0.0000 0.0000
0.8621 0.7586 0.0000 0.0000 0.0000
0.8621 0.7931 0.0000 0.0000 0.0000
0.8621 0.8276 0.0000 0.0000 0.0000
0.8621 0.8621 0.0000 0.0000 0.0000
0.8621 0.8966 0.0000 0.0000 0.0000
0.8621 0.9310 0.0000 0.0000 0.0000
0.8621 0.9655 0.0000 0.0000 0.0000
0.8621 1.0000 0.0000 0.0000 0.0000

0.8966 0.0000 0.0000 0.0000 0.0000
0.8966 0.0345 0.352701 0.935736 0.033039
0.8966 0.0690 0.883349 -0.468716 0.026383
0.8966 0.1034 0.0000 0.0000 0.0000
0.8966 0.1379 0.0000 0.0000 0.0000
0.8966 0.1724 0.0000 0.0000 0.0000
0.8966 0.2069 0.0000 0.0000 0.0000
0.8966 0.2414 0.0000 0.0000 0.0000
0.8966 0.2759 0.0000 0.0000 0.0000
0.8966 0.3103 0.0000 0.0000 0.0000
0.8966 0.3448 0.0000 0.0000 0.0000
0.8966 0.3793 0.0000 0.0000 0.0000
0.8966 0.4138 0.0000 0.0000 0.0000
0.8966 0.4483 0.0000 0.0000 0.0000
0.8966 0.4828 0.0000 0.0000 0.0000
0.8966 0.5172 0.0000 0.0000 0.0000
0.8966 0.5517 0.0000 0.0000 0.0000
0.8966 0.5862 0.0000 0.0000 0.0000
0.8966 0.6207 0.0000 0.0000 0.0000
0.8966 0.6552 0.0000 0.0000 0.0000
0.8966 0.6897 0.0000 0.0000 0.0000
0.8966 0.7241 0.0000 0.0000 0.0000
0.8966 0.7586 0.0000 0.0000 0.0000
0.8966 0.7931 0.0000 0.0000 0.0000
0.8966 0.8276 0.0000 0.0000 0.0000
0.8966 0.8621 0.0000 0.0000 0.0000
0.8966 0.8966 0.0000 0.0000 0.0000
0.8966 0.9310 0.0000 0.0000 0.0000
0.8966 0.9655 0.0000 0.0000 0.0000
0.8966 1.0000 0.0000 0.0000 0.0000

0.9310 0.0000 0.0000 0.0000 0.0000
0.9310 0.0345 0.887496 0.460815 0.013934
0.9310 0.0690 0.540232 -0.841516 0.045781
0.9310 0.1034 0.0000 0.0000 0.0000
0.9310 0.1379 0.0000 0.0000 0.0000
0.9310 0.1724 0.0000 0.0000 0.0000
0.9310 0.2069 0.0000 0.0000 0.0000
0.9310 0.2414 0.0000 0.0000 0.0000
0.9310 0.2759 0.0000 0.0000 0.0000
0.9310 0.3103 0.0000 0.0000 0.0000
0.9310 0.3448 0.0000 0.0000 0.0000
0.9310 0.3793 0.0000 0.0000 0.0000
0.9310 0.4138 0.0000 0.0000 0.0000
0.9310 0.4483 0.0000 0.0000 0.0000
0.9310 0.4828 0.0000 0.0000 0.0000
0.9310 0.5172 0.0000 0.0000 0.0000
0.9310 0.5517 0.0000 0.0000 0.0000
0.9310 0.5862 0.0000 0.0000 0.0000
0.9310 0.6207 0.0000 0.0000 0.0000
0.9310 0.6552 0.0000 0.0000 0.0000
0.9310 0.6897 0.0000 0.0000 0.0000
0.9310 0.7241 0.0000 0.0000 0.0000
0.9310 0.7586 0.0000 0.0000 0.0000
0.9310 0.7931 0.0000 0.0000 0.0000
0.9310 0.8276 0.0000 0.0000 0.0000
0.9310 0.8621 0.0000 0.0000 0.0000
0.9310 0.8966 0.0000 0.0000 0.0000
0.9310 0.9310 0.0000 0.0000 0.0000
0.9310 0.9655 0.0000 0.0000 0.0000
0.9310 1.0000 0.0000 0.0000 0.0000

0.9655 0.0000 0.0000 0.0000 0.0000
0.9655 0.0345 0.0000 0.0000 0.0000
0.9655 0.0690 0.0000 0.0000 0.0000
0.9655 0.1034 0.0000 0.0000 0.0000
0.9655 0.1379 0.0000 0.0000 0.0000
0.9655 0.1724 0.0000 0.0000 0.0000
0.9655 0.2069 0.0000 0.0000 0.0000
0.9655 0.2414 0.0000 0.0000 0.0000
0.9655 0.2759 0.0000 0.0000 0.0000
0.9655 0.3103 0.0000 0.0000 0.0000
0.9655 0.3448 0.0000 0.0000 0.0000
0.9655 0.3793 0.0000 0.0000 0.0000
0.9655 0.4138 0.0000 0.0000 0.0000
0.9655 0.4483 0.0000 0.0000 0.0000
0.9655 0.4828 0.0000 0.0000 0.0000
0.9655 0.5172 0.0000 0.0000 0.0000
0.9655 0.5517 0.0000 0.0000 0.0000
0.9655 0.5862 0.0000 0.0000 0.0000
0.9655 0.6207 0.0000 0.0000 0.0000
0.9655 0.6552 0.0000 0.0000 0.0000
0.9655 0.6897 0.0000 0.0000 0.0000
0.9655 0.7241 0.0000 0.0000 0.0000
0.9655 0.7586 0.0000 0.0000 0.0000
0.9655 0.7931 0.0000 0.0000 0.0000
0.9655 0.8276 0.0000 0.0000 0.0000
0.9655 0.8621 0.0000 0.0000 0.0000
0.9655 0.8966 0.0000 0.0000 0.0000
0.9655 0.9310 0.0000 0.0000 0.0000
0.9655 0.9655 0.0000 0.0000 0.0000
0.9655 1.0000 0.0000 0.0000 0.0000

1.0000 0.0000 0.0000 0.0000 0.0000
1.0000 0.0345 0.0000 0.0000 0.0000
1.0000 0.0690 0.0000 0.0000 0.0000
1.0000 0.1034 0.0000 0.0000 0.0000
1.0000 0.1379 0.0000 0.0000 0.0000
1.0000 0.1724 0.0000 0.0000 0.0000
1.0000 0.2069 0.0000 0.0000 0.0000
1.0000 0.2414 0.0000 0.0000 0.0000
1.0000 0.2759 0.0000 0.0000 0.0000
1.0000 0.3103 0.0000 0.0000 0.0000
1.0000 0.3448 0.0000 0.0000 0.0000
1.0000 0.3793 0.0000 0.0000 0.0000
1.0000 0.4138 0.0000 0.0000 0.0000
1.0000 0.4483 0.0000 0.0000 0.0000
1.0000 0.4828 0.0000 0.0000 0.0000
1.0000 0.5172 0.0000 0.0000 0.0000
1.0000 0.5517 0.0000 0.0000 0.0000
1.0000 0.5862 0.0000 0.0000 0.0000
1.0000 0.6207 0.0000 0.0000 0.0000
1.0000 0.6552 0.0000 0.0000 0.0000
1.0000 0.6897 0.0000 0.0000 0.0000
1.0000 0.7241 0.0000 0.0000 0.0000
1.0000 0.7586 0.0000 0.0000 0.0000
1.0000 0.7931 0.0000 0.0000 0.0000
1.0000 0.8276 0.0000 0.0000 0.0000
1.0000 0.8621 0.0000 0.0000 0.0000
1.0000 0.8966 0.0000 0.0000 0.0000
1.0000 0.9310 0.0000 0.0000 0.0000
1.0000 0.9655 0.0000 0.0000 0.0000
1.0000 1.0000 0.0000 0.0000 0.0000

