0.0000 0.0000 0.0000 0.0000 0.0000
0.0000 0.0345 0.0000 0.0000 0.0000
0.0000 0.0690 0.0000 0.0000 0.0000
0.0000 0.1034 0.0000 0.0000 0.0000
0.0000 0.1379 0.0000 0.0000 0.0000
0.0000 0.1724 0.0000 0.0000 0.0000
0.0000 0.2069 0.0000 0.0000 0.0000
0.0000 0.2414 0.0000 0.0000 0.0000
0.0000 0.2759 0.0000 0.0000 0.0000
0.0000 0.3103 0.0000 0.0000 0.0000
0.0000 0.3448 0.0000 0.0000 0.0000
0.0000 0.3793 0.0000 0.0000 0.0000
0.0000 0.4138 0.0000 0.0000 0.0000
0.0000 0.4483 0.0000 0.0000 0.0000
0.0000 0.4828 0.0000 0.0000 0.0000
0.0000 0.5172 0.0000 0.0000 0.0000
0.0000 0.5517 0.0000 0.0000 0.0000
0.0000 0.5862 0.0000 0.0000 0.0000
0.0000 0.6207 0.0000 0.0000 0.0000
0.0000 0.6552 0.0000 0.0000 0.0000
0.0000 0.6897 0.0000 0.0000 0.0000
0.0000 0.7241 0.0000 0.0000 0.0000
0.0000 0.7586 0.0000 0.0000 0.0000
0.0000 0.7931 0.0000 0.0000 0.0000
0.0000 0.8276 0.0000 0.0000 0.0000
0.0000 0.8621 0.0000 0.0000 0.0000
0.0000 0.8966 0.0000 0.0000 0.0000
0.0000 0.9310 0.0000 0.0000 0.0000
0.0000 0.9655 0.0000 0.0000 0.0000
0.0000 1.0000 0.0000 0.0000 0.0000

0.0345 0.0000 0.0000 0.0000 0.0000
0.0345 0.0345 0.004555 0.999990 0.287161
0.0345 0.0690 0.009760 0.999952 0.268027
0.0345 0.1034 0.015765 0.999876 0.248901
0.0345 0.1379 0.022768 0.999741 0.229786
0.0345 0.1724 0.031041 0.999518 0.210684
0.0345 0.2069 0.040959 0.999161 0.191600
0.0345 0.2414 0.053065 0.998591 0.172538
0.0345 0.2759 0.068164 0.997674 0.153508
0.0345 0.3103 0.087507 0.996164 0.134523
0.0345 0.3448 0.113140 0.993579 0.115606
0.0345 0.3793 0.148641 0.988891 0.096795
0.0345 0.4138 0.200794 0.979633 0.078168
0.0345 0.4483 0.283886 0.958858 0.059896
0.0345 0.4828 0.431456 0.902134 0.042441
0.0345 0.5172 0.715729 0.698378 0.027412
0.0345 0.5517 1.000000 0.000000 0.020927
0.0345 0.5862 0.757825 -0.652458 0.029341
0.0345 0.6207 0.523802 -0.851840 0.044947
0.0345 0.6552 0.397128 -0.917763 0.062578
0.0345 0.6897 0.323272 -0.946306 0.080920
0.0345 0.7241 0.275825 -0.961208 0.099582
0.0345 0.7586 0.243008 -0.970024 0.118413
0.0345 0.7931 0.219038 -0.975716 0.137342
0.0345 0.8276 0.200794 -0.979633 0.156335
0.0345 0.8621 0.186458 -0.982463 0.175370
0.0345 0.8966 0.174902 -0.984586 0.194436
0.0345 0.9310 0.165392 -0.986228 0.213523
0.0345 0.9655 0.0000 0.0000 0.0000
0.0345 1.0000 0.0000 0.0000 0.0000

0.0690 0.0000 0.0000 0.0000 0.0000
0.0690 0.0345 0.017217 0.999852 0.552519
0.0690 0.0690 0.036977 0.999316 0.514502
0.0690 0.1034 0.059862 0.998207 0.476717
0.0690 0.1379 0.086630 0.996241 0.439226
0.0690 0.1724 0.118282 0.992980 0.402109
0.0690 0.2069 0.156163 0.987731 0.365483
0.0690 0.2414 0.202081 0.979369 0.329509
0.0690 0.2759 0.258467 0.966020 0.294428
0.0690 0.3103 0.328521 0.944497 0.260600
0.0690 0.3448 0.416153 0.909295 0.228581
0.0690 0.3793 0.525163 0.851002 0.199248
0.0690 0.4138 0.656179 0.754606 0.173961
0.0690 0.4483 0.799262 0.600983 0.154721
0.0690 0.4828 0.925020 0.379919 0.143970
0.0690 0.5172 0.993452 0.114247 0.143628
0.0690 0.5517 0.989825 -0.142287 0.153764
0.0690 0.5862 0.937232 -0.348706 0.172542
0.0690 0.6207 0.866906 -0.498471 0.197512
0.0690 0.6552 0.797475 -0.603352 0.226637
0.0690 0.6897 0.735931 -0.677057 0.258516
0.0690 0.7241 0.683535 -0.729918 0.292249
0.0690 0.7586 0.639469 -0.768817 0.327263
0.0690 0.7931 0.602407 -0.798189 0.363188
0.0690 0.8276 0.571064 -0.820905 0.399779
0.0690 0.8621 0.544357 -0.838854 0.436868
0.0690 0.8966 0.521409 -0.853307 0.474339
0.0690 0.9310 0.0000 0.0000 0.0000
0.0690 0.9655 0.0000 0.0000 0.0000
0.0690 1.0000 0.0000 0.0000 0.0000

0.1034 0.0000 0.0000 0.0000 0.0000
0.1034 0.0345 0.022257 0.999752 0.796035
0.1034 0.0690 0.047932 0.998851 0.739256
0.1034 0.1034 0.077815 0.996968 0.683046
0.1034 0.1379 0.112927 0.993603 0.627558
0.1034 0.1724 0.154598 0.987977 0.573001
0.1034 0.2069 0.204557 0.978855 0.519669
0.1034 0.2414 0.265009 0.964246 0.467981
0.1034 0.2759 0.338639 0.940916 0.418546
0.1034 0.3103 0.428333 0.903621 0.372264
0.1034 0.3448 0.536130 0.844135 0.330461
0.1034 0.3793 0.660528 0.750801 0.295047
0.1034 0.4138 0.791635 0.610994 0.268563
0.1034 0.4483 0.907424 0.420216 0.253819
0.1034 0.4828 0.980869 0.194669 0.252876
0.1034 0.5172 0.999524 -0.030858 0.265882
0.1034 0.5517 0.974226 -0.225576 0.290972
0.1034 0.5862 0.925704 -0.378249 0.325362
0.1034 0.6207 0.870273 -0.492570 0.366444
0.1034 0.6552 0.816608 -0.577193 0.412221
0.1034 0.6897 0.768137 -0.640286 0.461298
0.1034 0.7241 0.725642 -0.688073 0.512728
0.1034 0.7586 0.688805 -0.724947 0.565870
0.1034 0.7931 0.656942 -0.753941 0.620284
0.1034 0.8276 0.629320 -0.777146 0.675663
0.1034 0.8621 0.605265 -0.796024 0.731788
0.1034 0.8966 0.0000 0.0000 0.0000
0.1034 0.9310 0.0000 0.0000 0.0000
0.1034 0.9655 0.0000 0.0000 0.0000
0.1034 1.0000 0.0000 0.0000 0.0000

0.1379 0.0000 0.0000 0.0000 0.0000
0.1379 0.0345 0.025471 0.999676 1.017690
0.1379 0.0690 0.055023 0.998485 0.942212
0.1379 0.1034 0.089621 0.995976 0.867701
0.1379 0.1379 0.130516 0.991446 0.794429
0.1379 0.1724 0.179320 0.983791 0.722774
0.1379 0.2069 0.238079 0.971246 0.653267
0.1379 0.2414 0.309288 0.950969 0.586673
0.1379 0.2759 0.395671 0.918392 0.524103
0.1379 0.3103 0.499370 0.866389 0.467176
0.1379 0.3448 0.619829 0.784737 0.418205
0.1379 0.3793 0.749820 0.661642 0.380274
0.1379 0.4138 0.871504 0.490388 0.356921
0.1379 0.4483 0.959871 0.280442 0.351068
0.1379 0.4828 0.998188 0.060179 0.363560
0.1379 0.5172 0.990250 -0.139301 0.392651
0.1379 0.5517 0.953384 -0.301759 0.435023
0.1379 0.5862 0.904442 -0.426596 0.487224
0.1379 0.6207 0.853862 -0.520499 0.546443
0.1379 0.6552 0.806541 -0.591178 0.610643
0.1379 0.6897 0.764183 -0.644999 0.678411
0.1379 0.7241 0.726987 -0.686652 0.748778
0.1379 0.7586 0.694543 -0.719451 0.821078
0.1379 0.7931 0.666259 -0.745721 0.894840
0.1379 0.8276 0.641534 -0.767094 0.969732
0.1379 0.8621 0.0000 0.0000 0.0000
0.1379 0.8966 0.0000 0.0000 0.0000
0.1379 0.9310 0.0000 0.0000 0.0000
0.1379 0.9655 0.0000 0.0000 0.0000
0.1379 1.0000 0.0000 0.0000 0.0000

0.1724 0.0000 0.0000 0.0000 0.0000
0.1724 0.0345 0.028030 0.999607 1.217482
0.1724 0.0690 0.060757 0.998153 1.123360
0.1724 0.1034 0.099332 0.995054 1.030662
0.1724 0.1379 0.145246 0.989396 0.939812
0.1724 0.1724 0.200411 0.979712 0.851399
0.1724 0.2069 0.267212 0.963638 0.766270
0.1724 0.2414 0.348404 0.937344 0.685647
0.1724 0.2759 0.446591 0.894738 0.611316
0.1724 0.3103 0.562667 0.826683 0.545854
0.1724 0.3448 0.692482 0.721436 0.492808
0.1724 0.3793 0.822267 0.569102 0.456526
0.1724 0.4138 0.928253 0.371948 0.441165
0.1724 0.4483 0.988332 0.152316 0.448876
0.1724 0.4828 0.998366 -0.057149 0.478547
0.1724 0.5172 0.972295 -0.233757 0.526477
0.1724 0.5517 0.928253 -0.371948 0.588219
0.1724 0.5862 0.879125 -0.476591 0.659909
0.1724 0.6207 0.831604 -0.555369 0.738655
0.1724 0.6552 0.788386 -0.615181 0.822433
0.1724 0.6897 0.750143 -0.661276 0.909854
0.1724 0.7241 0.716673 -0.697409 0.999964
0.1724 0.7586 0.687461 -0.726222 1.092096
0.1724 0.7931 0.661927 -0.749569 1.185779
0.1724 0.8276 0.0000 0.0000 0.0000
0.1724 0.8621 0.0000 0.0000 0.0000
0.1724 0.8966 0.0000 0.0000 0.0000
0.1724 0.9310 0.0000 0.0000 0.0000
0.1724 0.9655 0.0000 0.0000 0.0000
0.1724 1.0000 0.0000 0.0000 0.0000

0.2069 0.0000 0.0000 0.0000 0.0000
0.2069 0.0345 0.030336 0.999540 1.395410
0.2069 0.0690 0.066002 0.997819 1.282702
0.2069 0.1034 0.108360 0.994112 1.171942
0.2069 0.1379 0.159176 0.987250 1.063741
0.2069 0.1724 0.220710 0.975339 0.958964
0.2069 0.2069 0.295720 0.955275 0.858865
0.2069 0.2414 0.387196 0.921998 0.765282
0.2069 0.2759 0.497342 0.867555 0.680909
0.2069 0.3103 0.624980 0.780640 0.609579
0.2069 0.3448 0.760884 0.648888 0.556334
0.2069 0.3793 0.884084 0.467327 0.526688
0.2069 0.4138 0.968192 0.250207 0.524655
0.2069 0.4483 0.999556 0.029805 0.550542
0.2069 0.4828 0.986479 -0.163885 0.600750
0.2069 0.5172 0.947935 -0.318464 0.669833
0.2069 0.5517 0.899919 -0.436056 0.752611
0.2069 0.5862 0.851552 -0.524270 0.845068
0.2069 0.6207 0.806837 -0.590774 0.944367
0.2069 0.6552 0.767030 -0.641611 1.048565
0.2069 0.6897 0.732149 -0.681145 1.156338
0.2069 0.7241 0.701736 -0.712437 1.266775
0.2069 0.7586 0.675209 -0.737626 1.379235
0.2069 0.7931 0.0000 0.0000 0.0000
0.2069 0.8276 0.0000 0.0000 0.0000
0.2069 0.8621 0.0000 0.0000 0.0000
0.2069 0.8966 0.0000 0.0000 0.0000
0.2069 0.9310 0.0000 0.0000 0.0000
0.2069 0.9655 0.0000 0.0000 0.0000
0.2069 1.0000 0.0000 0.0000 0.0000

0.2414 0.0000 0.0000 0.0000 0.0000
0.2414 0.0345 0.032572 0.999469 1.551477
0.2414 0.0690 0.071164 0.997465 1.420248
0.2414 0.1034 0.117381 0.993087 1.291568
0.2414 0.1379 0.173320 0.984866 1.166284
0.2414 0.1724 0.241653 0.970363 1.045615
0.2414 0.2069 0.325558 0.945522 0.931357
0.2414 0.2414 0.428173 0.903697 0.826174
0.2414 0.2759 0.550806 0.834633 0.733980
0.2414 0.3103 0.688868 0.724887 0.660237
0.2414 0.3448 0.826203 0.563373 0.611655
0.2414 0.3793 0.935148 0.354256 0.594436
0.2414 0.4138 0.992121 0.125280 0.611237
0.2414 0.4483 0.996201 -0.087089 0.659462
0.2414 0.4828 0.965286 -0.261195 0.732934
0.2414 0.5172 0.918891 -0.394511 0.824936
0.2414 0.5517 0.869437 -0.494045 0.929983
0.2414 0.5862 0.822774 -0.568369 1.044146
0.2414 0.6207 0.780968 -0.624571 1.164748
0.2414 0.6552 0.744325 -0.667818 1.289984
0.2414 0.6897 0.712451 -0.701722 1.418627
0.2414 0.7241 0.684745 -0.728783 1.549828
0.2414 0.7586 0.0000 0.0000 0.0000
0.2414 0.7931 0.0000 0.0000 0.0000
0.2414 0.8276 0.0000 0.0000 0.0000
0.2414 0.8621 0.0000 0.0000 0.0000
0.2414 0.8966 0.0000 0.0000 0.0000
0.2414 0.9310 0.0000 0.0000 0.0000
0.2414 0.9655 0.0000 0.0000 0.0000
0.2414 1.0000 0.0000 0.0000 0.0000

0.2759 0.0000 0.0000 0.0000 0.0000
0.2759 0.0345 0.034846 0.999393 1.685685
0.2759 0.0690 0.076483 0.997071 1.536009
0.2759 0.1034 0.126815 0.991926 1.389578
0.2759 0.1379 0.188338 0.982104 1.247534
0.2759 0.1724 0.264222 0.964462 1.111560
0.2759 0.2069 0.358105 0.933681 0.984175
0.2759 0.2414 0.473072 0.881024 0.869165
0.2759 0.2759 0.608638 0.793448 0.772079
0.2759 0.3103 0.754781 0.655977 0.700410
0.2759 0.3448 0.886687 0.462370 0.662461
0.2759 0.3793 0.973040 0.230636 0.664038
0.2759 0.4138 1.000000 0.000000 0.704875
0.2759 0.4483 0.980475 -0.196645 0.778821
0.2759 0.4828 0.937106 -0.349044 0.877546
0.2759 0.5172 0.886687 -0.462370 0.993692
0.2759 0.5517 0.837746 -0.546061 1.121860
0.2759 0.5862 0.793536 -0.608523 1.258384
0.2759 0.6207 0.754781 -0.655977 1.400821
0.2759 0.6552 0.721178 -0.692749 1.547540
0.2759 0.6897 0.692100 -0.721802 1.697431
0.2759 0.7241 0.0000 0.0000 0.0000
0.2759 0.7586 0.0000 0.0000 0.0000
0.2759 0.7931 0.0000 0.0000 0.0000
0.2759 0.8276 0.0000 0.0000 0.0000
0.2759 0.8621 0.0000 0.0000 0.0000
0.2759 0.8966 0.0000 0.0000 0.0000
0.2759 0.9310 0.0000 0.0000 0.0000
0.2759 0.9655 0.0000 0.0000 0.0000
0.2759 1.0000 0.0000 0.0000 0.0000

0.3103 0.0000 0.0000 0.0000 0.0000
0.3103 0.0345 0.037232 0.999307 1.798036
0.3103 0.0690 0.082140 0.996621 1.630003
0.3103 0.1034 0.136991 0.990572 1.466021
0.3103 0.1379 0.204782 0.978808 1.307616
0.3103 0.1724 0.289280 0.957245 1.157082
0.3103 0.2069 0.394596 0.918855 1.017914
0.3103 0.2414 0.523334 0.852128 0.895430
0.3103 0.2759 0.671663 0.740857 0.797354
0.3103 0.3103 0.821351 0.570423 0.733544
0.3103 0.3448 0.938571 0.345087 0.713256
0.3103 0.3793 0.995010 0.099774 0.740078
0.3103 0.4138 0.992573 -0.121648 0.809340
0.3103 0.4483 0.954858 -0.297064 0.911417
0.3103 0.4828 0.904074 -0.427376 1.036660
0.3103 0.5172 0.852645 -0.522491 1.177702
0.3103 0.5517 0.805631 -0.592418 1.329524
0.3103 0.5862 0.764391 -0.644753 1.488832
0.3103 0.6207 0.728770 -0.684759 1.653463
0.3103 0.6552 0.698109 -0.715991 1.821976
0.3103 0.6897 0.0000 0.0000 0.0000
0.3103 0.7241 0.0000 0.0000 0.0000
0.3103 0.7586 0.0000 0.0000 0.0000
0.3103 0.7931 0.0000 0.0000 0.0000
0.3103 0.8276 0.0000 0.0000 0.0000
0.3103 0.8621 0.0000 0.0000 0.0000
0.3103 0.8966 0.0000 0.0000 0.0000
0.3103 0.9310 0.0000 0.0000 0.0000
0.3103 0.9655 0.0000 0.0000 0.0000
0.3103 1.0000 0.0000 0.0000 0.0000

0.3448 0.0000 0.0000 0.0000 0.0000
0.3448 0.0345 0.039792 0.999208 1.888535
0.3448 0.0690 0.088293 0.996095 1.702249
0.3448 0.1034 0.148226 0.988954 1.520963
0.3448 0.1379 0.223208 0.974771 1.346699
0.3448 0.1724 0.317736 0.948179 1.182566
0.3448 0.2069 0.436319 0.899792 1.033400
0.3448 0.2414 0.580220 0.814459 0.906622
0.3448 0.2759 0.739675 0.672964 0.812774
0.3448 0.3103 0.885154 0.465297 0.764090
0.3448 0.3448 0.976981 0.213328 0.769193
0.3448 0.3793 0.999453 -0.033066 0.827087
0.3448 0.4138 0.971807 -0.235776 0.927945
0.3448 0.4483 0.922011 -0.387164 1.059567
0.3448 0.4828 0.868074 -0.496435 1.211971
0.3448 0.5172 0.817852 -0.575429 1.378281
0.3448 0.5517 0.773712 -0.633538 1.554039
0.3448 0.5862 0.735743 -0.677261 1.736377
0.3448 0.6207 0.703264 -0.710929 1.923426
0.3448 0.6552 0.0000 0.0000 0.0000
0.3448 0.6897 0.0000 0.0000 0.0000
0.3448 0.7241 0.0000 0.0000 0.0000
0.3448 0.7586 0.0000 0.0000 0.0000
0.3448 0.7931 0.0000 0.0000 0.0000
0.3448 0.8276 0.0000 0.0000 0.0000
0.3448 0.8621 0.0000 0.0000 0.0000
0.3448 0.8966 0.0000 0.0000 0.0000
0.3448 0.9310 0.0000 0.0000 0.0000
0.3448 0.9655 0.0000 0.0000 0.0000
0.3448 1.0000 0.0000 0.0000 0.0000

0.3793 0.0000 0.0000 0.0000 0.0000
0.3793 0.0345 0.042588 0.999093 1.957186
0.3793 0.0690 0.095110 0.995467 1.752773
0.3793 0.1034 0.160863 0.986977 1.554489
0.3793 0.1379 0.244257 0.969711 1.365008
0.3793 0.1724 0.350652 0.936506 1.188545
0.3793 0.2069 0.484703 0.874679 1.031804
0.3793 0.2414 0.644657 0.764472 0.905089
0.3793 0.2759 0.810832 0.585279 0.822397
0.3793 0.3103 0.940613 0.339480 0.797542
0.3793 0.3448 0.997405 0.071995 0.835700
0.3793 0.3793 0.986809 -0.161887 0.929141
0.3793 0.4138 0.940613 -0.339480 1.063389
0.3793 0.4483 0.884490 -0.466558 1.225102
0.3793 0.4828 0.830667 -0.556769 1.404827
0.3793 0.5172 0.783152 -0.621830 1.596493
0.3793 0.5517 0.742451 -0.669900 1.796281
0.3793 0.5862 0.707879 -0.706334 2.001761
0.3793 0.6207 0.0000 0.0000 0.0000
0.3793 0.6552 0.0000 0.0000 0.0000
0.3793 0.6897 0.0000 0.0000 0.0000
0.3793 0.7241 0.0000 0.0000 0.0000
0.3793 0.7586 0.0000 0.0000 0.0000
0.3793 0.7931 0.0000 0.0000 0.0000
0.3793 0.8276 0.0000 0.0000 0.0000
0.3793 0.8621 0.0000 0.0000 0.0000
0.3793 0.8966 0.0000 0.0000 0.0000
0.3793 0.9310 0.0000 0.0000 0.0000
0.3793 0.9655 0.0000 0.0000 0.0000
0.3793 1.0000 0.0000 0.0000 0.0000

0.4138 0.0000 0.0000 0.0000 0.0000
0.4138 0.0345 0.045688 0.998956 2.003995
0.4138 0.0690 0.102781 0.994704 1.781611
0.4138 0.1034 0.175318 0.984512 1.566715
0.4138 0.1379 0.268724 0.963217 1.362852
0.4138 0.1724 0.389350 0.921090 1.175777
0.4138 0.2069 0.541326 0.840813 1.014816
0.4138 0.2414 0.716747 0.697333 0.894183
0.4138 0.2759 0.880765 0.473554 0.831620
0.4138 0.3103 0.980744 0.195300 0.840198
0.4138 0.3448 0.997440 -0.071505 0.917926
0.4138 0.3793 0.959585 -0.281418 1.049552
0.4138 0.4138 0.902253 -0.431207 1.217720
0.4138 0.4483 0.844501 -0.535554 1.409412
0.4138 0.4828 0.793061 -0.609142 1.616278
0.4138 0.5172 0.749167 -0.662381 1.833189
0.4138 0.5517 0.712175 -0.702002 2.056969
0.4138 0.5862 0.680994 -0.732289 2.285602
0.4138 0.6207 0.0000 0.0000 0.0000
0.4138 0.6552 0.0000 0.0000 0.0000
0.4138 0.6897 0.0000 0.0000 0.0000
0.4138 0.7241 0.0000 0.0000 0.0000
0.4138 0.7586 0.0000 0.0000 0.0000
0.4138 0.7931 0.0000 0.0000 0.0000
0.4138 0.8276 0.0000 0.0000 0.0000
0.4138 0.8621 0.0000 0.0000 0.0000
0.4138 0.8966 0.0000 0.0000 0.0000
0.4138 0.9310 0.0000 0.0000 0.0000
0.4138 0.9655 0.0000 0.0000 0.0000
0.4138 1.0000 0.0000 0.0000 0.0000

0.4483 0.0000 0.0000 0.0000 0.0000
0.4483 0.0345 0.049169 0.998790 2.028970
0.4483 0.0690 0.111540 0.993760 1.788808
0.4483 0.1034 0.192122 0.981371 1.557795
0.4483 0.1379 0.297649 0.954675 1.340670
0.4483 0.1724 0.435507 0.900186 1.145358
0.4483 0.2069 0.607737 0.794138 0.984922
0.4483 0.2414 0.794757 0.606928 0.878678
0.4483 0.2759 0.941970 0.335696 0.847264
0.4483 0.3103 0.999217 0.039566 0.898563
0.4483 0.3448 0.977894 -0.209099 1.020173
0.4483 0.3793 0.921596 -0.388151 1.190743
0.4483 0.4138 0.859775 -0.510673 1.392395
0.4483 0.4483 0.803778 -0.594930 1.613516
0.4483 0.4828 0.756131 -0.654421 1.847129
0.4483 0.5172 0.716324 -0.697768 2.089046
0.4483 0.5517 0.0000 0.0000 0.0000
0.4483 0.5862 0.0000 0.0000 0.0000
0.4483 0.6207 0.0000 0.0000 0.0000
0.4483 0.6552 0.0000 0.0000 0.0000
0.4483 0.6897 0.0000 0.0000 0.0000
0.4483 0.7241 0.0000 0.0000 0.0000
0.4483 0.7586 0.0000 0.0000 0.0000
0.4483 0.7931 0.0000 0.0000 0.0000
0.4483 0.8276 0.0000 0.0000 0.0000
0.4483 0.8621 0.0000 0.0000 0.0000
0.4483 0.8966 0.0000 0.0000 0.0000
0.4483 0.9310 0.0000 0.0000 0.0000
0.4483 0.9655 0.0000 0.0000 0.0000
0.4483 1.0000 0.0000 0.0000 0.0000

0.4828 0.0000 0.0000 0.0000 0.0000
0.4828 0.0345 0.053130 0.998588 2.032121
0.4828 0.0690 0.121692 0.992568 1.774424
0.4828 0.1034 0.211984 0.977273 1.527948
0.4828 0.1379 0.332437 0.943125 1.299093
0.4828 0.1724 0.491237 0.871026 1.098927
0.4828 0.2069 0.684894 0.728643 0.945840
0.4828 0.2414 0.873521 0.486786 0.865196
0.4828 0.2759 0.984641 0.174589 0.877206
0.4828 0.3103 0.993086 -0.117391 0.978466
0.4828 0.3448 0.942491 -0.334231 1.145546
0.4828 0.3793 0.876934 -0.480610 1.354302
0.4828 0.4138 0.815671 -0.578516 1.588386
0.4828 0.4483 0.763578 -0.645716 1.838146
0.4828 0.4828 0.720467 -0.693489 2.097992
0.4828 0.5172 0.0000 0.0000 0.0000
0.4828 0.5517 0.0000 0.0000 0.0000
0.4828 0.5862 0.0000 0.0000 0.0000
0.4828 0.6207 0.0000 0.0000 0.0000
0.4828 0.6552 0.0000 0.0000 0.0000
0.4828 0.6897 0.0000 0.0000 0.0000
0.4828 0.7241 0.0000 0.0000 0.0000
0.4828 0.7586 0.0000 0.0000 0.0000
0.4828 0.7931 0.0000 0.0000 0.0000
0.4828 0.8276 0.0000 0.0000 0.0000
0.4828 0.8621 0.0000 0.0000 0.0000
0.4828 0.8966 0.0000 0.0000 0.0000
0.4828 0.9310 0.0000 0.0000 0.0000
0.4828 0.9655 0.0000 0.0000 0.0000
0.4828 1.0000 0.0000 0.0000 0.0000

0.5172 0.0000 0.0000 0.0000 0.0000
0.5172 0.0345 0.057697 0.998334 2.013461
0.5172 0.0690 0.133642 0.991030 1.738544
0.5172 0.1034 0.235883 0.971781 1.477483
0.5172 0.1379 0.375028 0.927014 1.239068
0.5172 0.1724 0.559050 0.829134 1.039005
0.5172 0.2069 0.771771 0.635901 0.903154
0.5172 0.2414 0.942937 0.332972 0.862410
0.5172 0.2759 1.000000 0.000000 0.929370
0.5172 0.3103 0.964292 -0.264843 1.084258
0.5172 0.3448 0.896437 -0.443172 1.295922
0.5172 0.3793 0.829179 -0.558984 1.541144
0.5172 0.4138 0.771771 -0.635901 1.806307
0.5172 0.4483 0.724742 -0.689021 2.083813
0.5172 0.4828 0.0000 0.0000 0.0000
0.5172 0.5172 0.0000 0.0000 0.0000
0.5172 0.5517 0.0000 0.0000 0.0000
0.5172 0.5862 0.0000 0.0000 0.0000
0.5172 0.6207 0.0000 0.0000 0.0000
0.5172 0.6552 0.0000 0.0000 0.0000
0.5172 0.6897 0.0000 0.0000 0.0000
0.5172 0.7241 0.0000 0.0000 0.0000
0.5172 0.7586 0.0000 0.0000 0.0000
0.5172 0.7931 0.0000 0.0000 0.0000
0.5172 0.8276 0.0000 0.0000 0.0000
0.5172 0.8621 0.0000 0.0000 0.0000
0.5172 0.8966 0.0000 0.0000 0.0000
0.5172 0.9310 0.0000 0.0000 0.0000
0.5172 0.9655 0.0000 0.0000 0.0000
0.5172 1.0000 0.0000 0.0000 0.0000

0.5517 0.0000 0.0000 0.0000 0.0000
0.5517 0.0345 0.063039 0.998011 1.973009
0.5517 0.0690 0.147953 0.988994 1.681286
0.5517 0.1034 0.265219 0.964188 1.406863
0.5517 0.1379 0.428122 0.903721 1.162060
0.5517 0.1724 0.641390 0.767215 0.969580
0.5517 0.2069 0.862640 0.505818 0.865082
0.5517 0.2414 0.988823 0.149093 0.880471
0.5517 0.2759 0.984878 -0.173248 1.010283
0.5517 0.3103 0.918670 -0.395026 1.218481
0.5517 0.3448 0.844843 -0.535014 1.472175
0.5517 0.3793 0.781028 -0.624496 1.751709
0.5517 0.4138 0.729291 -0.684204 2.046521
0.5517 0.4483 0.0000 0.0000 0.0000
0.5517 0.4828 0.0000 0.0000 0.0000
0.5517 0.5172 0.0000 0.0000 0.0000
0.5517 0.5517 0.0000 0.0000 0.0000
0.5517 0.5862 0.0000 0.0000 0.0000
0.5517 0.6207 0.0000 0.0000 0.0000
0.5517 0.6552 0.0000 0.0000 0.0000
0.5517 0.6897 0.0000 0.0000 0.0000
0.5517 0.7241 0.0000 0.0000 0.0000
0.5517 0.7586 0.0000 0.0000 0.0000
0.5517 0.7931 0.0000 0.0000 0.0000
0.5517 0.8276 0.0000 0.0000 0.0000
0.5517 0.8621 0.0000 0.0000 0.0000
0.5517 0.8966 0.0000 0.0000 0.0000
0.5517 0.9310 0.0000 0.0000 0.0000
0.5517 0.9655 0.0000 0.0000 0.0000
0.5517 1.0000 0.0000 0.0000 0.0000

0.5862 0.0000 0.0000 0.0000 0.0000
0.5862 0.0345 0.069385 0.997590 1.910788
0.5862 0.0690 0.165433 0.986221 1.602823
0.5862 0.1034 0.302052 0.953292 1.316797
0.5862 0.1379 0.495421 0.868653 1.070445
0.5862 0.1724 0.738962 0.673747 0.897071
0.5862 0.2069 0.943660 0.330916 0.842975
0.5862 0.2414 0.998748 -0.050033 0.929226
0.5862 0.2759 0.943660 -0.330916 1.123966
0.5862 0.3103 0.863357 -0.504593 1.382072
0.5862 0.3448 0.791763 -0.610829 1.674495
0.5862 0.3793 0.734282 -0.678844 1.986134
0.5862 0.4138 0.688961 -0.724799 2.309222
0.5862 0.4483 0.0000 0.0000 0.0000
0.5862 0.4828 0.0000 0.0000 0.0000
0.5862 0.5172 0.0000 0.0000 0.0000
0.5862 0.5517 0.0000 0.0000 0.0000
0.5862 0.5862 0.0000 0.0000 0.0000
0.5862 0.6207 0.0000 0.0000 0.0000
0.5862 0.6552 0.0000 0.0000 0.0000
0.5862 0.6897 0.0000 0.0000 0.0000
0.5862 0.7241 0.0000 0.0000 0.0000
0.5862 0.7586 0.0000 0.0000 0.0000
0.5862 0.7931 0.0000 0.0000 0.0000
0.5862 0.8276 0.0000 0.0000 0.0000
0.5862 0.8621 0.0000 0.0000 0.0000
0.5862 0.8966 0.0000 0.0000 0.0000
0.5862 0.9310 0.0000 0.0000 0.0000
0.5862 0.9655 0.0000 0.0000 0.0000
0.5862 1.0000 0.0000 0.0000 0.0000

0.6207 0.0000 0.0000 0.0000 0.0000
0.6207 0.0345 0.077065 0.997026 1.826836
0.6207 0.0690 0.187287 0.982305 1.503416
0.6207 0.1034 0.349505 0.936934 1.208434
0.6207 0.1379 0.581610 0.813468 0.968242
0.6207 0.1724 0.846324 0.532669 0.831743
0.6207 0.2069 0.993276 0.115770 0.850427
0.6207 0.2414 0.970198 -0.242315 1.015766
0.6207 0.2759 0.885583 -0.464482 1.271794
0.6207 0.3103 0.804543 -0.593894 1.574885
0.6207 0.3448 0.739929 -0.672685 1.902680
0.6207 0.3793 0.0000 0.0000 0.0000
0.6207 0.4138 0.0000 0.0000 0.0000
0.6207 0.4483 0.0000 0.0000 0.0000
0.6207 0.4828 0.0000 0.0000 0.0000
0.6207 0.5172 0.0000 0.0000 0.0000
0.6207 0.5517 0.0000 0.0000 0.0000
0.6207 0.5862 0.0000 0.0000 0.0000
0.6207 0.6207 0.0000 0.0000 0.0000
0.6207 0.6552 0.0000 0.0000 0.0000
0.6207 0.6897 0.0000 0.0000 0.0000
0.6207 0.7241 0.0000 0.0000 0.0000
0.6207 0.7586 0.0000 0.0000 0.0000
0.6207 0.7931 0.0000 0.0000 0.0000
0.6207 0.8276 0.0000 0.0000 0.0000
0.6207 0.8621 0.0000 0.0000 0.0000
0.6207 0.8966 0.0000 0.0000 0.0000
0.6207 0.9310 0.0000 0.0000 0.0000
0.6207 0.9655 0.0000 0.0000 0.0000
0.6207 1.0000 0.0000 0.0000 0.0000

0.6552 0.0000 0.0000 0.0000 0.0000
0.6552 0.0345 0.086561 0.996247 1.721205
0.6552 0.0690 0.215383 0.976530 1.383482
0.6552 0.1034 0.412430 0.910989 1.083742
0.6552 0.1379 0.690935 0.722917 0.862538
0.6552 0.1724 0.944222 0.329310 0.788953
0.6552 0.2069 0.993310 -0.115477 0.899956
0.6552 0.2414 0.912464 -0.409157 1.142977
0.6552 0.2759 0.820184 -0.572100 1.453228
0.6552 0.3103 0.746521 -0.665362 1.796203
0.6552 0.3448 0.0000 0.0000 0.0000
0.6552 0.3793 0.0000 0.0000 0.0000
0.6552 0.4138 0.0000 0.0000 0.0000
0.6552 0.4483 0.0000 0.0000 0.0000
0.6552 0.4828 0.0000 0.0000 0.0000
0.6552 0.5172 0.0000 0.0000 0.0000
0.6552 0.5517 0.0000 0.0000 0.0000
0.6552 0.5862 0.0000 0.0000 0.0000
0.6552 0.6207 0.0000 0.0000 0.0000
0.6552 0.6552 0.0000 0.0000 0.0000
0.6552 0.6897 0.0000 0.0000 0.0000
0.6552 0.7241 0.0000 0.0000 0.0000
0.6552 0.7586 0.0000 0.0000 0.0000
0.6552 0.7931 0.0000 0.0000 0.0000
0.6552 0.8276 0.0000 0.0000 0.0000
0.6552 0.8621 0.0000 0.0000 0.0000
0.6552 0.8966 0.0000 0.0000 0.0000
0.6552 0.9310 0.0000 0.0000 0.0000
0.6552 0.9655 0.0000 0.0000 0.0000
0.6552 1.0000 0.0000 0.0000 0.0000

0.6897 0.0000 0.0000 0.0000 0.0000
0.6897 0.0345 0.098617 0.995125 1.593977
0.6897 0.0690 0.252780 0.967524 1.243721
0.6897 0.1034 0.498329 0.866988 0.946325
0.6897 0.1379 0.820804 0.571210 0.766048
0.6897 0.1724 0.997587 0.069424 0.787870
0.6897 0.2069 0.944458 -0.328631 0.998629
0.6897 0.2414 0.839896 -0.542747 1.310110
0.6897 0.2759 0.754483 -0.656320 1.666772
0.6897 0.3103 0.0000 0.0000 0.0000
0.6897 0.3448 0.0000 0.0000 0.0000
0.6897 0.3793 0.0000 0.0000 0.0000
0.6897 0.4138 0.0000 0.0000 0.0000
0.6897 0.4483 0.0000 0.0000 0.0000
0.6897 0.4828 0.0000 0.0000 0.0000
0.6897 0.5172 0.0000 0.0000 0.0000
0.6897 0.5517 0.0000 0.0000 0.0000
0.6897 0.5862 0.0000 0.0000 0.0000
0.6897 0.6207 0.0000 0.0000 0.0000
0.6897 0.6552 0.0000 0.0000 0.0000
0.6897 0.6897 0.0000 0.0000 0.0000
0.6897 0.7241 0.0000 0.0000 0.0000
0.6897 0.7586 0.0000 0.0000 0.0000
0.6897 0.7931 0.0000 0.0000 0.0000
0.6897 0.8276 0.0000 0.0000 0.0000
0.6897 0.8621 0.0000 0.0000 0.0000
0.6897 0.8966 0.0000 0.0000 0.0000
0.6897 0.9310 0.0000 0.0000 0.0000
0.6897 0.9655 0.0000 0.0000 0.0000
0.6897 1.0000 0.0000 0.0000 0.0000

0.7241 0.0000 0.0000 0.0000 0.0000
0.7241 0.0345 0.114440 0.993430 1.445286
0.7241 0.0690 0.304768 0.952427 1.085406
0.7241 0.1034 0.617684 0.786426 0.803315
0.7241 0.1379 0.944671 0.328020 0.700343
0.7241 0.1724 0.978979 -0.203960 0.844749
0.7241 0.2069 0.865511 -0.500889 1.146594
0.7241 0.2414 0.764469 -0.644660 1.514500
0.7241 0.2759 0.0000 0.0000 0.0000
0.7241 0.3103 0.0000 0.0000 0.0000
0.7241 0.3448 0.0000 0.0000 0.0000
0.7241 0.3793 0.0000 0.0000 0.0000
0.7241 0.4138 0.0000 0.0000 0.0000
0.7241 0.4483 0.0000 0.0000 0.0000
0.7241 0.4828 0.0000 0.0000 0.0000
0.7241 0.5172 0.0000 0.0000 0.0000
0.7241 0.5517 0.0000 0.0000 0.0000
0.7241 0.5862 0.0000 0.0000 0.0000
0.7241 0.6207 0.0000 0.0000 0.0000
0.7241 0.6552 0.0000 0.0000 0.0000
0.7241 0.6897 0.0000 0.0000 0.0000
0.7241 0.7241 0.0000 0.0000 0.0000
0.7241 0.7586 0.0000 0.0000 0.0000
0.7241 0.7931 0.0000 0.0000 0.0000
0.7241 0.8276 0.0000 0.0000 0.0000
0.7241 0.8621 0.0000 0.0000 0.0000
0.7241 0.8966 0.0000 0.0000 0.0000
0.7241 0.9310 0.0000 0.0000 0.0000
0.7241 0.9655 0.0000 0.0000 0.0000
0.7241 1.0000 0.0000 0.0000 0.0000

0.7586 0.0000 0.0000 0.0000 0.0000
0.7586 0.0345 0.136120 0.990692 1.275367
0.7586 0.0690 0.381091 0.924537 0.911083
0.7586 0.1034 0.777567 0.628800 0.669792
0.7586 0.1379 1.000000 0.000000 0.694411
0.7586 0.1724 0.899688 -0.436534 0.964795
0.7586 0.2069 0.777567 -0.628800 1.339585
0.7586 0.2414 0.693204 -0.720742 1.753049
0.7586 0.2759 0.0000 0.0000 0.0000
0.7586 0.3103 0.0000 0.0000 0.0000
0.7586 0.3448 0.0000 0.0000 0.0000
0.7586 0.3793 0.0000 0.0000 0.0000
0.7586 0.4138 0.0000 0.0000 0.0000
0.7586 0.4483 0.0000 0.0000 0.0000
0.7586 0.4828 0.0000 0.0000 0.0000
0.7586 0.5172 0.0000 0.0000 0.0000
0.7586 0.5517 0.0000 0.0000 0.0000
0.7586 0.5862 0.0000 0.0000 0.0000
0.7586 0.6207 0.0000 0.0000 0.0000
0.7586 0.6552 0.0000 0.0000 0.0000
0.7586 0.6897 0.0000 0.0000 0.0000
0.7586 0.7241 0.0000 0.0000 0.0000
0.7586 0.7586 0.0000 0.0000 0.0000
0.7586 0.7931 0.0000 0.0000 0.0000
0.7586 0.8276 0.0000 0.0000 0.0000
0.7586 0.8621 0.0000 0.0000 0.0000
0.7586 0.8966 0.0000 0.0000 0.0000
0.7586 0.9310 0.0000 0.0000 0.0000
0.7586 0.9655 0.0000 0.0000 0.0000
0.7586 1.0000 0.0000 0.0000 0.0000

0.7931 0.0000 0.0000 0.0000 0.0000
0.7931 0.0345 0.167616 0.985852 1.084668
0.7931 0.0690 0.500468 0.865755 0.726549
0.7931 0.1034 0.945038 0.326962 0.577143
0.7931 0.1379 0.945038 -0.326962 0.769525
0.7931 0.1724 0.795721 -0.605664 1.142407
0.7931 0.2069 0.0000 0.0000 0.0000
0.7931 0.2414 0.0000 0.0000 0.0000
0.7931 0.2759 0.0000 0.0000 0.0000
0.7931 0.3103 0.0000 0.0000 0.0000
0.7931 0.3448 0.0000 0.0000 0.0000
0.7931 0.3793 0.0000 0.0000 0.0000
0.7931 0.4138 0.0000 0.0000 0.0000
0.7931 0.4483 0.0000 0.0000 0.0000
0.7931 0.4828 0.0000 0.0000 0.0000
0.7931 0.5172 0.0000 0.0000 0.0000
0.7931 0.5517 0.0000 0.0000 0.0000
0.7931 0.5862 0.0000 0.0000 0.0000
0.7931 0.6207 0.0000 0.0000 0.0000
0.7931 0.6552 0.0000 0.0000 0.0000
0.7931 0.6897 0.0000 0.0000 0.0000
0.7931 0.7241 0.0000 0.0000 0.0000
0.7931 0.7586 0.0000 0.0000 0.0000
0.7931 0.7931 0.0000 0.0000 0.0000
0.7931 0.8276 0.0000 0.0000 0.0000
0.7931 0.8621 0.0000 0.0000 0.0000
0.7931 0.8966 0.0000 0.0000 0.0000
0.7931 0.9310 0.0000 0.0000 0.0000
0.7931 0.9655 0.0000 0.0000 0.0000
0.7931 1.0000 0.0000 0.0000 0.0000

0.8276 0.0000 0.0000 0.0000 0.0000
0.8276 0.0345 0.217363 0.976091 0.874171
0.8276 0.0690 0.694393 0.719596 0.547275
0.8276 0.1034 0.993436 -0.114388 0.573802
0.8276 0.1379 0.822748 -0.568407 0.923792
0.8276 0.1724 0.0000 0.0000 0.0000
0.8276 0.2069 0.0000 0.0000 0.0000
0.8276 0.2414 0.0000 0.0000 0.0000
0.8276 0.2759 0.0000 0.0000 0.0000
0.8276 0.3103 0.0000 0.0000 0.0000
0.8276 0.3448 0.0000 0.0000 0.0000
0.8276 0.3793 0.0000 0.0000 0.0000
0.8276 0.4138 0.0000 0.0000 0.0000
0.8276 0.4483 0.0000 0.0000 0.0000
0.8276 0.4828 0.0000 0.0000 0.0000
0.8276 0.5172 0.0000 0.0000 0.0000
0.8276 0.5517 0.0000 0.0000 0.0000
0.8276 0.5862 0.0000 0.0000 0.0000
0.8276 0.6207 0.0000 0.0000 0.0000
0.8276 0.6552 0.0000 0.0000 0.0000
0.8276 0.6897 0.0000 0.0000 0.0000
0.8276 0.7241 0.0000 0.0000 0.0000
0.8276 0.7586 0.0000 0.0000 0.0000
0.8276 0.7931 0.0000 0.0000 0.0000
0.8276 0.8276 0.0000 0.0000 0.0000
0.8276 0.8621 0.0000 0.0000 0.0000
0.8276 0.8966 0.0000 0.0000 0.0000
0.8276 0.9310 0.0000 0.0000 0.0000
0.8276 0.9655 0.0000 0.0000 0.0000
0.8276 1.0000 0.0000 0.0000 0.0000

0.8621 0.0000 0.0000 0.0000 0.0000
0.8621 0.0345 0.306610 0.951835 0.646476
0.8621 0.0690 0.945343 0.326078 0.419353
0.8621 0.1034 0.866949 -0.498396 0.685910
0.8621 0.1379 0.694914 -0.719093 1.140955
0.8621 0.1724 0.0000 0.0000 0.0000
0.8621 0.2069 0.0000 0.0000 0.0000
0.8621 0.2414 0.0000 0.0000 0.0000
0.8621 0.2759 0.0000 0.0000 0.0000
0.8621 0.3103 0.0000 0.0000 0.0000
0.8621 0.3448 0.0000 0.0000 0.0000
0.8621 0.3793 0.0000 0.0000 0.0000
0.8621 0.4138 0.0000 0.0000 0.0000
0.8621 0.4483 0.0000 0.0000 0.0000
0.8621 0.4828 0.0000 0.0000 0.0000
0.8621 0.5172 0.0000 0.0000 0.0000
0.8621 0.5517 0.0000 0.0000 0.0000
0.8621 0.5862 0.0000 0.0000 0.0000
0.8621 0.6207 0.0000 0.0000 0.0000
0.8621 0.6552 0.0000 0.0000 0.0000
0.8621 0.6897 0.0000 0.0000 0.0000
0.8621 0.7241 0.0000 0.0000 0.0000
0.8621 0.7586 0.0000 0.0000 0.0000
0.8621 0.7931 0.0000 0.0000 0.0000
0.8621 0.8276 0.0000 0.0000 0.0000
0.8621 0.8621 0.0000 0.0000 0.0000
0.8621 0.8966 0.0000 0.0000 0.0000
0.8621 0.9310 0.0000 0.0000 0.0000
0.8621 0.9655 0.0000 0.0000 0.0000
0.8621 1.0000 0.0000 0.0000 0.0000

0.8966 0.0000 0.0000 0.0000 0.0000
0.8966 0.0345 0.502108 0.864805 0.411109
0.8966 0.0690 0.945477 -0.325689 0.436649
0.8966 0.1034 0.0000 0.0000 0.0000
0.8966 0.1379 0.0000 0.0000 0.0000
0.8966 0.1724 0.0000 0.0000 0.0000
0.8966 0.2069 0.0000 0.0000 0.0000
0.8966 0.2414 0.0000 0.0000 0.0000
0.8966 0.2759 0.0000 0.0000 0.0000
0.8966 0.3103 0.0000 0.0000 0.0000
0.8966 0.3448 0.0000 0.0000 0.0000
0.8966 0.3793 0.0000 0.0000 0.0000
0.8966 0.4138 0.0000 0.0000 0.0000
0.8966 0.4483 0.0000 0.0000 0.0000
0.8966 0.4828 0.0000 0.0000 0.0000
0.8966 0.5172 0.0000 0.0000 0.0000
0.8966 0.5517 0.0000 0.0000 0.0000
0.8966 0.5862 0.0000 0.0000 0.0000
0.8966 0.6207 0.0000 0.0000 0.0000
0.8966 0.6552 0.0000 0.0000 0.0000
0.8966 0.6897 0.0000 0.0000 0.0000
0.8966 0.7241 0.0000 0.0000 0.0000
0.8966 0.7586 0.0000 0.0000 0.0000
0.8966 0.7931 0.0000 0.0000 0.0000
0.8966 0.8276 0.0000 0.0000 0.0000
0.8966 0.8621 0.0000 0.0000 0.0000
0.8966 0.8966 0.0000 0.0000 0.0000
0.8966 0.9310 0.0000 0.0000 0.0000
0.8966 0.9655 0.0000 0.0000 0.0000
0.8966 1.0000 0.0000 0.0000 0.0000

0.9310 0.0000 0.0000 0.0000 0.0000
0.9310 0.0345 0.945601 0.325329 0.226973
0.9310 0.0690 0.695839 -0.718198 0.616883
0.9310 0.1034 0.0000 0.0000 0.0000
0.9310 0.1379 0.0000 0.0000 0.0000
0.9310 0.1724 0.0000 0.0000 0.0000
0.9310 0.2069 0.0000 0.0000 0.0000
0.9310 0.2414 0.0000 0.0000 0.0000
0.9310 0.2759 0.0000 0.0000 0.0000
0.9310 0.3103 0.0000 0.0000 0.0000
0.9310 0.3448 0.0000 0.0000 0.0000
0.9310 0.3793 0.0000 0.0000 0.0000
0.9310 0.4138 0.0000 0.0000 0.0000
0.9310 0.4483 0.0000 0.0000 0.0000
0.9310 0.4828 0.0000 0.0000 0.0000
0.9310 0.5172 0.0000 0.0000 0.0000
0.9310 0.5517 0.0000 0.0000 0.0000
0.9310 0.5862 0.0000 0.0000 0.0000
0.9310 0.6207 0.0000 0.0000 0.0000
0.9310 0.6552 0.0000 0.0000 0.0000
0.9310 0.6897 0.0000 0.0000 0.0000
0.9310 0.7241 0.0000 0.0000 0.0000
0.9310 0.7586 0.0000 0.0000 0.0000
0.9310 0.7931 0.0000 0.0000 0.0000
0.9310 0.8276 0.0000 0.0000 0.0000
0.9310 0.8621 0.0000 0.0000 0.0000
0.9310 0.8966 0.0000 0.0000 0.0000
0.9310 0.9310 0.0000 0.0000 0.0000
0.9310 0.9655 0.0000 0.0000 0.0000
0.9310 1.0000 0.0000 0.0000 0.0000

0.9655 0.0000 0.0000 0.0000 0.0000
0.9655 0.0345 0.0000 0.0000 0.0000
0.9655 0.0690 0.0000 0.0000 0.0000
0.9655 0.1034 0.0000 0.0000 0.0000
0.9655 0.1379 0.0000 0.0000 0.0000
0.9655 0.1724 0.0000 0.0000 0.0000
0.9655 0.2069 0.0000 0.0000 0.0000
0.9655 0.2414 0.0000 0.0000 0.0000
0.9655 0.2759 0.0000 0.0000 0.0000
0.9655 0.3103 0.0000 0.0000 0.0000
0.9655 0.3448 0.0000 0.0000 0.0000
0.9655 0.3793 0.0000 0.0000 0.0000
0.9655 0.4138 0.0000 0.0000 0.0000
0.9655 0.4483 0.0000 0.0000 0.0000
0.9655 0.4828 0.0000 0.0000 0.0000
0.9655 0.5172 0.0000 0.0000 0.0000
0.9655 0.5517 0.0000 0.0000 0.0000
0.9655 0.5862 0.0000 0.0000 0.0000
0.9655 0.6207 0.0000 0.0000 0.0000
0.9655 0.6552 0.0000 0.0000 0.0000
0.9655 0.6897 0.0000 0.0000 0.0000
0.9655 0.7241 0.0000 0.0000 0.0000
0.9655 0.7586 0.0000 0.0000 0.0000
0.9655 0.7931 0.0000 0.0000 0.0000
0.9655 0.8276 0.0000 0.0000 0.0000
0.9655 0.8621 0.0000 0.0000 0.0000
0.9655 0.8966 0.0000 0.0000 0.0000
0.9655 0.9310 0.0000 0.0000 0.0000
0.9655 0.9655 0.0000 0.0000 0.0000
0.9655 1.0000 0.0000 0.0000 0.0000

1.0000 0.0000 0.0000 0.0000 0.0000
1.0000 0.0345 0.0000 0.0000 0.0000
1.0000 0.0690 0.0000 0.0000 0.0000
1.0000 0.1034 0.0000 0.0000 0.0000
1.0000 0.1379 0.0000 0.0000 0.0000
1.0000 0.1724 0.0000 0.0000 0.0000
1.0000 0.2069 0.0000 0.0000 0.0000
1.0000 0.2414 0.0000 0.0000 0.0000
1.0000 0.2759 0.0000 0.0000 0.0000
1.0000 0.3103 0.0000 0.0000 0.0000
1.0000 0.3448 0.0000 0.0000 0.0000
1.0000 0.3793 0.0000 0.0000 0.0000
1.0000 0.4138 0.0000 0.0000 0.0000
1.0000 0.4483 0.0000 0.0000 0.0000
1.0000 0.4828 0.0000 0.0000 0.0000
1.0000 0.5172 0.0000 0.0000 0.0000
1.0000 0.5517 0.0000 0.0000 0.0000
1.0000 0.5862 0.0000 0.0000 0.0000
1.0000 0.6207 0.0000 0.0000 0.0000
1.0000 0.6552 0.0000 0.0000 0.0000
1.0000 0.6897 0.0000 0.0000 0.0000
1.0000 0.7241 0.0000 0.0000 0.0000
1.0000 0.7586 0.0000 0.0000 0.0000
1.0000 0.7931 0.0000 0.0000 0.0000
1.0000 0.8276 0.0000 0.0000 0.0000
1.0000 0.8621 0.0000 0.0000 0.0000
1.0000 0.8966 0.0000 0.0000 0.0000
1.0000 0.9310 0.0000 0.0000 0.0000
1.0000 0.9655 0.0000 0.0000 0.0000
1.0000 1.0000 0.0000 0.0000 0.0000

