0.0000 0.0000 0.000000 0.000000 0.000000
0.0000 0.0345 -1.000000 0.000000 0.006897
0.0000 0.0690 -1.000000 0.000000 0.013793
0.0000 0.1034 -1.000000 0.000000 0.020690
0.0000 0.1379 -1.000000 0.000000 0.027586
0.0000 0.1724 -1.000000 0.000000 0.034483
0.0000 0.2069 -1.000000 0.000000 0.041379
0.0000 0.2414 -1.000000 0.000000 0.048276
0.0000 0.2759 -1.000000 0.000000 0.055172
0.0000 0.3103 -1.000000 0.000000 0.062069
0.0000 0.3448 -1.000000 0.000000 0.068966
0.0000 0.3793 -1.000000 0.000000 0.075862
0.0000 0.4138 -1.000000 0.000000 0.082759
0.0000 0.4483 -1.000000 0.000000 0.089655
0.0000 0.4828 -1.000000 0.000000 0.096552
0.0000 0.5172 -1.000000 0.000000 0.103448
0.0000 0.5517 -1.000000 0.000000 0.110345
0.0000 0.5862 -1.000000 -0.000000 0.117241
0.0000 0.6207 -1.000000 -0.000000 0.124138
0.0000 0.6552 -1.000000 -0.000000 0.131034
0.0000 0.6897 -1.000000 -0.000000 0.137931
0.0000 0.7241 -1.000000 -0.000000 0.144828
0.0000 0.7586 -1.000000 -0.000000 0.151724
0.0000 0.7931 -1.000000 -0.000000 0.158621
0.0000 0.8276 -1.000000 -0.000000 0.165517
0.0000 0.8621 -1.000000 -0.000000 0.172414
0.0000 0.8966 -1.000000 -0.000000 0.179310
0.0000 0.9310 -1.000000 -0.000000 0.186207
0.0000 0.9655 -1.000000 -0.000000 0.193103
0.0000 1.0000 -1.000000 -0.000000 0.200000

0.0345 0.0000 0.000000 1.000000 0.612604
0.0345 0.0345 0.016561 0.999863 0.574395
0.0345 0.0690 0.035470 0.999371 0.536366
0.0345 0.1034 0.057240 0.998360 0.498558
0.0345 0.1379 0.082533 0.996588 0.461026
0.0345 0.1724 0.112217 0.993684 0.423842
0.0345 0.2069 0.147439 0.989071 0.387108
0.0345 0.2414 0.189727 0.981837 0.350964
0.0345 0.2759 0.241117 0.970496 0.315614
0.0345 0.3103 0.304285 0.952581 0.281356
0.0345 0.3448 0.382577 0.923924 0.248642
0.0345 0.3793 0.479616 0.877479 0.218169
0.0345 0.4138 0.597607 0.801789 0.191012
0.0345 0.4483 0.732693 0.680559 0.168778
0.0345 0.4828 0.866906 0.498471 0.153621
0.0345 0.5172 0.965833 0.259165 0.147735
0.0345 0.5517 1.000000 0.000000 0.152200
0.0345 0.5862 0.973097 -0.230395 0.166183
0.0345 0.6207 0.912868 -0.408255 0.187568
0.0345 0.6552 0.843981 -0.536372 0.214148
0.0345 0.6897 0.778965 -0.627067 0.244234
0.0345 0.7241 0.721988 -0.691905 0.276683
0.0345 0.7586 0.673434 -0.739247 0.310757
0.0345 0.7931 0.632376 -0.774661 0.345976
0.0345 0.8276 0.597607 -0.801789 0.382023
0.0345 0.8621 0.567998 -0.823030 0.418685
0.0345 0.8966 0.542602 -0.839990 0.455812
0.0345 0.9310 0.520650 -0.853770 0.493301
0.0345 0.9655 0.501530 -0.865140 0.531074
0.0345 1.0000 0.0000 0.0000 0.0000

0.0690 0.0000 0.000000 1.000000 1.181451
0.0690 0.0345 0.023455 0.999725 1.105179
0.0690 0.0690 0.050352 0.998732 1.029606
0.0690 0.1034 0.081438 0.996678 0.954896
0.0690 0.1379 0.117655 0.993054 0.881270
0.0690 0.1724 0.160203 0.987084 0.809022
0.0690 0.2069 0.210584 0.977576 0.738559
0.0690 0.2414 0.270643 0.962680 0.670443
0.0690 0.2759 0.342500 0.939518 0.605467
0.0690 0.3103 0.428255 0.903658 0.544754
0.0690 0.3448 0.529126 0.848543 0.489893
0.0690 0.3793 0.643557 0.765398 0.443064
0.0690 0.4138 0.764183 0.644999 0.407047
0.0690 0.4483 0.875524 0.483175 0.384889
0.0690 0.4828 0.957446 0.288614 0.379031
0.0690 0.5172 0.996457 0.084105 0.390205
0.0690 0.5517 0.994480 -0.104922 0.417046
0.0690 0.5862 0.964680 -0.263426 0.456800
0.0690 0.6207 0.921317 -0.388813 0.506435
0.0690 0.6552 0.874257 -0.485464 0.563346
0.0690 0.6897 0.828761 -0.559603 0.625549
0.0690 0.7241 0.787069 -0.616864 0.691619
0.0690 0.7586 0.749820 -0.661642 0.760548
0.0690 0.7931 0.716904 -0.697172 0.831625
0.0690 0.8276 0.687920 -0.725787 0.904345
0.0690 0.8621 0.662385 -0.749164 0.978340
0.0690 0.8966 0.639829 -0.768517 1.053343
0.0690 0.9310 0.619829 -0.784737 1.129153
0.0690 0.9655 0.0000 0.0000 0.0000
0.0690 1.0000 0.0000 0.0000 0.0000

0.1034 0.0000 0.000000 1.000000 1.706540
0.1034 0.0345 0.026586 0.999647 1.592239
0.1034 0.0690 0.057233 0.998361 1.479238
0.1034 0.1034 0.092840 0.995681 1.367858
0.1034 0.1379 0.134540 0.990908 1.258529
0.1034 0.1724 0.183752 0.982973 1.151836
0.1034 0.2069 0.242215 0.970222 1.048585
0.1034 0.2414 0.311943 0.950101 0.949896
0.1034 0.2759 0.394990 0.918685 0.857349
0.1034 0.3103 0.492756 0.870167 0.773151
0.1034 0.3448 0.604446 0.796646 0.700320
0.1034 0.3793 0.724463 0.689313 0.642732
0.1034 0.4138 0.839950 0.542664 0.604758
0.1034 0.4483 0.932397 0.361435 0.590196
0.1034 0.4828 0.986479 0.163885 0.600750
0.1034 0.5172 0.999666 -0.025834 0.635170
0.1034 0.5517 0.981730 -0.190279 0.689893
0.1034 0.5862 0.946184 -0.323629 0.760549
0.1034 0.6207 0.903703 -0.428159 0.843142
0.1034 0.6552 0.860643 -0.509209 0.934512
0.1034 0.6897 0.820097 -0.572225 1.032331
0.1034 0.7241 0.783255 -0.621701 1.134933
0.1034 0.7586 0.750341 -0.661051 1.241132
0.1034 0.7931 0.721144 -0.692785 1.350080
0.1034 0.8276 0.695291 -0.718728 1.461162
0.1034 0.8621 0.672372 -0.740213 1.573927
0.1034 0.8966 0.651997 -0.758221 1.688036
0.1034 0.9310 0.0000 0.0000 0.0000
0.1034 0.9655 0.0000 0.0000 0.0000
0.1034 1.0000 0.0000 0.0000 0.0000

0.1379 0.0000 0.000000 1.000000 2.187872
0.1379 0.0345 0.028857 0.999584 2.035568
0.1379 0.0690 0.062315 0.998057 1.885234
0.1379 0.1034 0.101428 0.994843 1.737378
0.1379 0.1379 0.147523 0.989059 1.592694
0.1379 0.1724 0.202254 0.979333 1.452127
0.1379 0.2069 0.267607 0.963528 1.316999
0.1379 0.2414 0.345770 0.938319 1.189163
0.1379 0.2759 0.438669 0.898649 1.071234
0.1379 0.3103 0.546785 0.837273 0.966844
0.1379 0.3448 0.666874 0.745171 0.880820
0.1379 0.3793 0.788961 0.614443 0.818970
0.1379 0.4138 0.895633 0.444795 0.787014
0.1379 0.4483 0.968324 0.249696 0.788594
0.1379 0.4828 0.998587 0.053135 0.823518
0.1379 0.5172 0.992381 -0.123211 0.887859
0.1379 0.5517 0.963126 -0.269051 0.975816
0.1379 0.5862 0.923200 -0.384319 1.081643
0.1379 0.6207 0.880636 -0.473793 1.200623
0.1379 0.6552 0.839623 -0.543170 1.329230
0.1379 0.6897 0.801944 -0.597399 1.464930
0.1379 0.7241 0.768112 -0.640315 1.605927
0.1379 0.7586 0.738044 -0.674752 1.750940
0.1379 0.7931 0.711414 -0.702773 1.899050
0.1379 0.8276 0.687822 -0.725880 2.049586
0.1379 0.8621 0.666874 -0.745171 2.202051
0.1379 0.8966 0.0000 0.0000 0.0000
0.1379 0.9310 0.0000 0.0000 0.0000
0.1379 0.9655 0.0000 0.0000 0.0000
0.1379 1.0000 0.0000 0.0000 0.0000

0.1724 0.0000 0.000000 1.000000 2.625446
0.1724 0.0345 0.030860 0.999524 2.435167
0.1724 0.0690 0.066870 0.997762 2.247599
0.1724 0.1034 0.109255 0.994014 2.063482
0.1724 0.1379 0.159566 0.987187 1.883828
0.1724 0.1724 0.219727 0.975561 1.710043
0.1724 0.2069 0.292007 0.956416 1.544112
0.1724 0.2414 0.378760 0.925495 1.388851
0.1724 0.2759 0.481626 0.876377 1.248248
0.1724 0.3103 0.599696 0.800228 1.127800
0.1724 0.3448 0.726375 0.687298 1.034570
0.1724 0.3793 0.846627 0.532187 0.976386
0.1724 0.4138 0.939707 0.341982 0.959644
0.1724 0.4483 0.990346 0.138619 0.986456
0.1724 0.4828 0.998651 -0.051919 1.053502
0.1724 0.5172 0.976981 -0.213328 1.153789
0.1724 0.5517 0.939707 -0.341982 1.279525
0.1724 0.5862 0.897149 -0.441727 1.423985
0.1724 0.6207 0.855016 -0.518602 1.582047
0.1724 0.6552 0.815886 -0.578213 1.750030
0.1724 0.6897 0.780628 -0.624996 1.925339
0.1724 0.7241 0.749294 -0.662238 2.106145
0.1724 0.7586 0.721591 -0.692320 2.291147
0.1724 0.7931 0.697110 -0.716964 2.479406
0.1724 0.8276 0.675434 -0.737420 2.670234
0.1724 0.8621 0.0000 0.0000 0.0000
0.1724 0.8966 0.0000 0.0000 0.0000
0.1724 0.9310 0.0000 0.0000 0.0000
0.1724 0.9655 0.0000 0.0000 0.0000
0.1724 1.0000 0.0000 0.0000 0.0000

0.2069 0.0000 0.000000 1.000000 3.019263
0.2069 0.0345 0.032804 0.999462 2.791038
0.2069 0.0690 0.071352 0.997451 2.566351
0.2069 0.1034 0.117071 0.993124 2.346217
0.2069 0.1379 0.171774 0.985136 2.132047
0.2069 0.1724 0.237709 0.971336 1.925832
0.2069 0.2069 0.317464 0.948270 1.730418
0.2069 0.2414 0.413514 0.910498 1.549896
0.2069 0.2759 0.526920 0.849915 1.390081
0.2069 0.3103 0.654564 0.756007 1.258883
0.2069 0.3448 0.785227 0.619208 1.166002
0.2069 0.3793 0.898422 0.439134 1.121004
0.2069 0.4138 0.972616 0.232417 1.129626
0.2069 0.4483 0.999620 0.027562 1.190702
0.2069 0.4828 0.988406 -0.151837 1.296844
0.2069 0.5172 0.954982 -0.296664 1.438106
0.2069 0.5517 0.912586 -0.408886 1.605244
0.2069 0.5862 0.869043 -0.494737 1.791029
0.2069 0.6207 0.828058 -0.560642 1.990244
0.2069 0.6552 0.790997 -0.611820 2.199244
0.2069 0.6897 0.758088 -0.652152 2.415490
0.2069 0.7241 0.729073 -0.684436 2.637200
0.2069 0.7586 0.703526 -0.710669 2.863104
0.2069 0.7931 0.680994 -0.732289 3.092285
0.2069 0.8276 0.0000 0.0000 0.0000
0.2069 0.8621 0.0000 0.0000 0.0000
0.2069 0.8966 0.0000 0.0000 0.0000
0.2069 0.9310 0.0000 0.0000 0.0000
0.2069 0.9655 0.0000 0.0000 0.0000
0.2069 1.0000 0.0000 0.0000 0.0000

0.2414 0.0000 0.000000 1.000000 3.369322
0.2414 0.0345 0.034792 0.999395 3.103187
0.2414 0.0690 0.075992 0.997108 2.841510
0.2414 0.1034 0.125269 0.992123 2.585647
0.2414 0.1379 0.184755 0.982785 2.337506
0.2414 0.1724 0.257085 0.966389 2.099828
0.2414 0.2069 0.345200 0.938529 1.876593
0.2414 0.2414 0.451585 0.892228 1.673588
0.2414 0.2759 0.576185 0.817319 1.499057
0.2414 0.3103 0.712405 0.701769 1.363973
0.2414 0.3448 0.842911 0.538052 1.280878
0.2414 0.3793 0.942491 0.334231 1.260101
0.2414 0.4138 0.993086 0.117391 1.304621
0.2414 0.4483 0.996668 -0.081564 1.408259
0.2414 0.4828 0.969384 -0.245549 1.559272
0.2414 0.5172 0.927865 -0.372917 1.745406
0.2414 0.5517 0.882864 -0.469629 1.956663
0.2414 0.5862 0.839719 -0.543021 2.185772
0.2414 0.6207 0.800517 -0.599310 2.427682
0.2414 0.6552 0.765742 -0.643148 2.678929
0.2414 0.6897 0.735188 -0.677863 2.937117
0.2414 0.7241 0.708406 -0.705805 3.200568
0.2414 0.7586 0.684894 -0.728643 3.468081
0.2414 0.7931 0.0000 0.0000 0.0000
0.2414 0.8276 0.0000 0.0000 0.0000
0.2414 0.8621 0.0000 0.0000 0.0000
0.2414 0.8966 0.0000 0.0000 0.0000
0.2414 0.9310 0.0000 0.0000 0.0000
0.2414 0.9655 0.0000 0.0000 0.0000
0.2414 1.0000 0.0000 0.0000 0.0000

0.2759 0.0000 0.000000 1.000000 3.675624
0.2759 0.0345 0.036889 0.999319 3.371617
0.2759 0.0690 0.080945 0.996719 3.073104
0.2759 0.1034 0.134129 0.990964 2.781855
0.2759 0.1379 0.198969 0.980006 2.500410
0.2759 0.1724 0.278560 0.960419 2.232478
0.2759 0.2069 0.376223 0.926529 1.983545
0.2759 0.2414 0.494204 0.869346 1.761681
0.2759 0.2759 0.630411 0.776261 1.578345
0.2759 0.3103 0.772925 0.634498 1.448242
0.2759 0.3448 0.897087 0.441854 1.386440
0.2759 0.3793 0.975843 0.218475 1.402002
0.2759 0.4138 1.000000 0.000000 1.492509
0.2759 0.4483 0.982525 -0.186129 1.645642
0.2759 0.4828 0.943323 -0.331876 1.845880
0.2759 0.5172 0.897087 -0.441854 2.079660
0.2759 0.5517 0.851546 -0.524279 2.336939
0.2759 0.5862 0.809869 -0.586611 2.610777
0.2759 0.6207 0.772925 -0.634498 2.896483
0.2759 0.6552 0.740594 -0.671953 3.190870
0.2759 0.6897 0.712399 -0.701774 3.491743
0.2759 0.7241 0.687781 -0.725918 3.797561
0.2759 0.7586 0.0000 0.0000 0.0000
0.2759 0.7931 0.0000 0.0000 0.0000
0.2759 0.8276 0.0000 0.0000 0.0000
0.2759 0.8621 0.0000 0.0000 0.0000
0.2759 0.8966 0.0000 0.0000 0.0000
0.2759 0.9310 0.0000 0.0000 0.0000
0.2759 0.9655 0.0000 0.0000 0.0000
0.2759 1.0000 0.0000 0.0000 0.0000

0.3103 0.0000 0.000000 1.000000 3.938169
0.3103 0.0345 0.039147 0.999233 3.596336
0.3103 0.0690 0.086340 0.996266 3.261168
0.3103 0.1034 0.143905 0.989591 2.934948
0.3103 0.1379 0.214855 0.976646 2.621021
0.3103 0.1724 0.302845 0.953040 2.324373
0.3103 0.2069 0.411549 0.911387 2.052508
0.3103 0.2414 0.542497 0.840058 1.816589
0.3103 0.2759 0.690004 0.723805 1.632277
0.3103 0.3103 0.834428 0.551117 1.518481
0.3103 0.3448 0.943958 0.330066 1.491431
0.3103 0.3793 0.995484 0.094932 1.555658
0.3103 0.4138 0.993276 -0.115770 1.700854
0.3103 0.4483 0.958910 -0.283711 1.908628
0.3103 0.4828 0.912070 -0.410035 2.161005
0.3103 0.5172 0.863991 -0.503508 2.444207
0.3103 0.5517 0.819492 -0.573091 2.748723
0.3103 0.5862 0.780044 -0.625725 3.068214
0.3103 0.6207 0.745669 -0.666316 3.398458
0.3103 0.6552 0.715867 -0.698237 3.736606
0.3103 0.6897 0.690004 -0.723805 4.080693
0.3103 0.7241 0.0000 0.0000 0.0000
0.3103 0.7586 0.0000 0.0000 0.0000
0.3103 0.7931 0.0000 0.0000 0.0000
0.3103 0.8276 0.0000 0.0000 0.0000
0.3103 0.8621 0.0000 0.0000 0.0000
0.3103 0.8966 0.0000 0.0000 0.0000
0.3103 0.9310 0.0000 0.0000 0.0000
0.3103 0.9655 0.0000 0.0000 0.0000
0.3103 1.0000 0.0000 0.0000 0.0000

0.3448 0.0000 0.000000 1.000000 4.156956
0.3448 0.0345 0.041615 0.999134 3.777351
0.3448 0.0690 0.092311 0.995730 3.405743
0.3448 0.1034 0.154868 0.987935 3.045061
0.3448 0.1379 0.232906 0.972499 2.699690
0.3448 0.1724 0.330752 0.943718 2.376312
0.3448 0.2069 0.452316 0.891858 2.085187
0.3448 0.2414 0.597476 0.801886 1.841674
0.3448 0.2759 0.754483 0.656320 1.666772
0.3448 0.3103 0.893494 0.449075 1.583384
0.3448 0.3448 0.978894 0.204368 1.605831
0.3448 0.3793 0.999500 -0.031617 1.729997
0.3448 0.4138 0.974134 -0.225972 1.936413
0.3448 0.4483 0.927999 -0.372582 2.202070
0.3448 0.4828 0.877402 -0.479755 2.508215
0.3448 0.5172 0.829726 -0.558171 2.841792
0.3448 0.5517 0.787392 -0.616453 3.194218
0.3448 0.5862 0.750666 -0.660682 3.559900
0.3448 0.6207 0.719031 -0.694978 3.935143
0.3448 0.6552 0.691769 -0.722119 4.317457
0.3448 0.6897 0.0000 0.0000 0.0000
0.3448 0.7241 0.0000 0.0000 0.0000
0.3448 0.7586 0.0000 0.0000 0.0000
0.3448 0.7931 0.0000 0.0000 0.0000
0.3448 0.8276 0.0000 0.0000 0.0000
0.3448 0.8621 0.0000 0.0000 0.0000
0.3448 0.8966 0.0000 0.0000 0.0000
0.3448 0.9310 0.0000 0.0000 0.0000
0.3448 0.9655 0.0000 0.0000 0.0000
0.3448 1.0000 0.0000 0.0000 0.0000

0.3793 0.0000 0.000000 1.000000 4.331986
0.3793 0.0345 0.044347 0.999016 3.914672
0.3793 0.0690 0.099007 0.995087 3.506885
0.3793 0.1034 0.167335 0.985900 3.112374
0.3793 0.1379 0.253723 0.967277 2.736884
0.3793 0.1724 0.363277 0.931681 2.389400
0.3793 0.2069 0.499821 0.866129 2.083979
0.3793 0.2414 0.659847 0.751400 1.841668
0.3793 0.2759 0.821868 0.569678 1.689837
0.3793 0.3103 0.944863 0.327466 1.653600
0.3793 0.3448 0.997606 0.069149 1.740194
0.3793 0.3793 0.987818 -0.155615 1.933182
0.3793 0.4138 0.944863 -0.327466 2.204801
0.3793 0.4483 0.892084 -0.451870 2.529849
0.3793 0.4828 0.840879 -0.541223 2.890357
0.3793 0.5172 0.795217 -0.606325 3.274633
0.3793 0.5517 0.755774 -0.654832 3.675231
0.3793 0.5862 0.722044 -0.691847 4.087353
0.3793 0.6207 0.693204 -0.720742 4.507841
0.3793 0.6552 0.0000 0.0000 0.0000
0.3793 0.6897 0.0000 0.0000 0.0000
0.3793 0.7241 0.0000 0.0000 0.0000
0.3793 0.7586 0.0000 0.0000 0.0000
0.3793 0.7931 0.0000 0.0000 0.0000
0.3793 0.8276 0.0000 0.0000 0.0000
0.3793 0.8621 0.0000 0.0000 0.0000
0.3793 0.8966 0.0000 0.0000 0.0000
0.3793 0.9310 0.0000 0.0000 0.0000
0.3793 0.9655 0.0000 0.0000 0.0000
0.3793 1.0000 0.0000 0.0000 0.0000

0.4138 0.0000 0.000000 1.000000 4.463258
0.4138 0.0345 0.047404 0.998876 4.008311
0.4138 0.0690 0.106609 0.994301 3.564667
0.4138 0.1034 0.181706 0.983353 3.137123
0.4138 0.1379 0.278075 0.960559 2.733247
0.4138 0.1724 0.401684 0.915778 2.365193
0.4138 0.2069 0.555502 0.831515 2.052326
0.4138 0.2414 0.729501 0.683980 1.823279
0.4138 0.2759 0.887889 0.460058 1.712033
0.4138 0.3103 0.982079 0.188467 1.741312
0.4138 0.3448 0.997622 -0.068922 1.904648
0.4138 0.3793 0.962305 -0.271972 2.172004
0.4138 0.4138 0.908292 -0.418337 2.510364
0.4138 0.4483 0.853268 -0.521473 2.894935
0.4138 0.4828 0.803761 -0.594953 3.309649
0.4138 0.5172 0.761163 -0.648561 3.744504
0.4138 0.5517 0.725022 -0.688726 4.193238
0.4138 0.5862 0.694393 -0.719596 4.651837
0.4138 0.6207 0.0000 0.0000 0.0000
0.4138 0.6552 0.0000 0.0000 0.0000
0.4138 0.6897 0.0000 0.0000 0.0000
0.4138 0.7241 0.0000 0.0000 0.0000
0.4138 0.7586 0.0000 0.0000 0.0000
0.4138 0.7931 0.0000 0.0000 0.0000
0.4138 0.8276 0.0000 0.0000 0.0000
0.4138 0.8621 0.0000 0.0000 0.0000
0.4138 0.8966 0.0000 0.0000 0.0000
0.4138 0.9310 0.0000 0.0000 0.0000
0.4138 0.9655 0.0000 0.0000 0.0000
0.4138 1.0000 0.0000 0.0000 0.0000

0.4483 0.0000 0.000000 1.000000 4.550773
0.4483 0.0345 0.050864 0.998706 4.058285
0.4483 0.0690 0.115345 0.993325 3.579181
0.4483 0.1034 0.198505 0.980100 3.119632
0.4483 0.1379 0.306982 0.951715 2.689680
0.4483 0.1724 0.447585 0.894241 2.305942
0.4483 0.2069 0.620733 0.784022 1.995262
0.4483 0.2414 0.804553 0.593881 1.795962
0.4483 0.2759 0.945477 0.325689 1.746597
0.4483 0.3103 0.999268 0.038246 1.859149
0.4483 0.3448 0.979302 -0.202404 2.107837
0.4483 0.3793 0.926191 -0.377053 2.451578
0.4483 0.4138 0.867237 -0.497895 2.856256
0.4483 0.4483 0.813290 -0.581858 3.299526
0.4483 0.4828 0.766999 -0.641648 3.767793
0.4483 0.5172 0.728064 -0.685509 4.252806
0.4483 0.5517 0.695395 -0.718628 4.749439
0.4483 0.5862 0.0000 0.0000 0.0000
0.4483 0.6207 0.0000 0.0000 0.0000
0.4483 0.6552 0.0000 0.0000 0.0000
0.4483 0.6897 0.0000 0.0000 0.0000
0.4483 0.7241 0.0000 0.0000 0.0000
0.4483 0.7586 0.0000 0.0000 0.0000
0.4483 0.7931 0.0000 0.0000 0.0000
0.4483 0.8276 0.0000 0.0000 0.0000
0.4483 0.8621 0.0000 0.0000 0.0000
0.4483 0.8966 0.0000 0.0000 0.0000
0.4483 0.9310 0.0000 0.0000 0.0000
0.4483 0.9655 0.0000 0.0000 0.0000
0.4483 1.0000 0.0000 0.0000 0.0000

0.4828 0.0000 0.000000 1.000000 4.594530
0.4828 0.0345 0.054822 0.998496 4.064614
0.4828 0.0690 0.125518 0.992091 3.550554
0.4828 0.1034 0.218436 0.975851 3.060348
0.4828 0.1379 0.341831 0.939761 2.607487
0.4828 0.1724 0.503003 0.864285 2.214997
0.4828 0.2069 0.696250 0.717799 1.920258
0.4828 0.2414 0.879898 0.475163 1.772718
0.4828 0.2759 0.985557 0.169343 1.808764
0.4828 0.3103 0.993503 -0.113806 2.018584
0.4828 0.3448 0.945716 -0.324995 2.356205
0.4828 0.3793 0.883172 -0.469049 2.775370
0.4828 0.4138 0.824119 -0.566417 3.244628
0.4828 0.4483 0.773468 -0.633836 3.745198
0.4828 0.4828 0.731263 -0.682096 4.266071
0.4828 0.5172 0.0000 0.0000 0.0000
0.4828 0.5517 0.0000 0.0000 0.0000
0.4828 0.5862 0.0000 0.0000 0.0000
0.4828 0.6207 0.0000 0.0000 0.0000
0.4828 0.6552 0.0000 0.0000 0.0000
0.4828 0.6897 0.0000 0.0000 0.0000
0.4828 0.7241 0.0000 0.0000 0.0000
0.4828 0.7586 0.0000 0.0000 0.0000
0.4828 0.7931 0.0000 0.0000 0.0000
0.4828 0.8276 0.0000 0.0000 0.0000
0.4828 0.8621 0.0000 0.0000 0.0000
0.4828 0.8966 0.0000 0.0000 0.0000
0.4828 0.9310 0.0000 0.0000 0.0000
0.4828 0.9655 0.0000 0.0000 0.0000
0.4828 1.0000 0.0000 0.0000 0.0000

0.5172 0.0000 0.000000 1.000000 4.594530
0.5172 0.0345 0.059404 0.998234 4.027326
0.5172 0.0690 0.137535 0.990497 3.478959
0.5172 0.1034 0.242479 0.970157 2.959915
0.5172 0.1379 0.384534 0.923111 2.488613
0.5172 0.1724 0.570300 0.821436 2.097483
0.5172 0.2069 0.780793 0.624790 1.838431
0.5172 0.2414 0.945921 0.324396 1.770415
0.5172 0.2759 1.000000 0.000000 1.913912
0.5172 0.3103 0.966219 -0.257722 2.228430
0.5172 0.3448 0.901481 -0.432818 2.653844
0.5172 0.3793 0.836639 -0.547754 3.145477
0.5172 0.4138 0.780793 -0.624790 3.676862
0.5172 0.4483 0.734719 -0.678371 4.233054
0.5172 0.4828 0.0000 0.0000 0.0000
0.5172 0.5172 0.0000 0.0000 0.0000
0.5172 0.5517 0.0000 0.0000 0.0000
0.5172 0.5862 0.0000 0.0000 0.0000
0.5172 0.6207 0.0000 0.0000 0.0000
0.5172 0.6552 0.0000 0.0000 0.0000
0.5172 0.6897 0.0000 0.0000 0.0000
0.5172 0.7241 0.0000 0.0000 0.0000
0.5172 0.7586 0.0000 0.0000 0.0000
0.5172 0.7931 0.0000 0.0000 0.0000
0.5172 0.8276 0.0000 0.0000 0.0000
0.5172 0.8621 0.0000 0.0000 0.0000
0.5172 0.8966 0.0000 0.0000 0.0000
0.5172 0.9310 0.0000 0.0000 0.0000
0.5172 0.9655 0.0000 0.0000 0.0000
0.5172 1.0000 0.0000 0.0000 0.0000

0.5517 0.0000 0.000000 1.000000 4.550773
0.5517 0.0345 0.064779 0.997900 3.946458
0.5517 0.0690 0.151962 0.988386 3.364640
0.5517 0.1034 0.272035 0.962287 2.819284
0.5517 0.1379 0.437742 0.899101 2.336064
0.5517 0.1724 0.651680 0.758494 1.961455
0.5517 0.2069 0.868574 0.495559 1.765984
0.5517 0.2414 0.989409 0.145157 1.808693
0.5517 0.2759 0.985666 -0.168709 2.074927
0.5517 0.3103 0.922509 -0.385976 2.494103
0.5517 0.3448 0.851354 -0.524592 3.002842
0.5517 0.3793 0.789262 -0.614056 3.562983
0.5517 0.4138 0.738550 -0.674199 4.153783
0.5517 0.4483 0.697634 -0.716454 4.763850
0.5517 0.4828 0.0000 0.0000 0.0000
0.5517 0.5172 0.0000 0.0000 0.0000
0.5517 0.5517 0.0000 0.0000 0.0000
0.5517 0.5862 0.0000 0.0000 0.0000
0.5517 0.6207 0.0000 0.0000 0.0000
0.5517 0.6552 0.0000 0.0000 0.0000
0.5517 0.6897 0.0000 0.0000 0.0000
0.5517 0.7241 0.0000 0.0000 0.0000
0.5517 0.7586 0.0000 0.0000 0.0000
0.5517 0.7931 0.0000 0.0000 0.0000
0.5517 0.8276 0.0000 0.0000 0.0000
0.5517 0.8621 0.0000 0.0000 0.0000
0.5517 0.8966 0.0000 0.0000 0.0000
0.5517 0.9310 0.0000 0.0000 0.0000
0.5517 0.9655 0.0000 0.0000 0.0000
0.5517 1.0000 0.0000 0.0000 0.0000

0.5862 0.0000 0.000000 1.000000 4.463258
0.5862 0.0345 0.071181 0.997463 3.822061
0.5862 0.0690 0.169614 0.985511 3.207956
0.5862 0.1034 0.309166 0.951008 2.639917
0.5862 0.1379 0.505051 0.863090 2.154690
0.5862 0.1724 0.747503 0.664258 1.819772
0.5862 0.2069 0.946257 0.323415 1.725051
0.5862 0.2414 0.998810 -0.048768 1.906668
0.5862 0.2759 0.946257 -0.323415 2.300069
0.5862 0.3103 0.868912 -0.494966 2.817907
0.5862 0.3448 0.799262 -0.600983 3.403855
0.5862 0.3793 0.742901 -0.669402 4.028302
0.5862 0.4138 0.698202 -0.715901 4.675847
0.5862 0.4483 0.0000 0.0000 0.0000
0.5862 0.4828 0.0000 0.0000 0.0000
0.5862 0.5172 0.0000 0.0000 0.0000
0.5862 0.5517 0.0000 0.0000 0.0000
0.5862 0.5862 0.0000 0.0000 0.0000
0.5862 0.6207 0.0000 0.0000 0.0000
0.5862 0.6552 0.0000 0.0000 0.0000
0.5862 0.6897 0.0000 0.0000 0.0000
0.5862 0.7241 0.0000 0.0000 0.0000
0.5862 0.7586 0.0000 0.0000 0.0000
0.5862 0.7931 0.0000 0.0000 0.0000
0.5862 0.8276 0.0000 0.0000 0.0000
0.5862 0.8621 0.0000 0.0000 0.0000
0.5862 0.8966 0.0000 0.0000 0.0000
0.5862 0.9310 0.0000 0.0000 0.0000
0.5862 0.9655 0.0000 0.0000 0.0000
0.5862 1.0000 0.0000 0.0000 0.0000

0.6207 0.0000 0.000000 1.000000 4.331986
0.6207 0.0345 0.078941 0.996879 3.654210
0.6207 0.0690 0.191707 0.981452 3.009445
0.6207 0.1034 0.356986 0.934110 2.424177
0.6207 0.1379 0.590920 0.806730 1.952657
0.6207 0.1724 0.852054 0.523455 1.692770
0.6207 0.2069 0.993591 0.113038 1.741962
0.6207 0.2414 0.971546 -0.236851 2.078402
0.6207 0.2759 0.890130 -0.455706 2.592574
0.6207 0.3103 0.811331 -0.584587 3.199920
0.6207 0.3448 0.747967 -0.663736 3.856669
0.6207 0.3793 0.698705 -0.715410 4.541439
0.6207 0.4138 0.0000 0.0000 0.0000
0.6207 0.4483 0.0000 0.0000 0.0000
0.6207 0.4828 0.0000 0.0000 0.0000
0.6207 0.5172 0.0000 0.0000 0.0000
0.6207 0.5517 0.0000 0.0000 0.0000
0.6207 0.5862 0.0000 0.0000 0.0000
0.6207 0.6207 0.0000 0.0000 0.0000
0.6207 0.6552 0.0000 0.0000 0.0000
0.6207 0.6897 0.0000 0.0000 0.0000
0.6207 0.7241 0.0000 0.0000 0.0000
0.6207 0.7586 0.0000 0.0000 0.0000
0.6207 0.7931 0.0000 0.0000 0.0000
0.6207 0.8276 0.0000 0.0000 0.0000
0.6207 0.8621 0.0000 0.0000 0.0000
0.6207 0.8966 0.0000 0.0000 0.0000
0.6207 0.9310 0.0000 0.0000 0.0000
0.6207 0.9655 0.0000 0.0000 0.0000
0.6207 1.0000 0.0000 0.0000 0.0000

0.6552 0.0000 0.000000 1.000000 4.156956
0.6552 0.0345 0.088549 0.996072 3.443014
0.6552 0.0690 0.220129 0.975471 2.769967
0.6552 0.1034 0.420305 0.907383 2.176098
0.6552 0.1379 0.699155 0.714970 1.744250
0.6552 0.1724 0.946520 0.322644 1.610505
0.6552 0.2069 0.993607 -0.112898 1.841021
0.6552 0.2414 0.915899 -0.401408 2.330088
0.6552 0.2759 0.826255 -0.563297 2.951876
0.6552 0.3103 0.754024 -0.656847 3.638977
0.6552 0.3448 0.699155 -0.714970 4.360624
0.6552 0.3793 0.0000 0.0000 0.0000
0.6552 0.4138 0.0000 0.0000 0.0000
0.6552 0.4483 0.0000 0.0000 0.0000
0.6552 0.4828 0.0000 0.0000 0.0000
0.6552 0.5172 0.0000 0.0000 0.0000
0.6552 0.5517 0.0000 0.0000 0.0000
0.6552 0.5862 0.0000 0.0000 0.0000
0.6552 0.6207 0.0000 0.0000 0.0000
0.6552 0.6552 0.0000 0.0000 0.0000
0.6552 0.6897 0.0000 0.0000 0.0000
0.6552 0.7241 0.0000 0.0000 0.0000
0.6552 0.7586 0.0000 0.0000 0.0000
0.6552 0.7931 0.0000 0.0000 0.0000
0.6552 0.8276 0.0000 0.0000 0.0000
0.6552 0.8621 0.0000 0.0000 0.0000
0.6552 0.8966 0.0000 0.0000 0.0000
0.6552 0.9310 0.0000 0.0000 0.0000
0.6552 0.9655 0.0000 0.0000 0.0000
0.6552 1.0000 0.0000 0.0000 0.0000

0.6897 0.0000 0.000000 1.000000 3.938169
0.6897 0.0345 0.100759 0.994911 3.188641
0.6897 0.0690 0.257960 0.966156 2.490964
0.6897 0.1034 0.506479 0.862252 1.903044
0.6897 0.1379 0.826551 0.562862 1.554819
0.6897 0.1724 0.997689 0.067940 1.610141
0.6897 0.2069 0.946632 -0.322317 2.036383
0.6897 0.2414 0.845200 -0.534450 2.660896
0.6897 0.2759 0.761480 -0.648188 3.375365
0.6897 0.3103 0.0000 0.0000 0.0000
0.6897 0.3448 0.0000 0.0000 0.0000
0.6897 0.3793 0.0000 0.0000 0.0000
0.6897 0.4138 0.0000 0.0000 0.0000
0.6897 0.4483 0.0000 0.0000 0.0000
0.6897 0.4828 0.0000 0.0000 0.0000
0.6897 0.5172 0.0000 0.0000 0.0000
0.6897 0.5517 0.0000 0.0000 0.0000
0.6897 0.5862 0.0000 0.0000 0.0000
0.6897 0.6207 0.0000 0.0000 0.0000
0.6897 0.6552 0.0000 0.0000 0.0000
0.6897 0.6897 0.0000 0.0000 0.0000
0.6897 0.7241 0.0000 0.0000 0.0000
0.6897 0.7586 0.0000 0.0000 0.0000
0.6897 0.7931 0.0000 0.0000 0.0000
0.6897 0.8276 0.0000 0.0000 0.0000
0.6897 0.8621 0.0000 0.0000 0.0000
0.6897 0.8966 0.0000 0.0000 0.0000
0.6897 0.9310 0.0000 0.0000 0.0000
0.6897 0.9655 0.0000 0.0000 0.0000
0.6897 1.0000 0.0000 0.0000 0.0000

0.7241 0.0000 0.000000 1.000000 3.675624
0.7241 0.0345 0.116794 0.993156 2.891369
0.7241 0.0690 0.310515 0.950569 2.175055
0.7241 0.1034 0.625554 0.780181 1.619491
0.7241 0.1379 0.946732 0.322022 1.426774
0.7241 0.1724 0.979804 -0.199963 1.723270
0.7241 0.2069 0.869935 -0.493167 2.329094
0.7241 0.2414 0.770973 -0.636867 3.066063
0.7241 0.2759 0.699924 -0.714218 3.859773
0.7241 0.3103 0.0000 0.0000 0.0000
0.7241 0.3448 0.0000 0.0000 0.0000
0.7241 0.3793 0.0000 0.0000 0.0000
0.7241 0.4138 0.0000 0.0000 0.0000
0.7241 0.4483 0.0000 0.0000 0.0000
0.7241 0.4828 0.0000 0.0000 0.0000
0.7241 0.5172 0.0000 0.0000 0.0000
0.7241 0.5517 0.0000 0.0000 0.0000
0.7241 0.5862 0.0000 0.0000 0.0000
0.7241 0.6207 0.0000 0.0000 0.0000
0.7241 0.6552 0.0000 0.0000 0.0000
0.7241 0.6897 0.0000 0.0000 0.0000
0.7241 0.7241 0.0000 0.0000 0.0000
0.7241 0.7586 0.0000 0.0000 0.0000
0.7241 0.7931 0.0000 0.0000 0.0000
0.7241 0.8276 0.0000 0.0000 0.0000
0.7241 0.8621 0.0000 0.0000 0.0000
0.7241 0.8966 0.0000 0.0000 0.0000
0.7241 0.9310 0.0000 0.0000 0.0000
0.7241 0.9655 0.0000 0.0000 0.0000
0.7241 1.0000 0.0000 0.0000 0.0000

0.7586 0.0000 0.000000 1.000000 3.369322
0.7586 0.0345 0.138772 0.990324 2.551681
0.7586 0.0690 0.387533 0.921856 1.827467
0.7586 0.1034 0.783565 0.621309 1.355735
0.7586 0.1379 1.000000 0.000000 1.416409
0.7586 0.1724 0.903013 -0.429613 1.960671
0.7586 0.2069 0.783565 -0.621309 2.711469
0.7586 0.2414 0.700255 -0.713893 3.539734
0.7586 0.2759 0.0000 0.0000 0.0000
0.7586 0.3103 0.0000 0.0000 0.0000
0.7586 0.3448 0.0000 0.0000 0.0000
0.7586 0.3793 0.0000 0.0000 0.0000
0.7586 0.4138 0.0000 0.0000 0.0000
0.7586 0.4483 0.0000 0.0000 0.0000
0.7586 0.4828 0.0000 0.0000 0.0000
0.7586 0.5172 0.0000 0.0000 0.0000
0.7586 0.5517 0.0000 0.0000 0.0000
0.7586 0.5862 0.0000 0.0000 0.0000
0.7586 0.6207 0.0000 0.0000 0.0000
0.7586 0.6552 0.0000 0.0000 0.0000
0.7586 0.6897 0.0000 0.0000 0.0000
0.7586 0.7241 0.0000 0.0000 0.0000
0.7586 0.7586 0.0000 0.0000 0.0000
0.7586 0.7931 0.0000 0.0000 0.0000
0.7586 0.8276 0.0000 0.0000 0.0000
0.7586 0.8621 0.0000 0.0000 0.0000
0.7586 0.8966 0.0000 0.0000 0.0000
0.7586 0.9310 0.0000 0.0000 0.0000
0.7586 0.9655 0.0000 0.0000 0.0000
0.7586 1.0000 0.0000 0.0000 0.0000

0.7931 0.0000 0.000000 1.000000 3.019263
0.7931 0.0345 0.170703 0.985323 2.170502
0.7931 0.0690 0.507533 0.861633 1.460049
0.7931 0.1034 0.946906 0.321510 1.173859
0.7931 0.1379 0.946906 -0.321510 1.565145
0.7931 0.1724 0.801159 -0.598452 2.312347
0.7931 0.2069 0.0000 0.0000 0.0000
0.7931 0.2414 0.0000 0.0000 0.0000
0.7931 0.2759 0.0000 0.0000 0.0000
0.7931 0.3103 0.0000 0.0000 0.0000
0.7931 0.3448 0.0000 0.0000 0.0000
0.7931 0.3793 0.0000 0.0000 0.0000
0.7931 0.4138 0.0000 0.0000 0.0000
0.7931 0.4483 0.0000 0.0000 0.0000
0.7931 0.4828 0.0000 0.0000 0.0000
0.7931 0.5172 0.0000 0.0000 0.0000
0.7931 0.5517 0.0000 0.0000 0.0000
0.7931 0.5862 0.0000 0.0000 0.0000
0.7931 0.6207 0.0000 0.0000 0.0000
0.7931 0.6552 0.0000 0.0000 0.0000
0.7931 0.6897 0.0000 0.0000 0.0000
0.7931 0.7241 0.0000 0.0000 0.0000
0.7931 0.7586 0.0000 0.0000 0.0000
0.7931 0.7931 0.0000 0.0000 0.0000
0.7931 0.8276 0.0000 0.0000 0.0000
0.7931 0.8621 0.0000 0.0000 0.0000
0.7931 0.8966 0.0000 0.0000 0.0000
0.7931 0.9310 0.0000 0.0000 0.0000
0.7931 0.9655 0.0000 0.0000 0.0000
0.7931 1.0000 0.0000 0.0000 0.0000

0.8276 0.0000 0.000000 1.000000 2.625446
0.8276 0.0345 0.221116 0.975248 1.749853
0.8276 0.0690 0.700833 0.713325 1.104172
0.8276 0.1034 0.993666 -0.112375 1.168160
0.8276 0.1379 0.827484 -0.561489 1.870346
0.8276 0.1724 0.700833 -0.713325 2.760431
0.8276 0.2069 0.0000 0.0000 0.0000
0.8276 0.2414 0.0000 0.0000 0.0000
0.8276 0.2759 0.0000 0.0000 0.0000
0.8276 0.3103 0.0000 0.0000 0.0000
0.8276 0.3448 0.0000 0.0000 0.0000
0.8276 0.3793 0.0000 0.0000 0.0000
0.8276 0.4138 0.0000 0.0000 0.0000
0.8276 0.4483 0.0000 0.0000 0.0000
0.8276 0.4828 0.0000 0.0000 0.0000
0.8276 0.5172 0.0000 0.0000 0.0000
0.8276 0.5517 0.0000 0.0000 0.0000
0.8276 0.5862 0.0000 0.0000 0.0000
0.8276 0.6207 0.0000 0.0000 0.0000
0.8276 0.6552 0.0000 0.0000 0.0000
0.8276 0.6897 0.0000 0.0000 0.0000
0.8276 0.7241 0.0000 0.0000 0.0000
0.8276 0.7586 0.0000 0.0000 0.0000
0.8276 0.7931 0.0000 0.0000 0.0000
0.8276 0.8276 0.0000 0.0000 0.0000
0.8276 0.8621 0.0000 0.0000 0.0000
0.8276 0.8966 0.0000 0.0000 0.0000
0.8276 0.9310 0.0000 0.0000 0.0000
0.8276 0.9655 0.0000 0.0000 0.0000
0.8276 1.0000 0.0000 0.0000 0.0000

0.8621 0.0000 0.000000 1.000000 2.187872
0.8621 0.0345 0.311431 0.950269 1.295084
0.8621 0.0690 0.947051 0.321082 0.851758
0.8621 0.1034 0.870623 -0.491950 1.389795
0.8621 0.1379 0.701087 -0.713075 2.301165
0.8621 0.1724 0.0000 0.0000 0.0000
0.8621 0.2069 0.0000 0.0000 0.0000
0.8621 0.2414 0.0000 0.0000 0.0000
0.8621 0.2759 0.0000 0.0000 0.0000
0.8621 0.3103 0.0000 0.0000 0.0000
0.8621 0.3448 0.0000 0.0000 0.0000
0.8621 0.3793 0.0000 0.0000 0.0000
0.8621 0.4138 0.0000 0.0000 0.0000
0.8621 0.4483 0.0000 0.0000 0.0000
0.8621 0.4828 0.0000 0.0000 0.0000
0.8621 0.5172 0.0000 0.0000 0.0000
0.8621 0.5517 0.0000 0.0000 0.0000
0.8621 0.5862 0.0000 0.0000 0.0000
0.8621 0.6207 0.0000 0.0000 0.0000
0.8621 0.6552 0.0000 0.0000 0.0000
0.8621 0.6897 0.0000 0.0000 0.0000
0.8621 0.7241 0.0000 0.0000 0.0000
0.8621 0.7586 0.0000 0.0000 0.0000
0.8621 0.7931 0.0000 0.0000 0.0000
0.8621 0.8276 0.0000 0.0000 0.0000
0.8621 0.8621 0.0000 0.0000 0.0000
0.8621 0.8966 0.0000 0.0000 0.0000
0.8621 0.9310 0.0000 0.0000 0.0000
0.8621 0.9655 0.0000 0.0000 0.0000
0.8621 1.0000 0.0000 0.0000 0.0000

0.8966 0.0000 0.000000 1.000000 1.706540
0.8966 0.0345 0.508341 0.861156 0.825702
0.8966 0.0690 0.947116 -0.320892 0.886351
0.8966 0.1034 0.0000 0.0000 0.0000
0.8966 0.1379 0.0000 0.0000 0.0000
0.8966 0.1724 0.0000 0.0000 0.0000
0.8966 0.2069 0.0000 0.0000 0.0000
0.8966 0.2414 0.0000 0.0000 0.0000
0.8966 0.2759 0.0000 0.0000 0.0000
0.8966 0.3103 0.0000 0.0000 0.0000
0.8966 0.3448 0.0000 0.0000 0.0000
0.8966 0.3793 0.0000 0.0000 0.0000
0.8966 0.4138 0.0000 0.0000 0.0000
0.8966 0.4483 0.0000 0.0000 0.0000
0.8966 0.4828 0.0000 0.0000 0.0000
0.8966 0.5172 0.0000 0.0000 0.0000
0.8966 0.5517 0.0000 0.0000 0.0000
0.8966 0.5862 0.0000 0.0000 0.0000
0.8966 0.6207 0.0000 0.0000 0.0000
0.8966 0.6552 0.0000 0.0000 0.0000
0.8966 0.6897 0.0000 0.0000 0.0000
0.8966 0.7241 0.0000 0.0000 0.0000
0.8966 0.7586 0.0000 0.0000 0.0000
0.8966 0.7931 0.0000 0.0000 0.0000
0.8966 0.8276 0.0000 0.0000 0.0000
0.8966 0.8621 0.0000 0.0000 0.0000
0.8966 0.8966 0.0000 0.0000 0.0000
0.8966 0.9310 0.0000 0.0000 0.0000
0.8966 0.9655 0.0000 0.0000 0.0000
0.8966 1.0000 0.0000 0.0000 0.0000

0.9310 0.0000 0.000000 1.000000 1.181451
0.9310 0.0345 0.947175 0.320717 0.460472
0.9310 0.0690 0.701539 -0.712632 1.243403
0.9310 0.1034 0.0000 0.0000 0.0000
0.9310 0.1379 0.0000 0.0000 0.0000
0.9310 0.1724 0.0000 0.0000 0.0000
0.9310 0.2069 0.0000 0.0000 0.0000
0.9310 0.2414 0.0000 0.0000 0.0000
0.9310 0.2759 0.0000 0.0000 0.0000
0.9310 0.3103 0.0000 0.0000 0.0000
0.9310 0.3448 0.0000 0.0000 0.0000
0.9310 0.3793 0.0000 0.0000 0.0000
0.9310 0.4138 0.0000 0.0000 0.0000
0.9310 0.4483 0.0000 0.0000 0.0000
0.9310 0.4828 0.0000 0.0000 0.0000
0.9310 0.5172 0.0000 0.0000 0.0000
0.9310 0.5517 0.0000 0.0000 0.0000
0.9310 0.5862 0.0000 0.0000 0.0000
0.9310 0.6207 0.0000 0.0000 0.0000
0.9310 0.6552 0.0000 0.0000 0.0000
0.9310 0.6897 0.0000 0.0000 0.0000
0.9310 0.7241 0.0000 0.0000 0.0000
0.9310 0.7586 0.0000 0.0000 0.0000
0.9310 0.7931 0.0000 0.0000 0.0000
0.9310 0.8276 0.0000 0.0000 0.0000
0.9310 0.8621 0.0000 0.0000 0.0000
0.9310 0.8966 0.0000 0.0000 0.0000
0.9310 0.9310 0.0000 0.0000 0.0000
0.9310 0.9655 0.0000 0.0000 0.0000
0.9310 1.0000 0.0000 0.0000 0.0000

0.9655 0.0000 0.000000 1.000000 0.612604
0.9655 0.0345 0.0000 0.0000 0.0000
0.9655 0.0690 0.0000 0.0000 0.0000
0.9655 0.1034 0.0000 0.0000 0.0000
0.9655 0.1379 0.0000 0.0000 0.0000
0.9655 0.1724 0.0000 0.0000 0.0000
0.9655 0.2069 0.0000 0.0000 0.0000
0.9655 0.2414 0.0000 0.0000 0.0000
0.9655 0.2759 0.0000 0.0000 0.0000
0.9655 0.3103 0.0000 0.0000 0.0000
0.9655 0.3448 0.0000 0.0000 0.0000
0.9655 0.3793 0.0000 0.0000 0.0000
0.9655 0.4138 0.0000 0.0000 0.0000
0.9655 0.4483 0.0000 0.0000 0.0000
0.9655 0.4828 0.0000 0.0000 0.0000
0.9655 0.5172 0.0000 0.0000 0.0000
0.9655 0.5517 0.0000 0.0000 0.0000
0.9655 0.5862 0.0000 0.0000 0.0000
0.9655 0.6207 0.0000 0.0000 0.0000
0.9655 0.6552 0.0000 0.0000 0.0000
0.9655 0.6897 0.0000 0.0000 0.0000
0.9655 0.7241 0.0000 0.0000 0.0000
0.9655 0.7586 0.0000 0.0000 0.0000
0.9655 0.7931 0.0000 0.0000 0.0000
0.9655 0.8276 0.0000 0.0000 0.0000
0.9655 0.8621 0.0000 0.0000 0.0000
0.9655 0.8966 0.0000 0.0000 0.0000
0.9655 0.9310 0.0000 0.0000 0.0000
0.9655 0.9655 0.0000 0.0000 0.0000
0.9655 1.0000 0.0000 0.0000 0.0000

1.0000 0.0000 0.000000 0.000000 0.000000
1.0000 0.0345 0.0000 0.0000 0.0000
1.0000 0.0690 0.0000 0.0000 0.0000
1.0000 0.1034 0.0000 0.0000 0.0000
1.0000 0.1379 0.0000 0.0000 0.0000
1.0000 0.1724 0.0000 0.0000 0.0000
1.0000 0.2069 0.0000 0.0000 0.0000
1.0000 0.2414 0.0000 0.0000 0.0000
1.0000 0.2759 0.0000 0.0000 0.0000
1.0000 0.3103 0.0000 0.0000 0.0000
1.0000 0.3448 0.0000 0.0000 0.0000
1.0000 0.3793 0.0000 0.0000 0.0000
1.0000 0.4138 0.0000 0.0000 0.0000
1.0000 0.4483 0.0000 0.0000 0.0000
1.0000 0.4828 0.0000 0.0000 0.0000
1.0000 0.5172 0.0000 0.0000 0.0000
1.0000 0.5517 0.0000 0.0000 0.0000
1.0000 0.5862 0.0000 0.0000 0.0000
1.0000 0.6207 0.0000 0.0000 0.0000
1.0000 0.6552 0.0000 0.0000 0.0000
1.0000 0.6897 0.0000 0.0000 0.0000
1.0000 0.7241 0.0000 0.0000 0.0000
1.0000 0.7586 0.0000 0.0000 0.0000
1.0000 0.7931 0.0000 0.0000 0.0000
1.0000 0.8276 0.0000 0.0000 0.0000
1.0000 0.8621 0.0000 0.0000 0.0000
1.0000 0.8966 0.0000 0.0000 0.0000
1.0000 0.9310 0.0000 0.0000 0.0000
1.0000 0.9655 0.0000 0.0000 0.0000
1.0000 1.0000 0.0000 0.0000 0.0000

