0.0000 0.0000 0.0000 0.0000 0.0000
0.0000 0.0345 0.0000 0.0000 0.0000
0.0000 0.0690 0.0000 0.0000 0.0000
0.0000 0.1034 0.0000 0.0000 0.0000
0.0000 0.1379 0.0000 0.0000 0.0000
0.0000 0.1724 0.0000 0.0000 0.0000
0.0000 0.2069 0.0000 0.0000 0.0000
0.0000 0.2414 0.0000 0.0000 0.0000
0.0000 0.2759 0.0000 0.0000 0.0000
0.0000 0.3103 0.0000 0.0000 0.0000
0.0000 0.3448 0.0000 0.0000 0.0000
0.0000 0.3793 0.0000 0.0000 0.0000
0.0000 0.4138 0.0000 0.0000 0.0000
0.0000 0.4483 0.0000 0.0000 0.0000
0.0000 0.4828 0.0000 0.0000 0.0000
0.0000 0.5172 0.0000 0.0000 0.0000
0.0000 0.5517 0.0000 0.0000 0.0000
0.0000 0.5862 0.0000 0.0000 0.0000
0.0000 0.6207 0.0000 0.0000 0.0000
0.0000 0.6552 0.0000 0.0000 0.0000
0.0000 0.6897 0.0000 0.0000 0.0000
0.0000 0.7241 0.0000 0.0000 0.0000
0.0000 0.7586 0.0000 0.0000 0.0000
0.0000 0.7931 0.0000 0.0000 0.0000
0.0000 0.8276 0.0000 0.0000 0.0000
0.0000 0.8621 0.0000 0.0000 0.0000
0.0000 0.8966 0.0000 0.0000 0.0000
0.0000 0.9310 0.0000 0.0000 0.0000
0.0000 0.9655 0.0000 0.0000 0.0000
0.0000 1.0000 0.0000 0.0000 0.0000

0.0345 0.0000 0.0000 0.0000 0.0000
0.0345 0.0345 0.016015 0.999872 0.549416
0.0345 0.0690 0.034303 0.999411 0.513025
0.0345 0.1034 0.055360 0.998466 0.476831
0.0345 0.1379 0.079831 0.996808 0.440884
0.0345 0.1724 0.108563 0.994090 0.405249
0.0345 0.2069 0.142681 0.989769 0.370016
0.0345 0.2414 0.183689 0.982984 0.335313
0.0345 0.2759 0.233612 0.972330 0.301322
0.0345 0.3103 0.295144 0.955453 0.268314
0.0345 0.3448 0.371737 0.928338 0.236701
0.0345 0.3793 0.467307 0.884095 0.207122
0.0345 0.4138 0.584721 0.811234 0.180579
0.0345 0.4483 0.721208 0.692719 0.158606
0.0345 0.4828 0.859536 0.511075 0.143318
0.0345 0.5172 0.963592 0.267375 0.136973
0.0345 0.5517 1.000000 0.000000 0.140785
0.0345 0.5862 0.971312 -0.237809 0.154002
0.0345 0.6207 0.907640 -0.419749 0.174500
0.0345 0.6552 0.835690 -0.549202 0.200053
0.0345 0.6897 0.768562 -0.639776 0.228974
0.0345 0.7241 0.710299 -0.703900 0.260144
0.0345 0.7586 0.661031 -0.750359 0.292844
0.0345 0.7931 0.619621 -0.784901 0.326616
0.0345 0.8276 0.584721 -0.811234 0.361159
0.0345 0.8621 0.555116 -0.831773 0.396271
0.0345 0.8966 0.529801 -0.848122 0.431814
0.0345 0.9310 0.507975 -0.861372 0.467689
0.0345 0.9655 0.0000 0.0000 0.0000
0.0345 1.0000 0.0000 0.0000 0.0000

0.0690 0.0000 0.0000 0.0000 0.0000
0.0690 0.0345 0.023171 0.999732 1.057121
0.0690 0.0690 0.049745 0.998762 0.984810
0.0690 0.1034 0.080459 0.996758 0.913306
0.0690 0.1379 0.116252 0.993220 0.842813
0.0690 0.1724 0.158314 0.987389 0.773609
0.0690 0.2069 0.208149 0.978097 0.706071
0.0690 0.2414 0.267606 0.963529 0.640729
0.0690 0.2759 0.338836 0.940845 0.578325
0.0690 0.3103 0.424012 0.905657 0.519919
0.0690 0.3448 0.524495 0.851413 0.467014
0.0690 0.3793 0.638963 0.769237 0.421685
0.0690 0.4138 0.760298 0.649575 0.386606
0.0690 0.4483 0.873017 0.487690 0.364747
0.0690 0.4828 0.956465 0.291848 0.358534
0.0690 0.5172 0.996370 0.085127 0.368758
0.0690 0.5517 0.994346 -0.106192 0.394143
0.0690 0.5862 0.963856 -0.266423 0.432024
0.0690 0.6207 0.919606 -0.392841 0.479448
0.0690 0.6552 0.871730 -0.489986 0.533879
0.0690 0.6897 0.825582 -0.564282 0.593391
0.0690 0.7241 0.783406 -0.621510 0.656604
0.0690 0.7586 0.745809 -0.666160 0.722547
0.0690 0.7931 0.712650 -0.701520 0.790538
0.0690 0.8276 0.683500 -0.729951 0.860091
0.0690 0.8621 0.657853 -0.753146 0.930855
0.0690 0.8966 0.635225 -0.772327 1.002575
0.0690 0.9310 0.0000 0.0000 0.0000
0.0690 0.9655 0.0000 0.0000 0.0000
0.0690 1.0000 0.0000 0.0000 0.0000

0.1034 0.0000 0.0000 0.0000 0.0000
0.1034 0.0345 0.026389 0.999652 1.523004
0.1034 0.0690 0.056810 0.998385 1.414889
0.1034 0.1034 0.092158 0.995744 1.308302
0.1034 0.1379 0.133561 0.991041 1.203650
0.1034 0.1724 0.182437 0.983218 1.101482
0.1034 0.2069 0.240526 0.970643 1.002560
0.1034 0.2414 0.309856 0.950784 0.907944
0.1034 0.2759 0.392517 0.919745 0.819128
0.1034 0.3103 0.489986 0.871730 0.738209
0.1034 0.3448 0.601594 0.798802 0.668063
0.1034 0.3793 0.721899 0.691998 0.612402
0.1034 0.4138 0.838104 0.545511 0.575446
0.1034 0.4483 0.931487 0.363776 0.560903
0.1034 0.4828 0.986281 0.165075 0.570490
0.1034 0.5172 0.999661 -0.026027 0.603058
0.1034 0.5517 0.981464 -0.191647 0.655189
0.1034 0.5862 0.945443 -0.325788 0.722661
0.1034 0.6207 0.902465 -0.430763 0.801609
0.1034 0.6552 0.858976 -0.512015 0.888982
0.1034 0.6897 0.818093 -0.575086 0.982535
0.1034 0.7241 0.780998 -0.624534 1.080663
0.1034 0.7586 0.747897 -0.663814 1.182228
0.1034 0.7931 0.718566 -0.695458 1.286417
0.1034 0.8276 0.692617 -0.721305 1.392640
0.1034 0.8621 0.669630 -0.742695 1.500465
0.1034 0.8966 0.0000 0.0000 0.0000
0.1034 0.9310 0.0000 0.0000 0.0000
0.1034 0.9655 0.0000 0.0000 0.0000
0.1034 1.0000 0.0000 0.0000 0.0000

0.1379 0.0000 0.0000 0.0000 0.0000
0.1379 0.0345 0.028703 0.999588 1.947057
0.1379 0.0690 0.061984 0.998077 1.803230
0.1379 0.1034 0.100892 0.994897 1.661749
0.1379 0.1379 0.146752 0.989173 1.523270
0.1379 0.1724 0.201218 0.979546 1.388689
0.1379 0.2069 0.266280 0.963896 1.259258
0.1379 0.2414 0.344144 0.938917 1.136736
0.1379 0.2759 0.436775 0.899571 1.023609
0.1379 0.3103 0.544735 0.838608 0.923335
0.1379 0.3448 0.664891 0.746941 0.840527
0.1379 0.3793 0.787364 0.616489 0.780763
0.1379 0.4138 0.894681 0.446706 0.749575
0.1379 0.4483 0.968000 0.250951 0.750533
0.1379 0.4828 0.998572 0.053419 0.783521
0.1379 0.5172 0.992300 -0.123861 0.844793
0.1379 0.5517 0.962751 -0.270390 0.928769
0.1379 0.5862 0.922468 -0.386074 1.029911
0.1379 0.6207 0.879575 -0.475761 1.143672
0.1379 0.6552 0.838293 -0.545219 1.266658
0.1379 0.6897 0.800409 -0.599455 1.396433
0.1379 0.7241 0.766423 -0.642336 1.531272
0.1379 0.7586 0.736243 -0.676717 1.669949
0.1379 0.7931 0.709531 -0.704674 1.811583
0.1379 0.8276 0.685880 -0.727714 1.955531
0.1379 0.8621 0.0000 0.0000 0.0000
0.1379 0.8966 0.0000 0.0000 0.0000
0.1379 0.9310 0.0000 0.0000 0.0000
0.1379 0.9655 0.0000 0.0000 0.0000
0.1379 1.0000 0.0000 0.0000 0.0000

0.1724 0.0000 0.0000 0.0000 0.0000
0.1724 0.0345 0.030731 0.999528 2.329281
0.1724 0.0690 0.066592 0.997780 2.149837
0.1724 0.1034 0.108805 0.994063 1.973667
0.1724 0.1379 0.158917 0.987292 1.801731
0.1724 0.1724 0.218855 0.975757 1.635365
0.1724 0.2069 0.290892 0.956756 1.476452
0.1724 0.2414 0.377405 0.926048 1.327672
0.1724 0.2759 0.480081 0.877224 1.192823
0.1724 0.3103 0.598091 0.801428 1.077149
0.1724 0.3448 0.724939 0.688813 0.987413
0.1724 0.3793 0.845622 0.533782 0.931144
0.1724 0.4138 0.939246 0.343246 0.914540
0.1724 0.4483 0.990266 0.139189 0.939706
0.1724 0.4828 0.998640 -0.052136 1.003505
0.1724 0.5172 0.976794 -0.214181 1.099230
0.1724 0.5517 0.939246 -0.343246 1.219386
0.1724 0.5862 0.896415 -0.443215 1.357501
0.1724 0.6207 0.854052 -0.520187 1.508650
0.1724 0.6552 0.814743 -0.579822 1.669296
0.1724 0.6897 0.779351 -0.626588 1.836951
0.1724 0.7241 0.747918 -0.663791 2.009859
0.1724 0.7586 0.720143 -0.693826 2.186776
0.1724 0.7931 0.695611 -0.718419 2.366803
0.1724 0.8276 0.0000 0.0000 0.0000
0.1724 0.8621 0.0000 0.0000 0.0000
0.1724 0.8966 0.0000 0.0000 0.0000
0.1724 0.9310 0.0000 0.0000 0.0000
0.1724 0.9655 0.0000 0.0000 0.0000
0.1724 1.0000 0.0000 0.0000 0.0000

0.2069 0.0000 0.0000 0.0000 0.0000
0.2069 0.0345 0.032692 0.999465 2.669679
0.2069 0.0690 0.071109 0.997469 2.454728
0.2069 0.1034 0.116675 0.993170 2.244102
0.2069 0.1379 0.171203 0.985236 2.039143
0.2069 0.1724 0.236941 0.971524 1.841744
0.2069 0.2069 0.316486 0.948597 1.654612
0.2069 0.2414 0.412339 0.911030 1.481643
0.2069 0.2759 0.525615 0.850723 1.328380
0.2069 0.3103 0.653280 0.757116 1.202384
0.2069 0.3448 0.784193 0.620517 1.112954
0.2069 0.3793 0.897826 0.440351 1.069303
0.2069 0.4138 0.972435 0.233173 1.077012
0.2069 0.4483 0.999617 0.027657 1.135036
0.2069 0.4828 0.988327 -0.152346 1.236310
0.2069 0.5172 0.954693 -0.297594 1.371285
0.2069 0.5517 0.912061 -0.410055 1.531074
0.2069 0.5862 0.868312 -0.496019 1.708730
0.2069 0.6207 0.827164 -0.561961 1.899245
0.2069 0.6552 0.789980 -0.613132 2.099121
0.2069 0.6897 0.756981 -0.653437 2.305925
0.2069 0.7241 0.727900 -0.685683 2.517951
0.2069 0.7586 0.702306 -0.711875 2.733985
0.2069 0.7931 0.0000 0.0000 0.0000
0.2069 0.8276 0.0000 0.0000 0.0000
0.2069 0.8621 0.0000 0.0000 0.0000
0.2069 0.8966 0.0000 0.0000 0.0000
0.2069 0.9310 0.0000 0.0000 0.0000
0.2069 0.9655 0.0000 0.0000 0.0000
0.2069 1.0000 0.0000 0.0000 0.0000

0.2414 0.0000 0.0000 0.0000 0.0000
0.2414 0.0345 0.034691 0.999398 2.968255
0.2414 0.0690 0.075773 0.997125 2.717921
0.2414 0.1034 0.124910 0.992168 2.473115
0.2414 0.1379 0.184237 0.982882 2.235654
0.2414 0.1724 0.256387 0.966574 2.008147
0.2414 0.2069 0.344317 0.938853 1.794381
0.2414 0.2414 0.450540 0.892756 1.599877
0.2414 0.2759 0.575066 0.818107 1.432499
0.2414 0.3103 0.711384 0.702804 1.302748
0.2414 0.3448 0.842201 0.539164 1.222662
0.2414 0.3793 0.942184 0.335096 1.202206
0.2414 0.4138 0.993046 0.117728 1.244325
0.2414 0.4483 0.996649 -0.081800 1.343146
0.2414 0.4828 0.969214 -0.246221 1.487409
0.2414 0.5172 0.927489 -0.373851 1.665346
0.2414 0.5517 0.882297 -0.470694 1.867357
0.2414 0.5862 0.838998 -0.544135 2.086460
0.2414 0.6207 0.799680 -0.600427 2.317812
0.2414 0.6552 0.764820 -0.644245 2.558094
0.2414 0.6897 0.734205 -0.678928 2.805011
0.2414 0.7241 0.707379 -0.706834 3.056955
0.2414 0.7586 0.0000 0.0000 0.0000
0.2414 0.7931 0.0000 0.0000 0.0000
0.2414 0.8276 0.0000 0.0000 0.0000
0.2414 0.8621 0.0000 0.0000 0.0000
0.2414 0.8966 0.0000 0.0000 0.0000
0.2414 0.9310 0.0000 0.0000 0.0000
0.2414 0.9655 0.0000 0.0000 0.0000
0.2414 1.0000 0.0000 0.0000 0.0000

0.2759 0.0000 0.0000 0.0000 0.0000
0.2759 0.0345 0.036796 0.999323 3.225014
0.2759 0.0690 0.080742 0.996735 2.939443
0.2759 0.1034 0.133797 0.991009 2.660785
0.2759 0.1379 0.198487 0.980104 2.391458
0.2759 0.1724 0.277912 0.960607 2.134997
0.2759 0.2069 0.375408 0.926860 1.896627
0.2759 0.2414 0.493262 0.869881 1.684050
0.2759 0.2759 0.629452 0.777039 1.508210
0.2759 0.3103 0.772139 0.635454 1.383190
0.2759 0.3448 0.896644 0.442752 1.323471
0.2759 0.3793 0.975725 0.219000 1.337827
0.2759 0.4138 1.000000 0.000000 1.424019
0.2759 0.4483 0.982439 -0.186583 1.570262
0.2759 0.4828 0.943060 -0.332622 1.761665
0.2759 0.5172 0.896644 -0.442752 1.985206
0.2759 0.5517 0.850955 -0.525239 2.231249
0.2759 0.5862 0.809165 -0.587582 2.493139
0.2759 0.6207 0.772139 -0.635454 2.766380
0.2759 0.6552 0.739749 -0.672882 3.047920
0.2759 0.6897 0.711513 -0.702673 3.335659
0.2759 0.7241 0.0000 0.0000 0.0000
0.2759 0.7586 0.0000 0.0000 0.0000
0.2759 0.7931 0.0000 0.0000 0.0000
0.2759 0.8276 0.0000 0.0000 0.0000
0.2759 0.8621 0.0000 0.0000 0.0000
0.2759 0.8966 0.0000 0.0000 0.0000
0.2759 0.9310 0.0000 0.0000 0.0000
0.2759 0.9655 0.0000 0.0000 0.0000
0.2759 1.0000 0.0000 0.0000 0.0000

0.3103 0.0000 0.0000 0.0000 0.0000
0.3103 0.0345 0.039060 0.999237 3.439962
0.3103 0.0690 0.086149 0.996282 3.119326
0.3103 0.1034 0.143591 0.989637 2.807212
0.3103 0.1379 0.214398 0.976746 2.506806
0.3103 0.1724 0.302232 0.953234 2.222859
0.3103 0.2069 0.410788 0.911731 1.962529
0.3103 0.2414 0.541643 0.840608 1.736469
0.3103 0.2759 0.689198 0.724573 1.559654
0.3103 0.3103 0.833862 0.551973 1.450209
0.3103 0.3448 0.943728 0.330722 1.423756
0.3103 0.3793 0.995464 0.095142 1.484738
0.3103 0.4138 0.993246 -0.116025 1.623330
0.3103 0.4483 0.958738 -0.284293 1.821906
0.3103 0.4828 0.911727 -0.410796 2.063220
0.3103 0.5172 0.863502 -0.504346 2.334052
0.3103 0.5517 0.818891 -0.573949 2.625283
0.3103 0.5862 0.779362 -0.626573 2.930838
0.3103 0.6207 0.744931 -0.667142 3.246676
0.3103 0.6552 0.715088 -0.699034 3.570068
0.3103 0.6897 0.0000 0.0000 0.0000
0.3103 0.7241 0.0000 0.0000 0.0000
0.3103 0.7586 0.0000 0.0000 0.0000
0.3103 0.7931 0.0000 0.0000 0.0000
0.3103 0.8276 0.0000 0.0000 0.0000
0.3103 0.8621 0.0000 0.0000 0.0000
0.3103 0.8966 0.0000 0.0000 0.0000
0.3103 0.9310 0.0000 0.0000 0.0000
0.3103 0.9655 0.0000 0.0000 0.0000
0.3103 1.0000 0.0000 0.0000 0.0000

0.3448 0.0000 0.0000 0.0000 0.0000
0.3448 0.0345 0.041532 0.999137 3.613106
0.3448 0.0690 0.092129 0.995747 3.257612
0.3448 0.1034 0.154566 0.987982 2.912528
0.3448 0.1379 0.232467 0.972604 2.582033
0.3448 0.1724 0.330164 0.943924 2.272499
0.3448 0.2069 0.451598 0.892222 1.993714
0.3448 0.2414 0.596709 0.802457 1.760348
0.3448 0.2759 0.753833 0.657066 1.592495
0.3448 0.3103 0.893134 0.449791 1.512131
0.3448 0.3448 0.978812 0.204759 1.533077
0.3448 0.3793 0.999498 -0.031680 1.651483
0.3448 0.4138 0.974034 -0.226400 1.848716
0.3448 0.4483 0.927742 -0.373223 2.102711
0.3448 0.4828 0.876999 -0.480493 2.395480
0.3448 0.5172 0.829209 -0.558939 2.714505
0.3448 0.5517 0.786794 -0.617216 3.051563
0.3448 0.5862 0.750011 -0.661425 3.401297
0.3448 0.6207 0.718337 -0.695695 3.760171
0.3448 0.6552 0.0000 0.0000 0.0000
0.3448 0.6897 0.0000 0.0000 0.0000
0.3448 0.7241 0.0000 0.0000 0.0000
0.3448 0.7586 0.0000 0.0000 0.0000
0.3448 0.7931 0.0000 0.0000 0.0000
0.3448 0.8276 0.0000 0.0000 0.0000
0.3448 0.8621 0.0000 0.0000 0.0000
0.3448 0.8966 0.0000 0.0000 0.0000
0.3448 0.9310 0.0000 0.0000 0.0000
0.3448 0.9655 0.0000 0.0000 0.0000
0.3448 1.0000 0.0000 0.0000 0.0000

0.3793 0.0000 0.0000 0.0000 0.0000
0.3793 0.0345 0.044267 0.999020 3.744455
0.3793 0.0690 0.098830 0.995104 3.354353
0.3793 0.1034 0.167041 0.985950 2.976903
0.3793 0.1379 0.253295 0.967389 2.617585
0.3793 0.1724 0.362707 0.931903 2.284969
0.3793 0.2069 0.499144 0.866519 1.992473
0.3793 0.2414 0.659174 0.751991 1.760211
0.3793 0.2759 0.821385 0.570374 1.614395
0.3793 0.3103 0.944679 0.327995 1.579155
0.3793 0.3448 0.997598 0.069274 1.661542
0.3793 0.3793 0.987774 -0.155890 1.845872
0.3793 0.4138 0.944679 -0.327995 2.105540
0.3793 0.4483 0.891754 -0.452520 2.416379
0.3793 0.4828 0.840433 -0.541915 2.761160
0.3793 0.5172 0.794688 -0.607018 3.128682
0.3793 0.5517 0.755188 -0.655508 3.511814
0.3793 0.5862 0.721419 -0.692499 3.905963
0.3793 0.6207 0.0000 0.0000 0.0000
0.3793 0.6552 0.0000 0.0000 0.0000
0.3793 0.6897 0.0000 0.0000 0.0000
0.3793 0.7241 0.0000 0.0000 0.0000
0.3793 0.7586 0.0000 0.0000 0.0000
0.3793 0.7931 0.0000 0.0000 0.0000
0.3793 0.8276 0.0000 0.0000 0.0000
0.3793 0.8621 0.0000 0.0000 0.0000
0.3793 0.8966 0.0000 0.0000 0.0000
0.3793 0.9310 0.0000 0.0000 0.0000
0.3793 0.9655 0.0000 0.0000 0.0000
0.3793 1.0000 0.0000 0.0000 0.0000

0.4138 0.0000 0.0000 0.0000 0.0000
0.4138 0.0345 0.047326 0.998879 3.834023
0.4138 0.0690 0.106435 0.994320 3.409617
0.4138 0.1034 0.181417 0.983406 3.000563
0.4138 0.1379 0.277652 0.960682 2.614077
0.4138 0.1724 0.401128 0.916022 2.261757
0.4138 0.2069 0.554868 0.831938 1.962095
0.4138 0.2414 0.728937 0.684581 1.742476
0.4138 0.2759 0.887578 0.460657 1.635467
0.4138 0.3103 0.982022 0.188768 1.662953
0.4138 0.3448 0.997614 -0.069035 1.818846
0.4138 0.3793 0.962187 -0.272389 2.074396
0.4138 0.4138 0.908029 -0.418907 2.397950
0.4138 0.4483 0.852884 -0.522100 2.765743
0.4138 0.4828 0.803291 -0.595587 3.162378
0.4138 0.5172 0.760634 -0.649181 3.578277
0.4138 0.5517 0.724454 -0.689323 4.007446
0.4138 0.5862 0.693799 -0.720169 4.446045
0.4138 0.6207 0.0000 0.0000 0.0000
0.4138 0.6552 0.0000 0.0000 0.0000
0.4138 0.6897 0.0000 0.0000 0.0000
0.4138 0.7241 0.0000 0.0000 0.0000
0.4138 0.7586 0.0000 0.0000 0.0000
0.4138 0.7931 0.0000 0.0000 0.0000
0.4138 0.8276 0.0000 0.0000 0.0000
0.4138 0.8621 0.0000 0.0000 0.0000
0.4138 0.8966 0.0000 0.0000 0.0000
0.4138 0.9310 0.0000 0.0000 0.0000
0.4138 0.9655 0.0000 0.0000 0.0000
0.4138 1.0000 0.0000 0.0000 0.0000

0.4483 0.0000 0.0000 0.0000 0.0000
0.4483 0.0345 0.050787 0.998710 3.881823
0.4483 0.0690 0.115173 0.993346 3.423495
0.4483 0.1034 0.198215 0.980158 2.983817
0.4483 0.1379 0.306560 0.951851 2.572370
0.4483 0.1724 0.447041 0.894513 2.205013
0.4483 0.2069 0.620154 0.784480 1.907395
0.4483 0.2414 0.804121 0.594465 1.716188
0.4483 0.2759 0.945324 0.326131 1.668390
0.4483 0.3103 0.999266 0.038305 1.775619
0.4483 0.3448 0.979241 -0.202699 2.013256
0.4483 0.3793 0.925991 -0.377545 2.341933
0.4483 0.4138 0.866910 -0.498465 2.728951
0.4483 0.4483 0.812871 -0.582443 3.152899
0.4483 0.4828 0.766519 -0.642222 3.600757
0.4483 0.5172 0.727544 -0.686062 4.064628
0.4483 0.5517 0.0000 0.0000 0.0000
0.4483 0.5862 0.0000 0.0000 0.0000
0.4483 0.6207 0.0000 0.0000 0.0000
0.4483 0.6552 0.0000 0.0000 0.0000
0.4483 0.6897 0.0000 0.0000 0.0000
0.4483 0.7241 0.0000 0.0000 0.0000
0.4483 0.7586 0.0000 0.0000 0.0000
0.4483 0.7931 0.0000 0.0000 0.0000
0.4483 0.8276 0.0000 0.0000 0.0000
0.4483 0.8621 0.0000 0.0000 0.0000
0.4483 0.8966 0.0000 0.0000 0.0000
0.4483 0.9310 0.0000 0.0000 0.0000
0.4483 0.9655 0.0000 0.0000 0.0000
0.4483 1.0000 0.0000 0.0000 0.0000

0.4828 0.0000 0.0000 0.0000 0.0000
0.4828 0.0345 0.054745 0.998500 3.887876
0.4828 0.0690 0.125345 0.992113 3.396106
0.4828 0.1034 0.218143 0.975917 2.927093
0.4828 0.1379 0.341406 0.939916 2.493709
0.4828 0.1724 0.502474 0.864592 2.117939
0.4828 0.2069 0.695745 0.718289 1.835516
0.4828 0.2414 0.879618 0.475681 1.693796
0.4828 0.2759 0.985517 0.169575 1.727757
0.4828 0.3103 0.993485 -0.113964 1.928139
0.4828 0.3448 0.945575 -0.325405 2.250925
0.4828 0.3793 0.882898 -0.469564 2.651789
0.4828 0.4138 0.823746 -0.566958 3.100593
0.4828 0.4483 0.773030 -0.634370 3.579349
0.4828 0.4828 0.730784 -0.682609 4.077521
0.4828 0.5172 0.0000 0.0000 0.0000
0.4828 0.5517 0.0000 0.0000 0.0000
0.4828 0.5862 0.0000 0.0000 0.0000
0.4828 0.6207 0.0000 0.0000 0.0000
0.4828 0.6552 0.0000 0.0000 0.0000
0.4828 0.6897 0.0000 0.0000 0.0000
0.4828 0.7241 0.0000 0.0000 0.0000
0.4828 0.7586 0.0000 0.0000 0.0000
0.4828 0.7931 0.0000 0.0000 0.0000
0.4828 0.8276 0.0000 0.0000 0.0000
0.4828 0.8621 0.0000 0.0000 0.0000
0.4828 0.8966 0.0000 0.0000 0.0000
0.4828 0.9310 0.0000 0.0000 0.0000
0.4828 0.9655 0.0000 0.0000 0.0000
0.4828 1.0000 0.0000 0.0000 0.0000

0.5172 0.0000 0.0000 0.0000 0.0000
0.5172 0.0345 0.059326 0.998239 3.852207
0.5172 0.0690 0.137358 0.990521 3.327617
0.5172 0.1034 0.242180 0.970231 2.831005
0.5172 0.1379 0.384104 0.923290 2.379951
0.5172 0.1724 0.569796 0.821786 2.005434
0.5172 0.2069 0.780393 0.625289 1.757095
0.5172 0.2414 0.945791 0.324777 1.691455
0.5172 0.2759 1.000000 0.000000 1.828300
0.5172 0.3103 0.966135 -0.258038 2.128934
0.5172 0.3448 0.901259 -0.433280 2.535756
0.5172 0.3793 0.836310 -0.548257 3.005958
0.5172 0.4138 0.780393 -0.625289 3.514189
0.5172 0.4483 0.734276 -0.678851 4.046145
0.5172 0.4828 0.0000 0.0000 0.0000
0.5172 0.5172 0.0000 0.0000 0.0000
0.5172 0.5517 0.0000 0.0000 0.0000
0.5172 0.5862 0.0000 0.0000 0.0000
0.5172 0.6207 0.0000 0.0000 0.0000
0.5172 0.6552 0.0000 0.0000 0.0000
0.5172 0.6897 0.0000 0.0000 0.0000
0.5172 0.7241 0.0000 0.0000 0.0000
0.5172 0.7586 0.0000 0.0000 0.0000
0.5172 0.7931 0.0000 0.0000 0.0000
0.5172 0.8276 0.0000 0.0000 0.0000
0.5172 0.8621 0.0000 0.0000 0.0000
0.5172 0.8966 0.0000 0.0000 0.0000
0.5172 0.9310 0.0000 0.0000 0.0000
0.5172 0.9655 0.0000 0.0000 0.0000
0.5172 1.0000 0.0000 0.0000 0.0000

0.5517 0.0000 0.0000 0.0000 0.0000
0.5517 0.0345 0.064700 0.997905 3.774853
0.5517 0.0690 0.151780 0.988414 3.218261
0.5517 0.1034 0.271726 0.962375 2.696461
0.5517 0.1379 0.437308 0.899312 2.233971
0.5517 0.1724 0.651219 0.758889 1.875198
0.5517 0.2069 0.868313 0.496018 1.687639
0.5517 0.2414 0.989383 0.145332 1.727977
0.5517 0.2759 0.985631 -0.168911 1.982348
0.5517 0.3103 0.922340 -0.386379 2.383175
0.5517 0.3448 0.851066 -0.525059 2.869731
0.5517 0.3793 0.788897 -0.614525 3.405468
0.5517 0.4138 0.738138 -0.674650 3.970527
0.5517 0.4483 0.0000 0.0000 0.0000
0.5517 0.4828 0.0000 0.0000 0.0000
0.5517 0.5172 0.0000 0.0000 0.0000
0.5517 0.5517 0.0000 0.0000 0.0000
0.5517 0.5862 0.0000 0.0000 0.0000
0.5517 0.6207 0.0000 0.0000 0.0000
0.5517 0.6552 0.0000 0.0000 0.0000
0.5517 0.6897 0.0000 0.0000 0.0000
0.5517 0.7241 0.0000 0.0000 0.0000
0.5517 0.7586 0.0000 0.0000 0.0000
0.5517 0.7931 0.0000 0.0000 0.0000
0.5517 0.8276 0.0000 0.0000 0.0000
0.5517 0.8621 0.0000 0.0000 0.0000
0.5517 0.8966 0.0000 0.0000 0.0000
0.5517 0.9310 0.0000 0.0000 0.0000
0.5517 0.9655 0.0000 0.0000 0.0000
0.5517 1.0000 0.0000 0.0000 0.0000

0.5862 0.0000 0.0000 0.0000 0.0000
0.5862 0.0345 0.071099 0.997469 3.655863
0.5862 0.0690 0.169424 0.985543 3.068378
0.5862 0.1034 0.308843 0.951113 2.524860
0.5862 0.1379 0.504617 0.863343 2.060403
0.5862 0.1724 0.747123 0.664686 1.739531
0.5862 0.2069 0.946143 0.323749 1.648347
0.5862 0.2414 0.998807 -0.048824 1.821673
0.5862 0.2759 0.946143 -0.323749 2.197796
0.5862 0.3103 0.868667 -0.495397 2.693044
0.5862 0.3448 0.798929 -0.601426 3.253465
0.5862 0.3793 0.742517 -0.669828 3.850708
0.5862 0.4138 0.697789 -0.716303 4.470038
0.5862 0.4483 0.0000 0.0000 0.0000
0.5862 0.4828 0.0000 0.0000 0.0000
0.5862 0.5172 0.0000 0.0000 0.0000
0.5862 0.5517 0.0000 0.0000 0.0000
0.5862 0.5862 0.0000 0.0000 0.0000
0.5862 0.6207 0.0000 0.0000 0.0000
0.5862 0.6552 0.0000 0.0000 0.0000
0.5862 0.6897 0.0000 0.0000 0.0000
0.5862 0.7241 0.0000 0.0000 0.0000
0.5862 0.7586 0.0000 0.0000 0.0000
0.5862 0.7931 0.0000 0.0000 0.0000
0.5862 0.8276 0.0000 0.0000 0.0000
0.5862 0.8621 0.0000 0.0000 0.0000
0.5862 0.8966 0.0000 0.0000 0.0000
0.5862 0.9310 0.0000 0.0000 0.0000
0.5862 0.9655 0.0000 0.0000 0.0000
0.5862 1.0000 0.0000 0.0000 0.0000

0.6207 0.0000 0.0000 0.0000 0.0000
0.6207 0.0345 0.078856 0.996886 3.495307
0.6207 0.0690 0.191506 0.981491 2.878485
0.6207 0.1034 0.356648 0.934239 2.318457
0.6207 0.1379 0.590502 0.807036 1.867051
0.6207 0.1724 0.851800 0.523868 1.617894
0.6207 0.2069 0.993577 0.113160 1.664437
0.6207 0.2414 0.971487 -0.237094 1.985997
0.6207 0.2759 0.889929 -0.456098 2.477718
0.6207 0.3103 0.811030 -0.585005 3.058604
0.6207 0.3448 0.747609 -0.664140 3.686745
0.6207 0.3793 0.0000 0.0000 0.0000
0.6207 0.4138 0.0000 0.0000 0.0000
0.6207 0.4483 0.0000 0.0000 0.0000
0.6207 0.4828 0.0000 0.0000 0.0000
0.6207 0.5172 0.0000 0.0000 0.0000
0.6207 0.5517 0.0000 0.0000 0.0000
0.6207 0.5862 0.0000 0.0000 0.0000
0.6207 0.6207 0.0000 0.0000 0.0000
0.6207 0.6552 0.0000 0.0000 0.0000
0.6207 0.6897 0.0000 0.0000 0.0000
0.6207 0.7241 0.0000 0.0000 0.0000
0.6207 0.7586 0.0000 0.0000 0.0000
0.6207 0.7931 0.0000 0.0000 0.0000
0.6207 0.8276 0.0000 0.0000 0.0000
0.6207 0.8621 0.0000 0.0000 0.0000
0.6207 0.8966 0.0000 0.0000 0.0000
0.6207 0.9310 0.0000 0.0000 0.0000
0.6207 0.9655 0.0000 0.0000 0.0000
0.6207 1.0000 0.0000 0.0000 0.0000

0.6552 0.0000 0.0000 0.0000 0.0000
0.6552 0.0345 0.088459 0.996080 3.293291
0.6552 0.0690 0.219914 0.975519 2.649401
0.6552 0.1034 0.419949 0.907548 2.081107
0.6552 0.1379 0.698787 0.715330 1.667574
0.6552 0.1724 0.946419 0.322941 1.539064
0.6552 0.2069 0.993594 -0.113013 1.759189
0.6552 0.2414 0.915748 -0.401754 2.226857
0.6552 0.2759 0.825985 -0.563692 2.821552
0.6552 0.3103 0.753689 -0.657231 3.478726
0.6552 0.3448 0.0000 0.0000 0.0000
0.6552 0.3793 0.0000 0.0000 0.0000
0.6552 0.4138 0.0000 0.0000 0.0000
0.6552 0.4483 0.0000 0.0000 0.0000
0.6552 0.4828 0.0000 0.0000 0.0000
0.6552 0.5172 0.0000 0.0000 0.0000
0.6552 0.5517 0.0000 0.0000 0.0000
0.6552 0.5862 0.0000 0.0000 0.0000
0.6552 0.6207 0.0000 0.0000 0.0000
0.6552 0.6552 0.0000 0.0000 0.0000
0.6552 0.6897 0.0000 0.0000 0.0000
0.6552 0.7241 0.0000 0.0000 0.0000
0.6552 0.7586 0.0000 0.0000 0.0000
0.6552 0.7931 0.0000 0.0000 0.0000
0.6552 0.8276 0.0000 0.0000 0.0000
0.6552 0.8621 0.0000 0.0000 0.0000
0.6552 0.8966 0.0000 0.0000 0.0000
0.6552 0.9310 0.0000 0.0000 0.0000
0.6552 0.9655 0.0000 0.0000 0.0000
0.6552 1.0000 0.0000 0.0000 0.0000

0.6897 0.0000 0.0000 0.0000 0.0000
0.6897 0.0345 0.100662 0.994921 3.049974
0.6897 0.0690 0.257725 0.966218 2.382506
0.6897 0.1034 0.506112 0.862468 1.819848
0.6897 0.1379 0.826295 0.563238 1.486227
0.6897 0.1724 0.997685 0.068006 1.538639
0.6897 0.2069 0.946536 -0.322599 1.946142
0.6897 0.2414 0.844964 -0.534823 2.543431
0.6897 0.2759 0.761168 -0.648555 3.226784
0.6897 0.3103 0.0000 0.0000 0.0000
0.6897 0.3448 0.0000 0.0000 0.0000
0.6897 0.3793 0.0000 0.0000 0.0000
0.6897 0.4138 0.0000 0.0000 0.0000
0.6897 0.4483 0.0000 0.0000 0.0000
0.6897 0.4828 0.0000 0.0000 0.0000
0.6897 0.5172 0.0000 0.0000 0.0000
0.6897 0.5517 0.0000 0.0000 0.0000
0.6897 0.5862 0.0000 0.0000 0.0000
0.6897 0.6207 0.0000 0.0000 0.0000
0.6897 0.6552 0.0000 0.0000 0.0000
0.6897 0.6897 0.0000 0.0000 0.0000
0.6897 0.7241 0.0000 0.0000 0.0000
0.6897 0.7586 0.0000 0.0000 0.0000
0.6897 0.7931 0.0000 0.0000 0.0000
0.6897 0.8276 0.0000 0.0000 0.0000
0.6897 0.8621 0.0000 0.0000 0.0000
0.6897 0.8966 0.0000 0.0000 0.0000
0.6897 0.9310 0.0000 0.0000 0.0000
0.6897 0.9655 0.0000 0.0000 0.0000
0.6897 1.0000 0.0000 0.0000 0.0000

0.7241 0.0000 0.0000 0.0000 0.0000
0.7241 0.0345 0.116687 0.993169 2.765623
0.7241 0.0690 0.310254 0.950654 2.080301
0.7241 0.1034 0.625201 0.780464 1.548516
0.7241 0.1379 0.946641 0.322290 1.363605
0.7241 0.1724 0.979767 -0.200141 1.646876
0.7241 0.2069 0.869738 -0.493514 2.226264
0.7241 0.2414 0.770683 -0.637219 2.931138
0.7241 0.2759 0.0000 0.0000 0.0000
0.7241 0.3103 0.0000 0.0000 0.0000
0.7241 0.3448 0.0000 0.0000 0.0000
0.7241 0.3793 0.0000 0.0000 0.0000
0.7241 0.4138 0.0000 0.0000 0.0000
0.7241 0.4483 0.0000 0.0000 0.0000
0.7241 0.4828 0.0000 0.0000 0.0000
0.7241 0.5172 0.0000 0.0000 0.0000
0.7241 0.5517 0.0000 0.0000 0.0000
0.7241 0.5862 0.0000 0.0000 0.0000
0.7241 0.6207 0.0000 0.0000 0.0000
0.7241 0.6552 0.0000 0.0000 0.0000
0.7241 0.6897 0.0000 0.0000 0.0000
0.7241 0.7241 0.0000 0.0000 0.0000
0.7241 0.7586 0.0000 0.0000 0.0000
0.7241 0.7931 0.0000 0.0000 0.0000
0.7241 0.8276 0.0000 0.0000 0.0000
0.7241 0.8621 0.0000 0.0000 0.0000
0.7241 0.8966 0.0000 0.0000 0.0000
0.7241 0.9310 0.0000 0.0000 0.0000
0.7241 0.9655 0.0000 0.0000 0.0000
0.7241 1.0000 0.0000 0.0000 0.0000

0.7586 0.0000 0.0000 0.0000 0.0000
0.7586 0.0345 0.138652 0.990341 2.440697
0.7586 0.0690 0.387242 0.921978 1.747780
0.7586 0.1034 0.783297 0.621647 1.296085
0.7586 0.1379 1.000000 0.000000 1.353627
0.7586 0.1724 0.902865 -0.429924 1.874071
0.7586 0.2069 0.783297 -0.621647 2.592170
0.7586 0.2414 0.699939 -0.714203 3.384363
0.7586 0.2759 0.0000 0.0000 0.0000
0.7586 0.3103 0.0000 0.0000 0.0000
0.7586 0.3448 0.0000 0.0000 0.0000
0.7586 0.3793 0.0000 0.0000 0.0000
0.7586 0.4138 0.0000 0.0000 0.0000
0.7586 0.4483 0.0000 0.0000 0.0000
0.7586 0.4828 0.0000 0.0000 0.0000
0.7586 0.5172 0.0000 0.0000 0.0000
0.7586 0.5517 0.0000 0.0000 0.0000
0.7586 0.5862 0.0000 0.0000 0.0000
0.7586 0.6207 0.0000 0.0000 0.0000
0.7586 0.6552 0.0000 0.0000 0.0000
0.7586 0.6897 0.0000 0.0000 0.0000
0.7586 0.7241 0.0000 0.0000 0.0000
0.7586 0.7586 0.0000 0.0000 0.0000
0.7586 0.7931 0.0000 0.0000 0.0000
0.7586 0.8276 0.0000 0.0000 0.0000
0.7586 0.8621 0.0000 0.0000 0.0000
0.7586 0.8966 0.0000 0.0000 0.0000
0.7586 0.9310 0.0000 0.0000 0.0000
0.7586 0.9655 0.0000 0.0000 0.0000
0.7586 1.0000 0.0000 0.0000 0.0000

0.7931 0.0000 0.0000 0.0000 0.0000
0.7931 0.0345 0.170563 0.985347 2.076081
0.7931 0.0690 0.507214 0.861820 1.396265
0.7931 0.1034 0.946823 0.321755 1.121970
0.7931 0.1379 0.946823 -0.321755 1.495959
0.7931 0.1724 0.800916 -0.598777 2.210609
0.7931 0.2069 0.0000 0.0000 0.0000
0.7931 0.2414 0.0000 0.0000 0.0000
0.7931 0.2759 0.0000 0.0000 0.0000
0.7931 0.3103 0.0000 0.0000 0.0000
0.7931 0.3448 0.0000 0.0000 0.0000
0.7931 0.3793 0.0000 0.0000 0.0000
0.7931 0.4138 0.0000 0.0000 0.0000
0.7931 0.4483 0.0000 0.0000 0.0000
0.7931 0.4828 0.0000 0.0000 0.0000
0.7931 0.5172 0.0000 0.0000 0.0000
0.7931 0.5517 0.0000 0.0000 0.0000
0.7931 0.5862 0.0000 0.0000 0.0000
0.7931 0.6207 0.0000 0.0000 0.0000
0.7931 0.6552 0.0000 0.0000 0.0000
0.7931 0.6897 0.0000 0.0000 0.0000
0.7931 0.7241 0.0000 0.0000 0.0000
0.7931 0.7586 0.0000 0.0000 0.0000
0.7931 0.7931 0.0000 0.0000 0.0000
0.7931 0.8276 0.0000 0.0000 0.0000
0.7931 0.8621 0.0000 0.0000 0.0000
0.7931 0.8966 0.0000 0.0000 0.0000
0.7931 0.9310 0.0000 0.0000 0.0000
0.7931 0.9655 0.0000 0.0000 0.0000
0.7931 1.0000 0.0000 0.0000 0.0000

0.8276 0.0000 0.0000 0.0000 0.0000
0.8276 0.0345 0.220946 0.975286 1.673706
0.8276 0.0690 0.700544 0.713609 1.055745
0.8276 0.1034 0.993656 -0.112465 1.116477
0.8276 0.1379 0.827273 -0.561801 1.788034
0.8276 0.1724 0.0000 0.0000 0.0000
0.8276 0.2069 0.0000 0.0000 0.0000
0.8276 0.2414 0.0000 0.0000 0.0000
0.8276 0.2759 0.0000 0.0000 0.0000
0.8276 0.3103 0.0000 0.0000 0.0000
0.8276 0.3448 0.0000 0.0000 0.0000
0.8276 0.3793 0.0000 0.0000 0.0000
0.8276 0.4138 0.0000 0.0000 0.0000
0.8276 0.4483 0.0000 0.0000 0.0000
0.8276 0.4828 0.0000 0.0000 0.0000
0.8276 0.5172 0.0000 0.0000 0.0000
0.8276 0.5517 0.0000 0.0000 0.0000
0.8276 0.5862 0.0000 0.0000 0.0000
0.8276 0.6207 0.0000 0.0000 0.0000
0.8276 0.6552 0.0000 0.0000 0.0000
0.8276 0.6897 0.0000 0.0000 0.0000
0.8276 0.7241 0.0000 0.0000 0.0000
0.8276 0.7586 0.0000 0.0000 0.0000
0.8276 0.7931 0.0000 0.0000 0.0000
0.8276 0.8276 0.0000 0.0000 0.0000
0.8276 0.8621 0.0000 0.0000 0.0000
0.8276 0.8966 0.0000 0.0000 0.0000
0.8276 0.9310 0.0000 0.0000 0.0000
0.8276 0.9655 0.0000 0.0000 0.0000
0.8276 1.0000 0.0000 0.0000 0.0000

0.8621 0.0000 0.0000 0.0000 0.0000
0.8621 0.0345 0.311212 0.950340 1.238683
0.8621 0.0690 0.946976 0.321306 0.814157
0.8621 0.1034 0.870459 -0.492240 1.328586
0.8621 0.1379 0.700810 -0.713348 2.200273
0.8621 0.1724 0.0000 0.0000 0.0000
0.8621 0.2069 0.0000 0.0000 0.0000
0.8621 0.2414 0.0000 0.0000 0.0000
0.8621 0.2759 0.0000 0.0000 0.0000
0.8621 0.3103 0.0000 0.0000 0.0000
0.8621 0.3448 0.0000 0.0000 0.0000
0.8621 0.3793 0.0000 0.0000 0.0000
0.8621 0.4138 0.0000 0.0000 0.0000
0.8621 0.4483 0.0000 0.0000 0.0000
0.8621 0.4828 0.0000 0.0000 0.0000
0.8621 0.5172 0.0000 0.0000 0.0000
0.8621 0.5517 0.0000 0.0000 0.0000
0.8621 0.5862 0.0000 0.0000 0.0000
0.8621 0.6207 0.0000 0.0000 0.0000
0.8621 0.6552 0.0000 0.0000 0.0000
0.8621 0.6897 0.0000 0.0000 0.0000
0.8621 0.7241 0.0000 0.0000 0.0000
0.8621 0.7586 0.0000 0.0000 0.0000
0.8621 0.7931 0.0000 0.0000 0.0000
0.8621 0.8276 0.0000 0.0000 0.0000
0.8621 0.8621 0.0000 0.0000 0.0000
0.8621 0.8966 0.0000 0.0000 0.0000
0.8621 0.9310 0.0000 0.0000 0.0000
0.8621 0.9655 0.0000 0.0000 0.0000
0.8621 1.0000 0.0000 0.0000 0.0000

0.8966 0.0000 0.0000 0.0000 0.0000
0.8966 0.0345 0.508060 0.861322 0.789650
0.8966 0.0690 0.947043 -0.321108 0.847246
0.8966 0.1034 0.0000 0.0000 0.0000
0.8966 0.1379 0.0000 0.0000 0.0000
0.8966 0.1724 0.0000 0.0000 0.0000
0.8966 0.2069 0.0000 0.0000 0.0000
0.8966 0.2414 0.0000 0.0000 0.0000
0.8966 0.2759 0.0000 0.0000 0.0000
0.8966 0.3103 0.0000 0.0000 0.0000
0.8966 0.3448 0.0000 0.0000 0.0000
0.8966 0.3793 0.0000 0.0000 0.0000
0.8966 0.4138 0.0000 0.0000 0.0000
0.8966 0.4483 0.0000 0.0000 0.0000
0.8966 0.4828 0.0000 0.0000 0.0000
0.8966 0.5172 0.0000 0.0000 0.0000
0.8966 0.5517 0.0000 0.0000 0.0000
0.8966 0.5862 0.0000 0.0000 0.0000
0.8966 0.6207 0.0000 0.0000 0.0000
0.8966 0.6552 0.0000 0.0000 0.0000
0.8966 0.6897 0.0000 0.0000 0.0000
0.8966 0.7241 0.0000 0.0000 0.0000
0.8966 0.7586 0.0000 0.0000 0.0000
0.8966 0.7931 0.0000 0.0000 0.0000
0.8966 0.8276 0.0000 0.0000 0.0000
0.8966 0.8621 0.0000 0.0000 0.0000
0.8966 0.8966 0.0000 0.0000 0.0000
0.8966 0.9310 0.0000 0.0000 0.0000
0.8966 0.9655 0.0000 0.0000 0.0000
0.8966 1.0000 0.0000 0.0000 0.0000

0.9310 0.0000 0.0000 0.0000 0.0000
0.9310 0.0345 0.947105 0.320924 0.440167
0.9310 0.0690 0.701282 -0.712884 1.188921
0.9310 0.1034 0.0000 0.0000 0.0000
0.9310 0.1379 0.0000 0.0000 0.0000
0.9310 0.1724 0.0000 0.0000 0.0000
0.9310 0.2069 0.0000 0.0000 0.0000
0.9310 0.2414 0.0000 0.0000 0.0000
0.9310 0.2759 0.0000 0.0000 0.0000
0.9310 0.3103 0.0000 0.0000 0.0000
0.9310 0.3448 0.0000 0.0000 0.0000
0.9310 0.3793 0.0000 0.0000 0.0000
0.9310 0.4138 0.0000 0.0000 0.0000
0.9310 0.4483 0.0000 0.0000 0.0000
0.9310 0.4828 0.0000 0.0000 0.0000
0.9310 0.5172 0.0000 0.0000 0.0000
0.9310 0.5517 0.0000 0.0000 0.0000
0.9310 0.5862 0.0000 0.0000 0.0000
0.9310 0.6207 0.0000 0.0000 0.0000
0.9310 0.6552 0.0000 0.0000 0.0000
0.9310 0.6897 0.0000 0.0000 0.0000
0.9310 0.7241 0.0000 0.0000 0.0000
0.9310 0.7586 0.0000 0.0000 0.0000
0.9310 0.7931 0.0000 0.0000 0.0000
0.9310 0.8276 0.0000 0.0000 0.0000
0.9310 0.8621 0.0000 0.0000 0.0000
0.9310 0.8966 0.0000 0.0000 0.0000
0.9310 0.9310 0.0000 0.0000 0.0000
0.9310 0.9655 0.0000 0.0000 0.0000
0.9310 1.0000 0.0000 0.0000 0.0000

0.9655 0.0000 0.0000 0.0000 0.0000
0.9655 0.0345 0.0000 0.0000 0.0000
0.9655 0.0690 0.0000 0.0000 0.0000
0.9655 0.1034 0.0000 0.0000 0.0000
0.9655 0.1379 0.0000 0.0000 0.0000
0.9655 0.1724 0.0000 0.0000 0.0000
0.9655 0.2069 0.0000 0.0000 0.0000
0.9655 0.2414 0.0000 0.0000 0.0000
0.9655 0.2759 0.0000 0.0000 0.0000
0.9655 0.3103 0.0000 0.0000 0.0000
0.9655 0.3448 0.0000 0.0000 0.0000
0.9655 0.3793 0.0000 0.0000 0.0000
0.9655 0.4138 0.0000 0.0000 0.0000
0.9655 0.4483 0.0000 0.0000 0.0000
0.9655 0.4828 0.0000 0.0000 0.0000
0.9655 0.5172 0.0000 0.0000 0.0000
0.9655 0.5517 0.0000 0.0000 0.0000
0.9655 0.5862 0.0000 0.0000 0.0000
0.9655 0.6207 0.0000 0.0000 0.0000
0.9655 0.6552 0.0000 0.0000 0.0000
0.9655 0.6897 0.0000 0.0000 0.0000
0.9655 0.7241 0.0000 0.0000 0.0000
0.9655 0.7586 0.0000 0.0000 0.0000
0.9655 0.7931 0.0000 0.0000 0.0000
0.9655 0.8276 0.0000 0.0000 0.0000
0.9655 0.8621 0.0000 0.0000 0.0000
0.9655 0.8966 0.0000 0.0000 0.0000
0.9655 0.9310 0.0000 0.0000 0.0000
0.9655 0.9655 0.0000 0.0000 0.0000
0.9655 1.0000 0.0000 0.0000 0.0000

1.0000 0.0000 0.0000 0.0000 0.0000
1.0000 0.0345 0.0000 0.0000 0.0000
1.0000 0.0690 0.0000 0.0000 0.0000
1.0000 0.1034 0.0000 0.0000 0.0000
1.0000 0.1379 0.0000 0.0000 0.0000
1.0000 0.1724 0.0000 0.0000 0.0000
1.0000 0.2069 0.0000 0.0000 0.0000
1.0000 0.2414 0.0000 0.0000 0.0000
1.0000 0.2759 0.0000 0.0000 0.0000
1.0000 0.3103 0.0000 0.0000 0.0000
1.0000 0.3448 0.0000 0.0000 0.0000
1.0000 0.3793 0.0000 0.0000 0.0000
1.0000 0.4138 0.0000 0.0000 0.0000
1.0000 0.4483 0.0000 0.0000 0.0000
1.0000 0.4828 0.0000 0.0000 0.0000
1.0000 0.5172 0.0000 0.0000 0.0000
1.0000 0.5517 0.0000 0.0000 0.0000
1.0000 0.5862 0.0000 0.0000 0.0000
1.0000 0.6207 0.0000 0.0000 0.0000
1.0000 0.6552 0.0000 0.0000 0.0000
1.0000 0.6897 0.0000 0.0000 0.0000
1.0000 0.7241 0.0000 0.0000 0.0000
1.0000 0.7586 0.0000 0.0000 0.0000
1.0000 0.7931 0.0000 0.0000 0.0000
1.0000 0.8276 0.0000 0.0000 0.0000
1.0000 0.8621 0.0000 0.0000 0.0000
1.0000 0.8966 0.0000 0.0000 0.0000
1.0000 0.9310 0.0000 0.0000 0.0000
1.0000 0.9655 0.0000 0.0000 0.0000
1.0000 1.0000 0.0000 0.0000 0.0000

