0.0000 0.0000 0.0000 0.0000 0.0000
0.0000 0.0345 0.0000 0.0000 0.0000
0.0000 0.0690 0.0000 0.0000 0.0000
0.0000 0.1034 0.0000 0.0000 0.0000
0.0000 0.1379 0.0000 0.0000 0.0000
0.0000 0.1724 0.0000 0.0000 0.0000
0.0000 0.2069 0.0000 0.0000 0.0000
0.0000 0.2414 0.0000 0.0000 0.0000
0.0000 0.2759 0.0000 0.0000 0.0000
0.0000 0.3103 0.0000 0.0000 0.0000
0.0000 0.3448 0.0000 0.0000 0.0000
0.0000 0.3793 0.0000 0.0000 0.0000
0.0000 0.4138 0.0000 0.0000 0.0000
0.0000 0.4483 0.0000 0.0000 0.0000
0.0000 0.4828 0.0000 0.0000 0.0000
0.0000 0.5172 0.0000 0.0000 0.0000
0.0000 0.5517 0.0000 0.0000 0.0000
0.0000 0.5862 0.0000 0.0000 0.0000
0.0000 0.6207 0.0000 0.0000 0.0000
0.0000 0.6552 0.0000 0.0000 0.0000
0.0000 0.6897 0.0000 0.0000 0.0000
0.0000 0.7241 0.0000 0.0000 0.0000
0.0000 0.7586 0.0000 0.0000 0.0000
0.0000 0.7931 0.0000 0.0000 0.0000
0.0000 0.8276 0.0000 0.0000 0.0000
0.0000 0.8621 0.0000 0.0000 0.0000
0.0000 0.8966 0.0000 0.0000 0.0000
0.0000 0.9310 0.0000 0.0000 0.0000
0.0000 0.9655 0.0000 0.0000 0.0000
0.0000 1.0000 0.0000 0.0000 0.0000

0.0345 0.0000 0.0000 0.0000 0.0000
0.0345 0.0345 0.006476 0.999979 0.312135
0.0345 0.0690 0.013876 0.999904 0.291348
0.0345 0.1034 0.022412 0.999749 0.270579
0.0345 0.1379 0.032364 0.999476 0.249834
0.0345 0.1724 0.044113 0.999027 0.229117
0.0345 0.2069 0.058187 0.998306 0.208439
0.0345 0.2414 0.075341 0.997158 0.187811
0.0345 0.2759 0.096688 0.995315 0.167252
0.0345 0.3103 0.123935 0.992290 0.146792
0.0345 0.3448 0.159824 0.987146 0.126477
0.0345 0.3793 0.208995 0.977917 0.106392
0.0345 0.4138 0.279789 0.960061 0.086697
0.0345 0.4483 0.387979 0.921668 0.067731
0.0345 0.4828 0.562310 0.826927 0.050327
0.0345 0.5172 0.824513 0.565843 0.036774
0.0345 0.5517 1.000000 0.000000 0.032342
0.0345 0.5862 0.855397 -0.517974 0.040173
0.0345 0.6207 0.658200 -0.752843 0.055280
0.0345 0.6552 0.524007 -0.851714 0.073294
0.0345 0.6897 0.436904 -0.899508 0.092533
0.0345 0.7241 0.377767 -0.925901 0.112369
0.0345 0.7586 0.335541 -0.942026 0.132535
0.0345 0.7931 0.304070 -0.952650 0.152900
0.0345 0.8276 0.279789 -0.960061 0.173394
0.0345 0.8621 0.260523 -0.965468 0.193975
0.0345 0.8966 0.244881 -0.969553 0.214620
0.0345 0.9310 0.231939 -0.972730 0.235311
0.0345 0.9655 0.0000 0.0000 0.0000
0.0345 1.0000 0.0000 0.0000 0.0000

0.0690 0.0000 0.0000 0.0000 0.0000
0.0690 0.0345 0.018215 0.999834 0.600575
0.0690 0.0690 0.039119 0.999235 0.559287
0.0690 0.1034 0.063321 0.997993 0.518281
0.0690 0.1379 0.091613 0.995795 0.477633
0.0690 0.1724 0.125038 0.992152 0.437440
0.0690 0.2069 0.164981 0.986297 0.397842
0.0690 0.2414 0.213282 0.976991 0.359034
0.0690 0.2759 0.272374 0.962191 0.321304
0.0690 0.3103 0.345357 0.938471 0.285079
0.0690 0.3448 0.435809 0.900039 0.251013
0.0690 0.3793 0.546696 0.837331 0.220109
0.0690 0.4138 0.677057 0.735931 0.193887
0.0690 0.4483 0.815113 0.579302 0.174469
0.0690 0.4828 0.932222 0.361887 0.164286
0.0690 0.5172 0.994144 0.108059 0.165057
0.0690 0.5517 0.990896 -0.134633 0.176638
0.0690 0.5862 0.943368 -0.331747 0.197133
0.0690 0.6207 0.878625 -0.477513 0.224110
0.0690 0.6552 0.813419 -0.581678 0.255524
0.0690 0.6897 0.754606 -0.656179 0.289936
0.0690 0.7241 0.703821 -0.710378 0.326399
0.0690 0.7586 0.660628 -0.750714 0.364299
0.0690 0.7931 0.623976 -0.781444 0.403229
0.0690 0.8276 0.592759 -0.805380 0.442919
0.0690 0.8621 0.566007 -0.824401 0.483182
0.0690 0.8966 0.542912 -0.839789 0.523884
0.0690 0.9310 0.0000 0.0000 0.0000
0.0690 0.9655 0.0000 0.0000 0.0000
0.0690 1.0000 0.0000 0.0000 0.0000

0.1034 0.0000 0.0000 0.0000 0.0000
0.1034 0.0345 0.022949 0.999737 0.865269
0.1034 0.0690 0.049421 0.998778 0.803598
0.1034 0.1034 0.080223 0.996777 0.742584
0.1034 0.1379 0.116396 0.993203 0.682403
0.1034 0.1724 0.159292 0.987231 0.623297
0.1034 0.2069 0.210649 0.977562 0.565604
0.1034 0.2414 0.272657 0.962111 0.509803
0.1034 0.2759 0.347925 0.937522 0.456588
0.1034 0.3103 0.439132 0.898423 0.406976
0.1034 0.3448 0.547868 0.836565 0.362447
0.1034 0.3793 0.671890 0.740651 0.325099
0.1034 0.4138 0.800575 0.599233 0.297646
0.1034 0.4483 0.912228 0.409683 0.282983
0.1034 0.4828 0.981976 0.189003 0.283105
0.1034 0.5172 0.999552 -0.029927 0.297993
0.1034 0.5517 0.975704 -0.219095 0.325629
0.1034 0.5862 0.929669 -0.368396 0.363112
0.1034 0.6207 0.876622 -0.481180 0.407737
0.1034 0.6552 0.824822 -0.565392 0.457418
0.1034 0.6897 0.777678 -0.628662 0.510682
0.1034 0.7241 0.736082 -0.676893 0.566518
0.1034 0.7586 0.699831 -0.714308 0.624237
0.1034 0.7931 0.668340 -0.743856 0.683362
0.1034 0.8276 0.640939 -0.767592 0.743558
0.1034 0.8621 0.617005 -0.786959 0.804584
0.1034 0.8966 0.0000 0.0000 0.0000
0.1034 0.9310 0.0000 0.0000 0.0000
0.1034 0.9655 0.0000 0.0000 0.0000
0.1034 1.0000 0.0000 0.0000 0.0000

0.1379 0.0000 0.0000 0.0000 0.0000
0.1379 0.0345 0.026013 0.999662 1.106201
0.1379 0.0690 0.056190 0.998420 1.024210
0.1379 0.1034 0.091513 0.995804 0.943316
0.1379 0.1379 0.133246 0.991083 0.863826
0.1379 0.1724 0.183010 0.983111 0.786167
0.1379 0.2069 0.242850 0.970064 0.710938
0.1379 0.2414 0.315223 0.949018 0.638999
0.1379 0.2759 0.402739 0.915315 0.571592
0.1379 0.3103 0.507285 0.861779 0.510517
0.1379 0.3448 0.627854 0.778331 0.458312
0.1379 0.3793 0.756682 0.653783 0.418310
0.1379 0.4138 0.875859 0.482567 0.394245
0.1379 0.4483 0.961432 0.275044 0.389085
0.1379 0.4828 0.998262 0.058929 0.403555
0.1379 0.5172 0.990647 -0.136453 0.435704
0.1379 0.5517 0.955180 -0.296027 0.482008
0.1379 0.5862 0.907856 -0.419282 0.538829
0.1379 0.6207 0.858673 -0.512523 0.603204
0.1379 0.6552 0.812418 -0.583075 0.672966
0.1379 0.6897 0.770826 -0.637046 0.746609
0.1379 0.7241 0.734161 -0.678976 0.823090
0.1379 0.7586 0.702078 -0.712100 0.901689
0.1379 0.7931 0.674034 -0.738700 0.981896
0.1379 0.8276 0.649464 -0.760392 1.063348
0.1379 0.8621 0.0000 0.0000 0.0000
0.1379 0.8966 0.0000 0.0000 0.0000
0.1379 0.9310 0.0000 0.0000 0.0000
0.1379 0.9655 0.0000 0.0000 0.0000
0.1379 1.0000 0.0000 0.0000 0.0000

0.1724 0.0000 0.0000 0.0000 0.0000
0.1724 0.0345 0.028483 0.999594 1.323367
0.1724 0.0690 0.061736 0.998093 1.221116
0.1724 0.1034 0.100922 0.994894 1.120465
0.1724 0.1379 0.147544 0.989056 1.021886
0.1724 0.1724 0.203518 0.979071 0.926040
0.1724 0.2069 0.271216 0.962518 0.833871
0.1724 0.2414 0.353339 0.935495 0.746741
0.1724 0.2759 0.452343 0.891844 0.666630
0.1724 0.3103 0.568837 0.822451 0.596373
0.1724 0.3448 0.698241 0.715863 0.539831
0.1724 0.3793 0.826503 0.562932 0.501662
0.1724 0.4138 0.930287 0.366832 0.486214
0.1724 0.4483 0.988694 0.149948 0.495615
0.1724 0.4828 0.998417 -0.056243 0.528542
0.1724 0.5172 0.973135 -0.230237 0.581007
0.1724 0.5517 0.930287 -0.366832 0.648285
0.1724 0.5862 0.882294 -0.470699 0.726271
0.1724 0.6207 0.835682 -0.549213 0.811885
0.1724 0.6552 0.793138 -0.609042 0.902959
0.1724 0.6897 0.755375 -0.655293 0.998001
0.1724 0.7241 0.722239 -0.691644 1.095978
0.1724 0.7586 0.693256 -0.720692 1.196169
0.1724 0.7931 0.667876 -0.744273 1.298062
0.1724 0.8276 0.0000 0.0000 0.0000
0.1724 0.8621 0.0000 0.0000 0.0000
0.1724 0.8966 0.0000 0.0000 0.0000
0.1724 0.9310 0.0000 0.0000 0.0000
0.1724 0.9655 0.0000 0.0000 0.0000
0.1724 1.0000 0.0000 0.0000 0.0000

0.2069 0.0000 0.0000 0.0000 0.0000
0.2069 0.0345 0.030731 0.999528 1.516769
0.2069 0.0690 0.066859 0.997762 1.394321
0.2069 0.1034 0.109755 0.993959 1.274047
0.2069 0.1379 0.161197 0.986922 1.156624
0.2069 0.1724 0.223444 0.974717 1.043018
0.2069 0.2069 0.299231 0.954181 0.934619
0.2069 0.2414 0.391473 0.920190 0.833463
0.2069 0.2759 0.502197 0.864753 0.742516
0.2069 0.3103 0.629907 0.776671 0.665973
0.2069 0.3448 0.765012 0.644016 0.609287
0.2069 0.3793 0.886563 0.462608 0.578327
0.2069 0.4138 0.968968 0.247186 0.577247
0.2069 0.4483 0.999567 0.029422 0.606208
0.2069 0.4828 0.986818 -0.161832 0.661273
0.2069 0.5172 0.949166 -0.314775 0.736612
0.2069 0.5517 0.902115 -0.431496 0.826701
0.2069 0.5862 0.854560 -0.519353 0.927249
0.2069 0.6207 0.810461 -0.585792 1.035215
0.2069 0.6552 0.771099 -0.636716 1.148507
0.2069 0.6897 0.736530 -0.676405 1.265697
0.2069 0.7241 0.706334 -0.707879 1.385796
0.2069 0.7586 0.679955 -0.733254 1.508109
0.2069 0.7931 0.0000 0.0000 0.0000
0.2069 0.8276 0.0000 0.0000 0.0000
0.2069 0.8621 0.0000 0.0000 0.0000
0.2069 0.8966 0.0000 0.0000 0.0000
0.2069 0.9310 0.0000 0.0000 0.0000
0.2069 0.9655 0.0000 0.0000 0.0000
0.2069 1.0000 0.0000 0.0000 0.0000

0.2414 0.0000 0.0000 0.0000 0.0000
0.2414 0.0345 0.032927 0.999458 1.686408
0.2414 0.0690 0.071937 0.997409 1.543833
0.2414 0.1034 0.118644 0.992937 1.404091
0.2414 0.1379 0.175155 0.984541 1.268118
0.2414 0.1724 0.244134 0.969741 1.137266
0.2414 0.2069 0.328730 0.944424 1.013521
0.2414 0.2414 0.431979 0.901884 0.899821
0.2414 0.2759 0.554974 0.831867 0.800457
0.2414 0.3103 0.692789 0.721140 0.721377
0.2414 0.3448 0.829034 0.559198 0.669805
0.2414 0.3793 0.936412 0.350904 0.652299
0.2414 0.4138 0.992289 0.123948 0.671528
0.2414 0.4483 0.996282 -0.086155 0.724573
0.2414 0.4828 0.965994 -0.258564 0.804775
0.2414 0.5172 0.920431 -0.390904 0.904942
0.2414 0.5517 0.871725 -0.489995 1.019205
0.2414 0.5862 0.825644 -0.564192 1.143344
0.2414 0.6207 0.784261 -0.620430 1.274479
0.2414 0.6552 0.747916 -0.663793 1.410658
0.2414 0.6897 0.716249 -0.697845 1.550553
0.2414 0.7241 0.688685 -0.725061 1.693244
0.2414 0.7586 0.0000 0.0000 0.0000
0.2414 0.7931 0.0000 0.0000 0.0000
0.2414 0.8276 0.0000 0.0000 0.0000
0.2414 0.8621 0.0000 0.0000 0.0000
0.2414 0.8966 0.0000 0.0000 0.0000
0.2414 0.9310 0.0000 0.0000 0.0000
0.2414 0.9655 0.0000 0.0000 0.0000
0.2414 1.0000 0.0000 0.0000 0.0000

0.2759 0.0000 0.0000 0.0000 0.0000
0.2759 0.0345 0.035173 0.999381 1.832287
0.2759 0.0690 0.077198 0.997016 1.669667
0.2759 0.1034 0.127986 0.991776 1.510640
0.2759 0.1379 0.190044 0.981776 1.356469
0.2759 0.1724 0.266528 0.963827 1.209013
0.2759 0.2069 0.361031 0.932554 1.071049
0.2759 0.2414 0.476510 0.879169 0.946737
0.2759 0.2759 0.612219 0.790688 0.842145
0.2759 0.3103 0.757807 0.652479 0.765398
0.2759 0.3448 0.888448 0.458977 0.725389
0.2759 0.3793 0.973520 0.228602 0.728201
0.2759 0.4138 1.000000 0.000000 0.773365
0.2759 0.4483 0.980826 -0.194885 0.854190
0.2759 0.4828 0.938166 -0.346187 0.961727
0.2759 0.5172 0.888448 -0.458977 1.088084
0.2759 0.5517 0.840069 -0.542480 1.227463
0.2759 0.5862 0.796272 -0.604939 1.375912
0.2759 0.6207 0.757807 -0.652479 1.530795
0.2759 0.6552 0.724406 -0.689374 1.690344
0.2759 0.6897 0.695464 -0.718561 1.853355
0.2759 0.7241 0.0000 0.0000 0.0000
0.2759 0.7586 0.0000 0.0000 0.0000
0.2759 0.7931 0.0000 0.0000 0.0000
0.2759 0.8276 0.0000 0.0000 0.0000
0.2759 0.8621 0.0000 0.0000 0.0000
0.2759 0.8966 0.0000 0.0000 0.0000
0.2759 0.9310 0.0000 0.0000 0.0000
0.2759 0.9655 0.0000 0.0000 0.0000
0.2759 1.0000 0.0000 0.0000 0.0000

0.3103 0.0000 0.0000 0.0000 0.0000
0.3103 0.0345 0.037538 0.999295 1.954410
0.3103 0.0690 0.082812 0.996565 1.771841
0.3103 0.1034 0.138099 0.990418 1.593749
0.3103 0.1379 0.206398 0.978468 1.421815
0.3103 0.1724 0.291462 0.956582 1.258568
0.3103 0.2069 0.397336 0.917673 1.107853
0.3103 0.2414 0.526455 0.850203 0.975496
0.3103 0.2759 0.674684 0.738107 0.869919
0.3103 0.3103 0.823535 0.567265 0.801769
0.3103 0.3448 0.939482 0.342599 0.780910
0.3103 0.3793 0.995091 0.098967 0.810997
0.3103 0.4138 0.992693 -0.120668 0.886861
0.3103 0.4483 0.955544 -0.294848 0.998118
0.3103 0.4828 0.905421 -0.424514 1.134401
0.3103 0.5172 0.854546 -0.519376 1.287790
0.3103 0.5517 0.807943 -0.589261 1.452876
0.3103 0.5862 0.766991 -0.641658 1.626102
0.3103 0.6207 0.731568 -0.681769 1.805125
0.3103 0.6552 0.701041 -0.713121 1.988379
0.3103 0.6897 0.0000 0.0000 0.0000
0.3103 0.7241 0.0000 0.0000 0.0000
0.3103 0.7586 0.0000 0.0000 0.0000
0.3103 0.7931 0.0000 0.0000 0.0000
0.3103 0.8276 0.0000 0.0000 0.0000
0.3103 0.8621 0.0000 0.0000 0.0000
0.3103 0.8966 0.0000 0.0000 0.0000
0.3103 0.9310 0.0000 0.0000 0.0000
0.3103 0.9655 0.0000 0.0000 0.0000
0.3103 1.0000 0.0000 0.0000 0.0000

0.3448 0.0000 0.0000 0.0000 0.0000
0.3448 0.0345 0.040084 0.999196 2.052779
0.3448 0.0690 0.088936 0.996037 1.850376
0.3448 0.1034 0.149290 0.988793 1.653488
0.3448 0.1379 0.224765 0.974413 1.464341
0.3448 0.1724 0.319831 0.947475 1.286353
0.3448 0.2069 0.438907 0.898533 1.124836
0.3448 0.2414 0.583036 0.812447 0.987900
0.3448 0.2759 0.742120 0.670267 0.887005
0.3448 0.3103 0.886549 0.462634 0.835314
0.3448 0.3448 0.977304 0.211843 0.841939
0.3448 0.3793 0.999461 -0.032825 0.905601
0.3448 0.4138 0.972200 -0.234152 1.015631
0.3448 0.4483 0.923016 -0.384761 1.158895
0.3448 0.4828 0.869632 -0.493701 1.324655
0.3448 0.5172 0.819825 -0.572614 1.505498
0.3448 0.5517 0.775977 -0.630761 1.696607
0.3448 0.5862 0.738206 -0.674576 1.894880
0.3448 0.6207 0.705859 -0.708352 2.098286
0.3448 0.6552 0.0000 0.0000 0.0000
0.3448 0.6897 0.0000 0.0000 0.0000
0.3448 0.7241 0.0000 0.0000 0.0000
0.3448 0.7586 0.0000 0.0000 0.0000
0.3448 0.7931 0.0000 0.0000 0.0000
0.3448 0.8276 0.0000 0.0000 0.0000
0.3448 0.8621 0.0000 0.0000 0.0000
0.3448 0.8966 0.0000 0.0000 0.0000
0.3448 0.9310 0.0000 0.0000 0.0000
0.3448 0.9655 0.0000 0.0000 0.0000
0.3448 1.0000 0.0000 0.0000 0.0000

0.3793 0.0000 0.0000 0.0000 0.0000
0.3793 0.0345 0.042870 0.999081 2.127402
0.3793 0.0690 0.095734 0.995407 1.905303
0.3793 0.1034 0.161900 0.986807 1.689953
0.3793 0.1379 0.245776 0.969327 1.484292
0.3793 0.1724 0.352685 0.935742 1.292952
0.3793 0.2069 0.487152 0.873317 1.123275
0.3793 0.2414 0.647141 0.762370 0.986503
0.3793 0.2759 0.812658 0.582741 0.897804
0.3793 0.3103 0.941325 0.337502 0.871972
0.3793 0.3448 0.997439 0.071524 0.914351
0.3793 0.3793 0.986979 -0.160851 1.016446
0.3793 0.4138 0.941325 -0.337502 1.162629
0.3793 0.4483 0.885755 -0.464153 1.338533
0.3793 0.4828 0.832360 -0.554235 1.533967
0.3793 0.5172 0.785145 -0.619312 1.742372
0.3793 0.5517 0.744644 -0.667461 1.959614
0.3793 0.5862 0.710205 -0.703995 2.183056
0.3793 0.6207 0.0000 0.0000 0.0000
0.3793 0.6552 0.0000 0.0000 0.0000
0.3793 0.6897 0.0000 0.0000 0.0000
0.3793 0.7241 0.0000 0.0000 0.0000
0.3793 0.7586 0.0000 0.0000 0.0000
0.3793 0.7931 0.0000 0.0000 0.0000
0.3793 0.8276 0.0000 0.0000 0.0000
0.3793 0.8621 0.0000 0.0000 0.0000
0.3793 0.8966 0.0000 0.0000 0.0000
0.3793 0.9310 0.0000 0.0000 0.0000
0.3793 0.9655 0.0000 0.0000 0.0000
0.3793 1.0000 0.0000 0.0000 0.0000

0.4138 0.0000 0.0000 0.0000 0.0000
0.4138 0.0345 0.045962 0.998943 2.178283
0.4138 0.0690 0.103393 0.994641 1.936658
0.4138 0.1034 0.176342 0.984329 1.703267
0.4138 0.1379 0.270225 0.962797 1.482008
0.4138 0.1724 0.391337 0.920247 1.279189
0.4138 0.2069 0.543626 0.839328 1.105012
0.4138 0.2414 0.718838 0.695178 0.974952
0.4138 0.2759 0.881947 0.471349 0.908163
0.4138 0.3103 0.980967 0.194174 0.918553
0.4138 0.3448 0.997471 -0.071079 1.003728
0.4138 0.3793 0.960039 -0.279865 1.147149
0.4138 0.4138 0.903257 -0.429101 1.330106
0.4138 0.4483 0.845951 -0.533260 1.538559
0.4138 0.4828 0.794825 -0.606839 1.763489
0.4138 0.5172 0.751138 -0.660145 1.999344
0.4138 0.5517 0.714281 -0.699859 2.242679
0.4138 0.5862 0.683185 -0.730245 2.491304
0.4138 0.6207 0.0000 0.0000 0.0000
0.4138 0.6552 0.0000 0.0000 0.0000
0.4138 0.6897 0.0000 0.0000 0.0000
0.4138 0.7241 0.0000 0.0000 0.0000
0.4138 0.7586 0.0000 0.0000 0.0000
0.4138 0.7931 0.0000 0.0000 0.0000
0.4138 0.8276 0.0000 0.0000 0.0000
0.4138 0.8621 0.0000 0.0000 0.0000
0.4138 0.8966 0.0000 0.0000 0.0000
0.4138 0.9310 0.0000 0.0000 0.0000
0.4138 0.9655 0.0000 0.0000 0.0000
0.4138 1.0000 0.0000 0.0000 0.0000

0.4483 0.0000 0.0000 0.0000 0.0000
0.4483 0.0345 0.049440 0.998777 2.205432
0.4483 0.0690 0.112150 0.993691 1.944491
0.4483 0.1034 0.193145 0.981170 1.693602
0.4483 0.1379 0.299148 0.954207 1.457966
0.4483 0.1724 0.437455 0.899240 1.246263
0.4483 0.2069 0.609850 0.792517 1.072757
0.4483 0.2414 0.796368 0.604813 0.958424
0.4483 0.2759 0.942553 0.334056 0.925460
0.4483 0.3103 0.999226 0.039349 0.982092
0.4483 0.3448 0.978129 -0.207999 1.114749
0.4483 0.3793 0.922358 -0.386335 1.300368
0.4483 0.4138 0.861008 -0.508592 1.519664
0.4483 0.4483 0.805343 -0.592810 1.760094
0.4483 0.4828 0.757913 -0.652356 2.014104
0.4483 0.5172 0.718244 -0.695791 2.277154
0.4483 0.5517 0.0000 0.0000 0.0000
0.4483 0.5862 0.0000 0.0000 0.0000
0.4483 0.6207 0.0000 0.0000 0.0000
0.4483 0.6552 0.0000 0.0000 0.0000
0.4483 0.6897 0.0000 0.0000 0.0000
0.4483 0.7241 0.0000 0.0000 0.0000
0.4483 0.7586 0.0000 0.0000 0.0000
0.4483 0.7931 0.0000 0.0000 0.0000
0.4483 0.8276 0.0000 0.0000 0.0000
0.4483 0.8621 0.0000 0.0000 0.0000
0.4483 0.8966 0.0000 0.0000 0.0000
0.4483 0.9310 0.0000 0.0000 0.0000
0.4483 0.9655 0.0000 0.0000 0.0000
0.4483 1.0000 0.0000 0.0000 0.0000

0.4828 0.0000 0.0000 0.0000 0.0000
0.4828 0.0345 0.053401 0.998573 2.208859
0.4828 0.0690 0.122305 0.992493 1.928868
0.4828 0.1034 0.213018 0.977048 1.661195
0.4828 0.1379 0.333947 0.942592 1.412857
0.4828 0.1724 0.493138 0.869951 1.195962
0.4828 0.2069 0.686745 0.726898 1.030555
0.4828 0.2414 0.874573 0.484894 0.944099
0.4828 0.2759 0.984794 0.173729 0.958209
0.4828 0.3103 0.993155 -0.116803 1.068910
0.4828 0.3448 0.943025 -0.332721 1.250813
0.4828 0.3793 0.877963 -0.478728 1.477856
0.4828 0.4138 0.817059 -0.576554 1.732381
0.4828 0.4483 0.765197 -0.643796 2.003944
0.4828 0.4828 0.722231 -0.691652 2.286482
0.4828 0.5172 0.0000 0.0000 0.0000
0.4828 0.5517 0.0000 0.0000 0.0000
0.4828 0.5862 0.0000 0.0000 0.0000
0.4828 0.6207 0.0000 0.0000 0.0000
0.4828 0.6552 0.0000 0.0000 0.0000
0.4828 0.6897 0.0000 0.0000 0.0000
0.4828 0.7241 0.0000 0.0000 0.0000
0.4828 0.7586 0.0000 0.0000 0.0000
0.4828 0.7931 0.0000 0.0000 0.0000
0.4828 0.8276 0.0000 0.0000 0.0000
0.4828 0.8621 0.0000 0.0000 0.0000
0.4828 0.8966 0.0000 0.0000 0.0000
0.4828 0.9310 0.0000 0.0000 0.0000
0.4828 0.9655 0.0000 0.0000 0.0000
0.4828 1.0000 0.0000 0.0000 0.0000

0.5172 0.0000 0.0000 0.0000 0.0000
0.5172 0.0345 0.057970 0.998318 2.188579
0.5172 0.0690 0.134265 0.990945 1.889883
0.5172 0.1034 0.236941 0.971524 1.606385
0.5172 0.1379 0.376557 0.926393 1.347714
0.5172 0.1724 0.560871 0.827903 1.131033
0.5172 0.2069 0.773246 0.634106 0.984468
0.5172 0.2414 0.943430 0.331571 0.941362
0.5172 0.2759 1.000000 0.000000 1.014982
0.5172 0.3103 0.964611 -0.263678 1.183747
0.5172 0.3448 0.897268 -0.441486 1.413990
0.5172 0.3793 0.830403 -0.557163 1.680630
0.5172 0.4138 0.773246 -0.634106 1.968937
0.5172 0.4483 0.726369 -0.687304 2.270671
0.5172 0.4828 0.0000 0.0000 0.0000
0.5172 0.5172 0.0000 0.0000 0.0000
0.5172 0.5517 0.0000 0.0000 0.0000
0.5172 0.5862 0.0000 0.0000 0.0000
0.5172 0.6207 0.0000 0.0000 0.0000
0.5172 0.6552 0.0000 0.0000 0.0000
0.5172 0.6897 0.0000 0.0000 0.0000
0.5172 0.7241 0.0000 0.0000 0.0000
0.5172 0.7586 0.0000 0.0000 0.0000
0.5172 0.7931 0.0000 0.0000 0.0000
0.5172 0.8276 0.0000 0.0000 0.0000
0.5172 0.8621 0.0000 0.0000 0.0000
0.5172 0.8966 0.0000 0.0000 0.0000
0.5172 0.9310 0.0000 0.0000 0.0000
0.5172 0.9655 0.0000 0.0000 0.0000
0.5172 1.0000 0.0000 0.0000 0.0000

0.5517 0.0000 0.0000 0.0000 0.0000
0.5517 0.0345 0.063317 0.997993 2.144612
0.5517 0.0690 0.148595 0.988898 1.827663
0.5517 0.1034 0.266313 0.963887 1.529677
0.5517 0.1379 0.429671 0.902986 1.264138
0.5517 0.1724 0.643060 0.765816 1.055817
0.5517 0.2069 0.863614 0.504153 0.943412
0.5517 0.2414 0.988920 0.148449 0.961185
0.5517 0.2759 0.985008 -0.172506 1.102859
0.5517 0.3103 0.919302 -0.393552 1.329396
0.5517 0.3448 0.845911 -0.533324 1.605260
0.5517 0.3793 0.782373 -0.622810 1.909188
0.5517 0.4138 0.730800 -0.682592 2.229733
0.5517 0.4483 0.0000 0.0000 0.0000
0.5517 0.4828 0.0000 0.0000 0.0000
0.5517 0.5172 0.0000 0.0000 0.0000
0.5517 0.5517 0.0000 0.0000 0.0000
0.5517 0.5862 0.0000 0.0000 0.0000
0.5517 0.6207 0.0000 0.0000 0.0000
0.5517 0.6552 0.0000 0.0000 0.0000
0.5517 0.6897 0.0000 0.0000 0.0000
0.5517 0.7241 0.0000 0.0000 0.0000
0.5517 0.7586 0.0000 0.0000 0.0000
0.5517 0.7931 0.0000 0.0000 0.0000
0.5517 0.8276 0.0000 0.0000 0.0000
0.5517 0.8621 0.0000 0.0000 0.0000
0.5517 0.8966 0.0000 0.0000 0.0000
0.5517 0.9310 0.0000 0.0000 0.0000
0.5517 0.9655 0.0000 0.0000 0.0000
0.5517 1.0000 0.0000 0.0000 0.0000

0.5862 0.0000 0.0000 0.0000 0.0000
0.5862 0.0345 0.069672 0.997570 2.076985
0.5862 0.0690 0.166103 0.986108 1.742397
0.5862 0.1034 0.303193 0.952929 1.431845
0.5862 0.1379 0.496974 0.867765 1.164718
0.5862 0.1724 0.740353 0.672218 0.977295
0.5862 0.2069 0.944088 0.329694 0.919673
0.5862 0.2414 0.998758 -0.049827 1.014221
0.5862 0.2759 0.944088 -0.329694 1.226231
0.5862 0.3103 0.864268 -0.503032 1.506915
0.5862 0.3448 0.792987 -0.609238 1.824855
0.5862 0.3793 0.735686 -0.677323 2.163690
0.5862 0.4138 0.690462 -0.723368 2.514988
0.5862 0.4483 0.0000 0.0000 0.0000
0.5862 0.4828 0.0000 0.0000 0.0000
0.5862 0.5172 0.0000 0.0000 0.0000
0.5862 0.5517 0.0000 0.0000 0.0000
0.5862 0.5862 0.0000 0.0000 0.0000
0.5862 0.6207 0.0000 0.0000 0.0000
0.5862 0.6552 0.0000 0.0000 0.0000
0.5862 0.6897 0.0000 0.0000 0.0000
0.5862 0.7241 0.0000 0.0000 0.0000
0.5862 0.7586 0.0000 0.0000 0.0000
0.5862 0.7931 0.0000 0.0000 0.0000
0.5862 0.8276 0.0000 0.0000 0.0000
0.5862 0.8621 0.0000 0.0000 0.0000
0.5862 0.8966 0.0000 0.0000 0.0000
0.5862 0.9310 0.0000 0.0000 0.0000
0.5862 0.9655 0.0000 0.0000 0.0000
0.5862 1.0000 0.0000 0.0000 0.0000

0.6207 0.0000 0.0000 0.0000 0.0000
0.6207 0.0345 0.077365 0.997003 1.985738
0.6207 0.0690 0.187995 0.982170 1.634373
0.6207 0.1034 0.350707 0.936485 1.314145
0.6207 0.1379 0.583115 0.812390 1.053834
0.6207 0.1724 0.847261 0.531177 0.906608
0.6207 0.2069 0.993328 0.115324 0.927951
0.6207 0.2414 0.970420 -0.241425 1.108166
0.6207 0.2759 0.886328 -0.463058 1.386635
0.6207 0.3103 0.805651 -0.592390 1.716177
0.6207 0.3448 0.741237 -0.671244 2.072572
0.6207 0.3793 0.0000 0.0000 0.0000
0.6207 0.4138 0.0000 0.0000 0.0000
0.6207 0.4483 0.0000 0.0000 0.0000
0.6207 0.4828 0.0000 0.0000 0.0000
0.6207 0.5172 0.0000 0.0000 0.0000
0.6207 0.5517 0.0000 0.0000 0.0000
0.6207 0.5862 0.0000 0.0000 0.0000
0.6207 0.6207 0.0000 0.0000 0.0000
0.6207 0.6552 0.0000 0.0000 0.0000
0.6207 0.6897 0.0000 0.0000 0.0000
0.6207 0.7241 0.0000 0.0000 0.0000
0.6207 0.7586 0.0000 0.0000 0.0000
0.6207 0.7931 0.0000 0.0000 0.0000
0.6207 0.8276 0.0000 0.0000 0.0000
0.6207 0.8621 0.0000 0.0000 0.0000
0.6207 0.8966 0.0000 0.0000 0.0000
0.6207 0.9310 0.0000 0.0000 0.0000
0.6207 0.9655 0.0000 0.0000 0.0000
0.6207 1.0000 0.0000 0.0000 0.0000

0.6552 0.0000 0.0000 0.0000 0.0000
0.6552 0.0345 0.086879 0.996219 1.870927
0.6552 0.0690 0.216144 0.976362 1.504043
0.6552 0.1034 0.413697 0.910415 1.178723
0.6552 0.1379 0.692268 0.721640 0.939200
0.6552 0.1724 0.944599 0.328226 0.860389
0.6552 0.2069 0.993359 -0.115056 0.981788
0.6552 0.2414 0.913027 -0.407899 1.246198
0.6552 0.2759 0.821174 -0.570677 1.583533
0.6552 0.3103 0.747741 -0.663990 1.956427
0.6552 0.3448 0.0000 0.0000 0.0000
0.6552 0.3793 0.0000 0.0000 0.0000
0.6552 0.4138 0.0000 0.0000 0.0000
0.6552 0.4483 0.0000 0.0000 0.0000
0.6552 0.4828 0.0000 0.0000 0.0000
0.6552 0.5172 0.0000 0.0000 0.0000
0.6552 0.5517 0.0000 0.0000 0.0000
0.6552 0.5862 0.0000 0.0000 0.0000
0.6552 0.6207 0.0000 0.0000 0.0000
0.6552 0.6552 0.0000 0.0000 0.0000
0.6552 0.6897 0.0000 0.0000 0.0000
0.6552 0.7241 0.0000 0.0000 0.0000
0.6552 0.7586 0.0000 0.0000 0.0000
0.6552 0.7931 0.0000 0.0000 0.0000
0.6552 0.8276 0.0000 0.0000 0.0000
0.6552 0.8621 0.0000 0.0000 0.0000
0.6552 0.8966 0.0000 0.0000 0.0000
0.6552 0.9310 0.0000 0.0000 0.0000
0.6552 0.9655 0.0000 0.0000 0.0000
0.6552 1.0000 0.0000 0.0000 0.0000

0.6897 0.0000 0.0000 0.0000 0.0000
0.6897 0.0345 0.098960 0.995091 1.732643
0.6897 0.0690 0.253610 0.967307 1.352174
0.6897 0.1034 0.499642 0.866232 1.029511
0.6897 0.1379 0.821741 0.569862 0.834631
0.6897 0.1724 0.997604 0.069182 0.859372
0.6897 0.2069 0.944815 -0.327606 1.088865
0.6897 0.2414 0.840761 -0.541406 1.427560
0.6897 0.2759 0.755620 -0.655010 1.815331
0.6897 0.3103 0.0000 0.0000 0.0000
0.6897 0.3448 0.0000 0.0000 0.0000
0.6897 0.3793 0.0000 0.0000 0.0000
0.6897 0.4138 0.0000 0.0000 0.0000
0.6897 0.4483 0.0000 0.0000 0.0000
0.6897 0.4828 0.0000 0.0000 0.0000
0.6897 0.5172 0.0000 0.0000 0.0000
0.6897 0.5517 0.0000 0.0000 0.0000
0.6897 0.5862 0.0000 0.0000 0.0000
0.6897 0.6207 0.0000 0.0000 0.0000
0.6897 0.6552 0.0000 0.0000 0.0000
0.6897 0.6897 0.0000 0.0000 0.0000
0.6897 0.7241 0.0000 0.0000 0.0000
0.6897 0.7586 0.0000 0.0000 0.0000
0.6897 0.7931 0.0000 0.0000 0.0000
0.6897 0.8276 0.0000 0.0000 0.0000
0.6897 0.8621 0.0000 0.0000 0.0000
0.6897 0.8966 0.0000 0.0000 0.0000
0.6897 0.9310 0.0000 0.0000 0.0000
0.6897 0.9655 0.0000 0.0000 0.0000
0.6897 1.0000 0.0000 0.0000 0.0000

0.7241 0.0000 0.0000 0.0000 0.0000
0.7241 0.0345 0.114817 0.993387 1.571032
0.7241 0.0690 0.305690 0.952131 1.180155
0.7241 0.1034 0.618956 0.785426 0.874281
0.7241 0.1379 0.945008 0.327046 0.763509
0.7241 0.1724 0.979114 -0.203310 0.921141
0.7241 0.2069 0.866233 -0.499640 1.249413
0.7241 0.2414 0.765526 -0.643405 1.649407
0.7241 0.2759 0.0000 0.0000 0.0000
0.7241 0.3103 0.0000 0.0000 0.0000
0.7241 0.3448 0.0000 0.0000 0.0000
0.7241 0.3793 0.0000 0.0000 0.0000
0.7241 0.4138 0.0000 0.0000 0.0000
0.7241 0.4483 0.0000 0.0000 0.0000
0.7241 0.4828 0.0000 0.0000 0.0000
0.7241 0.5172 0.0000 0.0000 0.0000
0.7241 0.5517 0.0000 0.0000 0.0000
0.7241 0.5862 0.0000 0.0000 0.0000
0.7241 0.6207 0.0000 0.0000 0.0000
0.7241 0.6552 0.0000 0.0000 0.0000
0.7241 0.6897 0.0000 0.0000 0.0000
0.7241 0.7241 0.0000 0.0000 0.0000
0.7241 0.7586 0.0000 0.0000 0.0000
0.7241 0.7931 0.0000 0.0000 0.0000
0.7241 0.8276 0.0000 0.0000 0.0000
0.7241 0.8621 0.0000 0.0000 0.0000
0.7241 0.8966 0.0000 0.0000 0.0000
0.7241 0.9310 0.0000 0.0000 0.0000
0.7241 0.9655 0.0000 0.0000 0.0000
0.7241 1.0000 0.0000 0.0000 0.0000

0.7586 0.0000 0.0000 0.0000 0.0000
0.7586 0.0345 0.136545 0.990634 1.386350
0.7586 0.0690 0.382126 0.924110 0.990766
0.7586 0.1034 0.778541 0.627593 0.729435
0.7586 0.1379 1.000000 0.000000 0.757194
0.7586 0.1724 0.900231 -0.435413 1.051388
0.7586 0.2069 0.778541 -0.627593 1.458870
0.7586 0.2414 0.694345 -0.719642 1.908401
0.7586 0.2759 0.0000 0.0000 0.0000
0.7586 0.3103 0.0000 0.0000 0.0000
0.7586 0.3448 0.0000 0.0000 0.0000
0.7586 0.3793 0.0000 0.0000 0.0000
0.7586 0.4138 0.0000 0.0000 0.0000
0.7586 0.4483 0.0000 0.0000 0.0000
0.7586 0.4828 0.0000 0.0000 0.0000
0.7586 0.5172 0.0000 0.0000 0.0000
0.7586 0.5517 0.0000 0.0000 0.0000
0.7586 0.5862 0.0000 0.0000 0.0000
0.7586 0.6207 0.0000 0.0000 0.0000
0.7586 0.6552 0.0000 0.0000 0.0000
0.7586 0.6897 0.0000 0.0000 0.0000
0.7586 0.7241 0.0000 0.0000 0.0000
0.7586 0.7586 0.0000 0.0000 0.0000
0.7586 0.7931 0.0000 0.0000 0.0000
0.7586 0.8276 0.0000 0.0000 0.0000
0.7586 0.8621 0.0000 0.0000 0.0000
0.7586 0.8966 0.0000 0.0000 0.0000
0.7586 0.9310 0.0000 0.0000 0.0000
0.7586 0.9655 0.0000 0.0000 0.0000
0.7586 1.0000 0.0000 0.0000 0.0000

0.7931 0.0000 0.0000 0.0000 0.0000
0.7931 0.0345 0.168110 0.985768 1.179087
0.7931 0.0690 0.501606 0.865096 0.790328
0.7931 0.1034 0.945343 0.326078 0.629030
0.7931 0.1379 0.945343 -0.326078 0.838707
0.7931 0.1724 0.796604 -0.604502 1.244134
0.7931 0.2069 0.0000 0.0000 0.0000
0.7931 0.2414 0.0000 0.0000 0.0000
0.7931 0.2759 0.0000 0.0000 0.0000
0.7931 0.3103 0.0000 0.0000 0.0000
0.7931 0.3448 0.0000 0.0000 0.0000
0.7931 0.3793 0.0000 0.0000 0.0000
0.7931 0.4138 0.0000 0.0000 0.0000
0.7931 0.4483 0.0000 0.0000 0.0000
0.7931 0.4828 0.0000 0.0000 0.0000
0.7931 0.5172 0.0000 0.0000 0.0000
0.7931 0.5517 0.0000 0.0000 0.0000
0.7931 0.5862 0.0000 0.0000 0.0000
0.7931 0.6207 0.0000 0.0000 0.0000
0.7931 0.6552 0.0000 0.0000 0.0000
0.7931 0.6897 0.0000 0.0000 0.0000
0.7931 0.7241 0.0000 0.0000 0.0000
0.7931 0.7586 0.0000 0.0000 0.0000
0.7931 0.7931 0.0000 0.0000 0.0000
0.7931 0.8276 0.0000 0.0000 0.0000
0.7931 0.8621 0.0000 0.0000 0.0000
0.7931 0.8966 0.0000 0.0000 0.0000
0.7931 0.9310 0.0000 0.0000 0.0000
0.7931 0.9655 0.0000 0.0000 0.0000
0.7931 1.0000 0.0000 0.0000 0.0000

0.8276 0.0000 0.0000 0.0000 0.0000
0.8276 0.0345 0.217964 0.975957 0.950316
0.8276 0.0690 0.695435 0.718589 0.595697
0.8276 0.1034 0.993474 -0.114061 0.625485
0.8276 0.1379 0.823517 -0.567291 1.006096
0.8276 0.1724 0.0000 0.0000 0.0000
0.8276 0.2069 0.0000 0.0000 0.0000
0.8276 0.2414 0.0000 0.0000 0.0000
0.8276 0.2759 0.0000 0.0000 0.0000
0.8276 0.3103 0.0000 0.0000 0.0000
0.8276 0.3448 0.0000 0.0000 0.0000
0.8276 0.3793 0.0000 0.0000 0.0000
0.8276 0.4138 0.0000 0.0000 0.0000
0.8276 0.4483 0.0000 0.0000 0.0000
0.8276 0.4828 0.0000 0.0000 0.0000
0.8276 0.5172 0.0000 0.0000 0.0000
0.8276 0.5517 0.0000 0.0000 0.0000
0.8276 0.5862 0.0000 0.0000 0.0000
0.8276 0.6207 0.0000 0.0000 0.0000
0.8276 0.6552 0.0000 0.0000 0.0000
0.8276 0.6897 0.0000 0.0000 0.0000
0.8276 0.7241 0.0000 0.0000 0.0000
0.8276 0.7586 0.0000 0.0000 0.0000
0.8276 0.7931 0.0000 0.0000 0.0000
0.8276 0.8276 0.0000 0.0000 0.0000
0.8276 0.8621 0.0000 0.0000 0.0000
0.8276 0.8966 0.0000 0.0000 0.0000
0.8276 0.9310 0.0000 0.0000 0.0000
0.8276 0.9655 0.0000 0.0000 0.0000
0.8276 1.0000 0.0000 0.0000 0.0000

0.8621 0.0000 0.0000 0.0000 0.0000
0.8621 0.0345 0.307383 0.951586 0.702876
0.8621 0.0690 0.945622 0.325269 0.456953
0.8621 0.1034 0.867547 -0.497355 0.747115
0.8621 0.1379 0.695913 -0.718127 1.241836
0.8621 0.1724 0.0000 0.0000 0.0000
0.8621 0.2069 0.0000 0.0000 0.0000
0.8621 0.2414 0.0000 0.0000 0.0000
0.8621 0.2759 0.0000 0.0000 0.0000
0.8621 0.3103 0.0000 0.0000 0.0000
0.8621 0.3448 0.0000 0.0000 0.0000
0.8621 0.3793 0.0000 0.0000 0.0000
0.8621 0.4138 0.0000 0.0000 0.0000
0.8621 0.4483 0.0000 0.0000 0.0000
0.8621 0.4828 0.0000 0.0000 0.0000
0.8621 0.5172 0.0000 0.0000 0.0000
0.8621 0.5517 0.0000 0.0000 0.0000
0.8621 0.5862 0.0000 0.0000 0.0000
0.8621 0.6207 0.0000 0.0000 0.0000
0.8621 0.6552 0.0000 0.0000 0.0000
0.8621 0.6897 0.0000 0.0000 0.0000
0.8621 0.7241 0.0000 0.0000 0.0000
0.8621 0.7586 0.0000 0.0000 0.0000
0.8621 0.7931 0.0000 0.0000 0.0000
0.8621 0.8276 0.0000 0.0000 0.0000
0.8621 0.8621 0.0000 0.0000 0.0000
0.8621 0.8966 0.0000 0.0000 0.0000
0.8621 0.9310 0.0000 0.0000 0.0000
0.8621 0.9655 0.0000 0.0000 0.0000
0.8621 1.0000 0.0000 0.0000 0.0000

0.8966 0.0000 0.0000 0.0000 0.0000
0.8966 0.0345 0.503110 0.864222 0.447159
0.8966 0.0690 0.945744 -0.324912 0.475753
0.8966 0.1034 0.0000 0.0000 0.0000
0.8966 0.1379 0.0000 0.0000 0.0000
0.8966 0.1724 0.0000 0.0000 0.0000
0.8966 0.2069 0.0000 0.0000 0.0000
0.8966 0.2414 0.0000 0.0000 0.0000
0.8966 0.2759 0.0000 0.0000 0.0000
0.8966 0.3103 0.0000 0.0000 0.0000
0.8966 0.3448 0.0000 0.0000 0.0000
0.8966 0.3793 0.0000 0.0000 0.0000
0.8966 0.4138 0.0000 0.0000 0.0000
0.8966 0.4483 0.0000 0.0000 0.0000
0.8966 0.4828 0.0000 0.0000 0.0000
0.8966 0.5172 0.0000 0.0000 0.0000
0.8966 0.5517 0.0000 0.0000 0.0000
0.8966 0.5862 0.0000 0.0000 0.0000
0.8966 0.6207 0.0000 0.0000 0.0000
0.8966 0.6552 0.0000 0.0000 0.0000
0.8966 0.6897 0.0000 0.0000 0.0000
0.8966 0.7241 0.0000 0.0000 0.0000
0.8966 0.7586 0.0000 0.0000 0.0000
0.8966 0.7931 0.0000 0.0000 0.0000
0.8966 0.8276 0.0000 0.0000 0.0000
0.8966 0.8621 0.0000 0.0000 0.0000
0.8966 0.8966 0.0000 0.0000 0.0000
0.8966 0.9310 0.0000 0.0000 0.0000
0.8966 0.9655 0.0000 0.0000 0.0000
0.8966 1.0000 0.0000 0.0000 0.0000

0.9310 0.0000 0.0000 0.0000 0.0000
0.9310 0.0345 0.945857 0.324582 0.247276
0.9310 0.0690 0.696760 -0.717305 0.671360
0.9310 0.1034 0.0000 0.0000 0.0000
0.9310 0.1379 0.0000 0.0000 0.0000
0.9310 0.1724 0.0000 0.0000 0.0000
0.9310 0.2069 0.0000 0.0000 0.0000
0.9310 0.2414 0.0000 0.0000 0.0000
0.9310 0.2759 0.0000 0.0000 0.0000
0.9310 0.3103 0.0000 0.0000 0.0000
0.9310 0.3448 0.0000 0.0000 0.0000
0.9310 0.3793 0.0000 0.0000 0.0000
0.9310 0.4138 0.0000 0.0000 0.0000
0.9310 0.4483 0.0000 0.0000 0.0000
0.9310 0.4828 0.0000 0.0000 0.0000
0.9310 0.5172 0.0000 0.0000 0.0000
0.9310 0.5517 0.0000 0.0000 0.0000
0.9310 0.5862 0.0000 0.0000 0.0000
0.9310 0.6207 0.0000 0.0000 0.0000
0.9310 0.6552 0.0000 0.0000 0.0000
0.9310 0.6897 0.0000 0.0000 0.0000
0.9310 0.7241 0.0000 0.0000 0.0000
0.9310 0.7586 0.0000 0.0000 0.0000
0.9310 0.7931 0.0000 0.0000 0.0000
0.9310 0.8276 0.0000 0.0000 0.0000
0.9310 0.8621 0.0000 0.0000 0.0000
0.9310 0.8966 0.0000 0.0000 0.0000
0.9310 0.9310 0.0000 0.0000 0.0000
0.9310 0.9655 0.0000 0.0000 0.0000
0.9310 1.0000 0.0000 0.0000 0.0000

0.9655 0.0000 0.0000 0.0000 0.0000
0.9655 0.0345 0.0000 0.0000 0.0000
0.9655 0.0690 0.0000 0.0000 0.0000
0.9655 0.1034 0.0000 0.0000 0.0000
0.9655 0.1379 0.0000 0.0000 0.0000
0.9655 0.1724 0.0000 0.0000 0.0000
0.9655 0.2069 0.0000 0.0000 0.0000
0.9655 0.2414 0.0000 0.0000 0.0000
0.9655 0.2759 0.0000 0.0000 0.0000
0.9655 0.3103 0.0000 0.0000 0.0000
0.9655 0.3448 0.0000 0.0000 0.0000
0.9655 0.3793 0.0000 0.0000 0.0000
0.9655 0.4138 0.0000 0.0000 0.0000
0.9655 0.4483 0.0000 0.0000 0.0000
0.9655 0.4828 0.0000 0.0000 0.0000
0.9655 0.5172 0.0000 0.0000 0.0000
0.9655 0.5517 0.0000 0.0000 0.0000
0.9655 0.5862 0.0000 0.0000 0.0000
0.9655 0.6207 0.0000 0.0000 0.0000
0.9655 0.6552 0.0000 0.0000 0.0000
0.9655 0.6897 0.0000 0.0000 0.0000
0.9655 0.7241 0.0000 0.0000 0.0000
0.9655 0.7586 0.0000 0.0000 0.0000
0.9655 0.7931 0.0000 0.0000 0.0000
0.9655 0.8276 0.0000 0.0000 0.0000
0.9655 0.8621 0.0000 0.0000 0.0000
0.9655 0.8966 0.0000 0.0000 0.0000
0.9655 0.9310 0.0000 0.0000 0.0000
0.9655 0.9655 0.0000 0.0000 0.0000
0.9655 1.0000 0.0000 0.0000 0.0000

1.0000 0.0000 0.0000 0.0000 0.0000
1.0000 0.0345 0.0000 0.0000 0.0000
1.0000 0.0690 0.0000 0.0000 0.0000
1.0000 0.1034 0.0000 0.0000 0.0000
1.0000 0.1379 0.0000 0.0000 0.0000
1.0000 0.1724 0.0000 0.0000 0.0000
1.0000 0.2069 0.0000 0.0000 0.0000
1.0000 0.2414 0.0000 0.0000 0.0000
1.0000 0.2759 0.0000 0.0000 0.0000
1.0000 0.3103 0.0000 0.0000 0.0000
1.0000 0.3448 0.0000 0.0000 0.0000
1.0000 0.3793 0.0000 0.0000 0.0000
1.0000 0.4138 0.0000 0.0000 0.0000
1.0000 0.4483 0.0000 0.0000 0.0000
1.0000 0.4828 0.0000 0.0000 0.0000
1.0000 0.5172 0.0000 0.0000 0.0000
1.0000 0.5517 0.0000 0.0000 0.0000
1.0000 0.5862 0.0000 0.0000 0.0000
1.0000 0.6207 0.0000 0.0000 0.0000
1.0000 0.6552 0.0000 0.0000 0.0000
1.0000 0.6897 0.0000 0.0000 0.0000
1.0000 0.7241 0.0000 0.0000 0.0000
1.0000 0.7586 0.0000 0.0000 0.0000
1.0000 0.7931 0.0000 0.0000 0.0000
1.0000 0.8276 0.0000 0.0000 0.0000
1.0000 0.8621 0.0000 0.0000 0.0000
1.0000 0.8966 0.0000 0.0000 0.0000
1.0000 0.9310 0.0000 0.0000 0.0000
1.0000 0.9655 0.0000 0.0000 0.0000
1.0000 1.0000 0.0000 0.0000 0.0000

