0.0000 0.0000 0.0000 0.0000 0.0000
0.0000 0.0345 0.0000 0.0000 0.0000
0.0000 0.0690 0.0000 0.0000 0.0000
0.0000 0.1034 0.0000 0.0000 0.0000
0.0000 0.1379 0.0000 0.0000 0.0000
0.0000 0.1724 0.0000 0.0000 0.0000
0.0000 0.2069 0.0000 0.0000 0.0000
0.0000 0.2414 0.0000 0.0000 0.0000
0.0000 0.2759 0.0000 0.0000 0.0000
0.0000 0.3103 0.0000 0.0000 0.0000
0.0000 0.3448 0.0000 0.0000 0.0000
0.0000 0.3793 0.0000 0.0000 0.0000
0.0000 0.4138 0.0000 0.0000 0.0000
0.0000 0.4483 0.0000 0.0000 0.0000
0.0000 0.4828 0.0000 0.0000 0.0000
0.0000 0.5172 0.0000 0.0000 0.0000
0.0000 0.5517 0.0000 0.0000 0.0000
0.0000 0.5862 0.0000 0.0000 0.0000
0.0000 0.6207 0.0000 0.0000 0.0000
0.0000 0.6552 0.0000 0.0000 0.0000
0.0000 0.6897 0.0000 0.0000 0.0000
0.0000 0.7241 0.0000 0.0000 0.0000
0.0000 0.7586 0.0000 0.0000 0.0000
0.0000 0.7931 0.0000 0.0000 0.0000
0.0000 0.8276 0.0000 0.0000 0.0000
0.0000 0.8621 0.0000 0.0000 0.0000
0.0000 0.8966 0.0000 0.0000 0.0000
0.0000 0.9310 0.0000 0.0000 0.0000
0.0000 0.9655 0.0000 0.0000 0.0000
0.0000 1.0000 0.0000 0.0000 0.0000

0.0345 0.0000 0.0000 0.0000 0.0000
0.0345 0.0345 -0.000501 1.000000 0.237218
0.0345 0.0690 -0.001074 0.999999 0.221403
0.0345 0.1034 -0.001735 0.999998 0.205589
0.0345 0.1379 -0.002506 0.999997 0.189775
0.0345 0.1724 -0.003418 0.999994 0.173961
0.0345 0.2069 -0.004511 0.999990 0.158147
0.0345 0.2414 -0.005848 0.999983 0.142333
0.0345 0.2759 -0.007519 0.999972 0.126520
0.0345 0.3103 -0.009667 0.999953 0.110707
0.0345 0.3448 -0.012530 0.999921 0.094894
0.0345 0.3793 -0.016539 0.999863 0.079083
0.0345 0.4138 -0.022551 0.999746 0.063274
0.0345 0.4483 -0.032564 0.999470 0.047469
0.0345 0.4828 -0.052559 0.998618 0.031673
0.0345 0.5172 -0.112071 0.993700 0.015915
0.0345 0.5517 -1.000000 0.000000 0.001902
0.0345 0.5862 -0.126788 -0.991930 0.015943
0.0345 0.6207 -0.067515 -0.997718 0.031701
0.0345 0.6552 -0.047565 -0.998868 0.047497
0.0345 0.6897 -0.037567 -0.999294 0.063303
0.0345 0.7241 -0.031563 -0.999502 0.079112
0.0345 0.7586 -0.027558 -0.999620 0.094923
0.0345 0.7931 -0.024697 -0.999695 0.110735
0.0345 0.8276 -0.022551 -0.999746 0.126548
0.0345 0.8621 -0.020881 -0.999782 0.142362
0.0345 0.8966 -0.019545 -0.999809 0.158175
0.0345 0.9310 -0.018452 -0.999830 0.173989
0.0345 0.9655 0.0000 0.0000 0.0000
0.0345 1.0000 0.0000 0.0000 0.0000

0.0690 0.0000 0.0000 0.0000 0.0000
0.0690 0.0345 0.014589 0.999894 0.456410
0.0690 0.0690 0.031340 0.999509 0.424941
0.0690 0.1034 0.050751 0.998711 0.393611
0.0690 0.1379 0.073485 0.997296 0.362454
0.0690 0.1724 0.100427 0.994944 0.331521
0.0690 0.2069 0.132785 0.991145 0.300881
0.0690 0.2414 0.172231 0.985057 0.270632
0.0690 0.2759 0.221109 0.975249 0.240921
0.0690 0.3103 0.282713 0.959205 0.211977
0.0690 0.3448 0.361574 0.932344 0.184160
0.0690 0.3793 0.463388 0.886155 0.158066
0.0690 0.4138 0.593199 0.805056 0.134702
0.0690 0.4483 0.747976 0.663726 0.115730
0.0690 0.4828 0.899869 0.436161 0.103596
0.0690 0.5172 0.990916 0.134481 0.100797
0.0690 0.5517 0.985914 -0.167253 0.108062
0.0690 0.5862 0.915627 -0.402029 0.123630
0.0690 0.6207 0.827476 -0.561501 0.144847
0.0690 0.6552 0.745938 -0.666016 0.169607
0.0690 0.6897 0.677476 -0.735545 0.196575
0.0690 0.7241 0.621596 -0.783338 0.224959
0.0690 0.7586 0.576096 -0.817382 0.254285
0.0690 0.7931 0.538769 -0.842454 0.284261
0.0690 0.8276 0.507812 -0.861468 0.314702
0.0690 0.8621 0.481839 -0.876260 0.345485
0.0690 0.8966 0.459801 -0.888022 0.376527
0.0690 0.9310 0.0000 0.0000 0.0000
0.0690 0.9655 0.0000 0.0000 0.0000
0.0690 1.0000 0.0000 0.0000 0.0000

0.1034 0.0000 0.0000 0.0000 0.0000
0.1034 0.0345 0.020433 0.999791 0.657569
0.1034 0.0690 0.044012 0.999031 0.610580
0.1034 0.1034 0.071472 0.997443 0.563987
0.1034 0.1379 0.103776 0.994601 0.517897
0.1034 0.1724 0.142196 0.989838 0.472458
0.1034 0.2069 0.188414 0.982090 0.427877
0.1034 0.2414 0.244645 0.969613 0.384453
0.1034 0.2759 0.313728 0.949513 0.342625
0.1034 0.3103 0.399027 0.916939 0.303056
0.1034 0.3448 0.503705 0.863876 0.266751
0.1034 0.3793 0.628325 0.777951 0.235229
0.1034 0.4138 0.765438 0.643510 0.210646
0.1034 0.4483 0.892841 0.450371 0.195637
0.1034 0.4828 0.977421 0.211301 0.192455
0.1034 0.5172 0.999435 -0.033609 0.201660
0.1034 0.5517 0.969636 -0.244554 0.221714
0.1034 0.5862 0.913596 -0.406624 0.250021
0.1034 0.6207 0.851227 -0.524798 0.284125
0.1034 0.6552 0.792363 -0.610050 0.322190
0.1034 0.6897 0.740355 -0.672216 0.362971
0.1034 0.7241 0.695583 -0.718446 0.405651
0.1034 0.7586 0.657343 -0.753591 0.449690
0.1034 0.7931 0.624666 -0.780892 0.494724
0.1034 0.8276 0.596616 -0.802527 0.540504
0.1034 0.8621 0.572388 -0.819983 0.586857
0.1034 0.8966 0.0000 0.0000 0.0000
0.1034 0.9310 0.0000 0.0000 0.0000
0.1034 0.9655 0.0000 0.0000 0.0000
0.1034 1.0000 0.0000 0.0000 0.0000

0.1379 0.0000 0.0000 0.0000 0.0000
0.1379 0.0345 0.024045 0.999711 0.840671
0.1379 0.0690 0.051949 0.998650 0.778221
0.1379 0.1034 0.084639 0.996412 0.716483
0.1379 0.1379 0.123320 0.992367 0.655659
0.1379 0.1724 0.169573 0.985518 0.596028
0.1379 0.2069 0.225441 0.974257 0.537987
0.1379 0.2414 0.293497 0.955960 0.482112
0.1379 0.2759 0.376734 0.926322 0.429248
0.1379 0.3103 0.477933 0.878396 0.380653
0.1379 0.3448 0.597747 0.801685 0.338170
0.1379 0.3793 0.730535 0.682875 0.304372
0.1379 0.4138 0.858975 0.512017 0.282393
0.1379 0.4483 0.955292 0.295665 0.275081
0.1379 0.4828 0.997967 0.063736 0.283573
0.1379 0.5172 0.989078 -0.147392 0.306559
0.1379 0.5517 0.948124 -0.317900 0.341120
0.1379 0.5862 0.894551 -0.446966 0.384146
0.1379 0.6207 0.840071 -0.542477 0.433121
0.1379 0.6552 0.789852 -0.613297 0.486251
0.1379 0.6897 0.745471 -0.666538 0.542316
0.1379 0.7241 0.706909 -0.707305 0.600494
0.1379 0.7586 0.673569 -0.739125 0.660228
0.1379 0.7931 0.644714 -0.764424 0.721130
0.1379 0.8276 0.619644 -0.784883 0.782928
0.1379 0.8621 0.0000 0.0000 0.0000
0.1379 0.8966 0.0000 0.0000 0.0000
0.1379 0.9310 0.0000 0.0000 0.0000
0.1379 0.9655 0.0000 0.0000 0.0000
0.1379 1.0000 0.0000 0.0000 0.0000

0.1724 0.0000 0.0000 0.0000 0.0000
0.1724 0.0345 0.026838 0.999640 1.005713
0.1724 0.0690 0.058181 0.998306 0.927850
0.1724 0.1034 0.095145 0.995463 0.851067
0.1724 0.1379 0.139189 0.990266 0.775684
0.1724 0.1724 0.192207 0.981354 0.702153
0.1724 0.2069 0.256607 0.966516 0.631121
0.1724 0.2414 0.335280 0.942118 0.563534
0.1724 0.2759 0.431187 0.902263 0.500789
0.1724 0.3103 0.545974 0.837802 0.444939
0.1724 0.3448 0.676669 0.736287 0.398890
0.1724 0.3793 0.810431 0.585834 0.366359
0.1724 0.4138 0.922475 0.386058 0.351121
0.1724 0.4483 0.987292 0.158917 0.355408
0.1724 0.4828 0.998218 -0.059679 0.378558
0.1724 0.5172 0.969891 -0.243541 0.417444
0.1724 0.5517 0.922475 -0.386058 0.468161
0.1724 0.5862 0.870193 -0.492711 0.527307
0.1724 0.6207 0.820193 -0.572087 0.592361
0.1724 0.6552 0.775173 -0.631749 0.661584
0.1724 0.6897 0.735673 -0.677337 0.733796
0.1724 0.7241 0.701346 -0.712821 0.808197
0.1724 0.7586 0.671561 -0.740949 0.884234
0.1724 0.7931 0.645654 -0.763630 0.961519
0.1724 0.8276 0.0000 0.0000 0.0000
0.1724 0.8621 0.0000 0.0000 0.0000
0.1724 0.8966 0.0000 0.0000 0.0000
0.1724 0.9310 0.0000 0.0000 0.0000
0.1724 0.9655 0.0000 0.0000 0.0000
0.1724 1.0000 0.0000 0.0000 0.0000

0.2069 0.0000 0.0000 0.0000 0.0000
0.2069 0.0345 0.029296 0.999571 1.152695
0.2069 0.0690 0.063748 0.997966 1.059468
0.2069 0.1034 0.104685 0.994505 0.967743
0.2069 0.1379 0.153848 0.988095 0.877992
0.2069 0.1724 0.213491 0.976945 0.790885
0.2069 0.2069 0.286422 0.958103 0.707402
0.2069 0.2414 0.375819 0.926693 0.628987
0.2069 0.2759 0.484339 0.874880 0.557780
0.2069 0.3103 0.611652 0.791127 0.496890
0.2069 0.3448 0.749561 0.661936 0.450522
0.2069 0.3793 0.877186 0.480150 0.423470
0.2069 0.4138 0.966009 0.258509 0.419491
0.2069 0.4483 0.999524 0.030863 0.439210
0.2069 0.4828 0.985523 -0.169542 0.479715
0.2069 0.5172 0.944479 -0.328572 0.536317
0.2069 0.5517 0.893797 -0.448472 0.604510
0.2069 0.5862 0.843215 -0.537576 0.680821
0.2069 0.6207 0.796847 -0.604182 0.762817
0.2069 0.6552 0.755865 -0.654728 0.848852
0.2069 0.6897 0.720170 -0.693798 0.937815
0.2069 0.7241 0.689205 -0.724567 1.028948
0.2069 0.7586 0.662309 -0.749231 1.121721
0.2069 0.7931 0.0000 0.0000 0.0000
0.2069 0.8276 0.0000 0.0000 0.0000
0.2069 0.8621 0.0000 0.0000 0.0000
0.2069 0.8966 0.0000 0.0000 0.0000
0.2069 0.9310 0.0000 0.0000 0.0000
0.2069 0.9655 0.0000 0.0000 0.0000
0.2069 1.0000 0.0000 0.0000 0.0000

0.2414 0.0000 0.0000 0.0000 0.0000
0.2414 0.0345 0.031637 0.999499 1.281617
0.2414 0.0690 0.069129 0.997608 1.173080
0.2414 0.1034 0.114053 0.993475 1.066531
0.2414 0.1379 0.168484 0.985704 0.962632
0.2414 0.1724 0.235099 0.971971 0.862339
0.2414 0.2069 0.317158 0.948373 0.767069
0.2414 0.2414 0.418047 0.908425 0.678939
0.2414 0.2759 0.539637 0.841898 0.601099
0.2414 0.3103 0.678253 0.734829 0.538034
0.2414 0.3448 0.818442 0.574589 0.495417
0.2414 0.3793 0.931645 0.363369 0.478741
0.2414 0.4138 0.991654 0.128925 0.490658
0.2414 0.4483 0.995974 -0.089644 0.529241
0.2414 0.4828 0.963315 -0.268372 0.589275
0.2414 0.5172 0.914628 -0.404296 0.664975
0.2414 0.5517 0.863136 -0.504972 0.751622
0.2414 0.5862 0.814910 -0.579588 0.845859
0.2414 0.6207 0.771981 -0.635646 0.945419
0.2414 0.6552 0.734556 -0.678548 1.048787
0.2414 0.6897 0.702148 -0.712031 1.154941
0.2414 0.7241 0.674082 -0.738657 1.263179
0.2414 0.7586 0.0000 0.0000 0.0000
0.2414 0.7931 0.0000 0.0000 0.0000
0.2414 0.8276 0.0000 0.0000 0.0000
0.2414 0.8621 0.0000 0.0000 0.0000
0.2414 0.8966 0.0000 0.0000 0.0000
0.2414 0.9310 0.0000 0.0000 0.0000
0.2414 0.9655 0.0000 0.0000 0.0000
0.2414 1.0000 0.0000 0.0000 0.0000

0.2759 0.0000 0.0000 0.0000 0.0000
0.2759 0.0345 0.033986 0.999422 1.392481
0.2759 0.0690 0.074604 0.997213 1.268696
0.2759 0.1034 0.123729 0.992316 1.147461
0.2759 0.1379 0.183842 0.982956 1.029679
0.2759 0.1724 0.258131 0.966110 0.916679
0.2759 0.2069 0.350352 0.936618 0.810465
0.2759 0.2414 0.463920 0.885877 0.714072
0.2759 0.2759 0.599036 0.800722 0.632010
0.2759 0.3103 0.746581 0.665295 0.570496
0.2759 0.3448 0.881862 0.471508 0.536644
0.2759 0.3793 0.971714 0.236159 0.535724
0.2759 0.4138 1.000000 0.000000 0.567895
0.2759 0.4483 0.979503 -0.201429 0.628094
0.2759 0.4828 0.934190 -0.356776 0.709218
0.2759 0.5172 0.881862 -0.471508 0.804967
0.2759 0.5517 0.831407 -0.555664 0.910738
0.2759 0.5862 0.786101 -0.618099 1.023429
0.2759 0.6207 0.746581 -0.665295 1.140992
0.2759 0.6552 0.712457 -0.701716 1.262066
0.2759 0.6897 0.683027 -0.730393 1.385731
0.2759 0.7241 0.0000 0.0000 0.0000
0.2759 0.7586 0.0000 0.0000 0.0000
0.2759 0.7931 0.0000 0.0000 0.0000
0.2759 0.8276 0.0000 0.0000 0.0000
0.2759 0.8621 0.0000 0.0000 0.0000
0.2759 0.8966 0.0000 0.0000 0.0000
0.2759 0.9310 0.0000 0.0000 0.0000
0.2759 0.9655 0.0000 0.0000 0.0000
0.2759 1.0000 0.0000 0.0000 0.0000

0.3103 0.0000 0.0000 0.0000 0.0000
0.3103 0.0345 0.036425 0.999336 1.485290
0.3103 0.0690 0.080370 0.996765 1.346329
0.3103 0.1034 0.134074 0.990971 1.210573
0.3103 0.1379 0.200521 0.979689 1.079233
0.3103 0.1724 0.283515 0.958968 0.954132
0.3103 0.2069 0.387334 0.921940 0.838072
0.3103 0.2414 0.515019 0.857179 0.735344
0.3103 0.2759 0.663549 0.748133 0.652278
0.3103 0.3103 0.815425 0.578862 0.597137
0.3103 0.3448 0.936075 0.351800 0.577969
0.3103 0.3793 0.994788 0.101963 0.598243
0.3103 0.4138 0.992244 -0.124303 0.654302
0.3103 0.4483 0.952974 -0.303051 0.738036
0.3103 0.4828 0.900395 -0.435073 0.841221
0.3103 0.5172 0.847475 -0.530836 0.957591
0.3103 0.5517 0.799367 -0.600843 1.082902
0.3103 0.5862 0.757367 -0.652990 1.214390
0.3103 0.6207 0.721229 -0.692697 1.350252
0.3103 0.6552 0.690223 -0.723597 1.489291
0.3103 0.6897 0.0000 0.0000 0.0000
0.3103 0.7241 0.0000 0.0000 0.0000
0.3103 0.7586 0.0000 0.0000 0.0000
0.3103 0.7931 0.0000 0.0000 0.0000
0.3103 0.8276 0.0000 0.0000 0.0000
0.3103 0.8621 0.0000 0.0000 0.0000
0.3103 0.8966 0.0000 0.0000 0.0000
0.3103 0.9310 0.0000 0.0000 0.0000
0.3103 0.9655 0.0000 0.0000 0.0000
0.3103 1.0000 0.0000 0.0000 0.0000

0.3448 0.0000 0.0000 0.0000 0.0000
0.3448 0.0345 0.039024 0.999238 1.560047
0.3448 0.0690 0.086600 0.996243 1.405996
0.3448 0.1034 0.145423 0.989370 1.255919
0.3448 0.1379 0.219105 0.975701 1.111430
0.3448 0.1724 0.312200 0.950016 0.975013
0.3448 0.2069 0.429456 0.903088 0.850563
0.3448 0.2414 0.572711 0.819757 0.744108
0.3448 0.2759 0.733099 0.680122 0.664356
0.3448 0.3103 0.881366 0.472434 0.621670
0.3448 0.3448 0.976097 0.217334 0.623707
0.3448 0.3793 0.999431 -0.033717 0.670060
0.3448 0.4138 0.970734 -0.240156 0.752584
0.3448 0.4483 0.919274 -0.393619 0.860939
0.3448 0.4828 0.863849 -0.503751 0.986653
0.3448 0.5172 0.812516 -0.582938 1.123914
0.3448 0.5517 0.767606 -0.640921 1.268982
0.3448 0.5862 0.729119 -0.684387 1.419464
0.3448 0.6207 0.696297 -0.717754 1.573809
0.3448 0.6552 0.0000 0.0000 0.0000
0.3448 0.6897 0.0000 0.0000 0.0000
0.3448 0.7241 0.0000 0.0000 0.0000
0.3448 0.7586 0.0000 0.0000 0.0000
0.3448 0.7931 0.0000 0.0000 0.0000
0.3448 0.8276 0.0000 0.0000 0.0000
0.3448 0.8621 0.0000 0.0000 0.0000
0.3448 0.8966 0.0000 0.0000 0.0000
0.3448 0.9310 0.0000 0.0000 0.0000
0.3448 0.9655 0.0000 0.0000 0.0000
0.3448 1.0000 0.0000 0.0000 0.0000

0.3793 0.0000 0.0000 0.0000 0.0000
0.3793 0.0345 0.041848 0.999124 1.616755
0.3793 0.0690 0.093468 0.995622 1.447717
0.3793 0.1034 0.158131 0.987418 1.283570
0.3793 0.1379 0.240250 0.970711 1.126453
0.3793 0.1724 0.345278 0.938500 0.979755
0.3793 0.2069 0.478204 0.878249 0.848895
0.3793 0.2414 0.638023 0.770017 0.742297
0.3793 0.2759 0.805909 0.592039 0.671614
0.3793 0.3103 0.938681 0.344788 0.648696
0.3793 0.3448 0.997313 0.073265 0.678399
0.3793 0.3793 0.986347 -0.164680 0.754535
0.3793 0.4138 0.938681 -0.344788 0.864927
0.3793 0.4483 0.881067 -0.472991 0.998276
0.3793 0.4828 0.826100 -0.563523 1.146599
0.3793 0.5172 0.777792 -0.628522 1.304800
0.3793 0.5517 0.736563 -0.676369 1.469693
0.3793 0.5862 0.701646 -0.712526 1.639258
0.3793 0.6207 0.0000 0.0000 0.0000
0.3793 0.6552 0.0000 0.0000 0.0000
0.3793 0.6897 0.0000 0.0000 0.0000
0.3793 0.7241 0.0000 0.0000 0.0000
0.3793 0.7586 0.0000 0.0000 0.0000
0.3793 0.7931 0.0000 0.0000 0.0000
0.3793 0.8276 0.0000 0.0000 0.0000
0.3793 0.8621 0.0000 0.0000 0.0000
0.3793 0.8966 0.0000 0.0000 0.0000
0.3793 0.9310 0.0000 0.0000 0.0000
0.3793 0.9655 0.0000 0.0000 0.0000
0.3793 1.0000 0.0000 0.0000 0.0000

0.4138 0.0000 0.0000 0.0000 0.0000
0.4138 0.0345 0.044965 0.998989 1.655420
0.4138 0.0690 0.101168 0.994869 1.471521
0.4138 0.1034 0.172621 0.984988 1.293617
0.4138 0.1379 0.264763 0.964313 1.124555
0.4138 0.1724 0.384093 0.923295 0.968975
0.4138 0.2069 0.535215 0.844716 0.834452
0.4138 0.2414 0.711152 0.703038 0.732679
0.4138 0.2759 0.877574 0.479441 0.678554
0.4138 0.3103 0.980137 0.198324 0.683493
0.4138 0.3448 0.997357 -0.072651 0.746324
0.4138 0.3793 0.958353 -0.285585 0.854369
0.4138 0.4138 0.899540 -0.436838 0.992976
0.4138 0.4483 0.840594 -0.541666 1.151159
0.4138 0.4828 0.788324 -0.615260 1.321909
0.4138 0.5172 0.743885 -0.668308 1.500942
0.4138 0.5517 0.706542 -0.707671 1.685622
0.4138 0.5862 0.675138 -0.737691 1.874280
0.4138 0.6207 0.0000 0.0000 0.0000
0.4138 0.6552 0.0000 0.0000 0.0000
0.4138 0.6897 0.0000 0.0000 0.0000
0.4138 0.7241 0.0000 0.0000 0.0000
0.4138 0.7586 0.0000 0.0000 0.0000
0.4138 0.7931 0.0000 0.0000 0.0000
0.4138 0.8276 0.0000 0.0000 0.0000
0.4138 0.8621 0.0000 0.0000 0.0000
0.4138 0.8966 0.0000 0.0000 0.0000
0.4138 0.9310 0.0000 0.0000 0.0000
0.4138 0.9655 0.0000 0.0000 0.0000
0.4138 1.0000 0.0000 0.0000 0.0000

0.4483 0.0000 0.0000 0.0000 0.0000
0.4483 0.0345 0.048455 0.998825 1.676047
0.4483 0.0690 0.109937 0.993939 1.477445
0.4483 0.1034 0.189427 0.981895 1.286188
0.4483 0.1379 0.293693 0.955900 1.106092
0.4483 0.1724 0.430349 0.902662 0.943569
0.4483 0.2069 0.602114 0.798410 0.809278
0.4483 0.2414 0.790437 0.612543 0.719210
0.4483 0.2759 0.940395 0.340084 0.690883
0.4483 0.3103 0.999194 0.040150 0.731505
0.4483 0.3448 0.977259 -0.212049 0.831027
0.4483 0.3793 0.919537 -0.393003 0.971512
0.4483 0.4138 0.856459 -0.516216 1.137888
0.4483 0.4483 0.799578 -0.600562 1.320405
0.4483 0.4828 0.751359 -0.659894 1.513232
0.4483 0.5172 0.711191 -0.702999 1.712892
0.4483 0.5517 0.0000 0.0000 0.0000
0.4483 0.5862 0.0000 0.0000 0.0000
0.4483 0.6207 0.0000 0.0000 0.0000
0.4483 0.6552 0.0000 0.0000 0.0000
0.4483 0.6897 0.0000 0.0000 0.0000
0.4483 0.7241 0.0000 0.0000 0.0000
0.4483 0.7586 0.0000 0.0000 0.0000
0.4483 0.7931 0.0000 0.0000 0.0000
0.4483 0.8276 0.0000 0.0000 0.0000
0.4483 0.8621 0.0000 0.0000 0.0000
0.4483 0.8966 0.0000 0.0000 0.0000
0.4483 0.9310 0.0000 0.0000 0.0000
0.4483 0.9655 0.0000 0.0000 0.0000
0.4483 1.0000 0.0000 0.0000 0.0000

0.4828 0.0000 0.0000 0.0000 0.0000
0.4828 0.0345 0.052418 0.998625 1.678645
0.4828 0.0690 0.120079 0.992764 1.465539
0.4828 0.1034 0.209259 0.977860 1.261460
0.4828 0.1379 0.328452 0.944521 1.071579
0.4828 0.1724 0.486201 0.873847 0.904878
0.4828 0.2069 0.679958 0.733251 0.776435
0.4828 0.2414 0.870694 0.491825 0.707405
0.4828 0.2759 0.984230 0.176895 0.715203
0.4828 0.3103 0.992898 -0.118969 0.797579
0.4828 0.3448 0.941049 -0.338269 0.935025
0.4828 0.3793 0.874167 -0.485625 1.107220
0.4828 0.4138 0.811950 -0.583726 1.300432
0.4828 0.4483 0.759245 -0.650804 1.506596
0.4828 0.4828 0.715758 -0.698348 1.721065
0.4828 0.5172 0.0000 0.0000 0.0000
0.4828 0.5517 0.0000 0.0000 0.0000
0.4828 0.5862 0.0000 0.0000 0.0000
0.4828 0.6207 0.0000 0.0000 0.0000
0.4828 0.6552 0.0000 0.0000 0.0000
0.4828 0.6897 0.0000 0.0000 0.0000
0.4828 0.7241 0.0000 0.0000 0.0000
0.4828 0.7586 0.0000 0.0000 0.0000
0.4828 0.7931 0.0000 0.0000 0.0000
0.4828 0.8276 0.0000 0.0000 0.0000
0.4828 0.8621 0.0000 0.0000 0.0000
0.4828 0.8966 0.0000 0.0000 0.0000
0.4828 0.9310 0.0000 0.0000 0.0000
0.4828 0.9655 0.0000 0.0000 0.0000
0.4828 1.0000 0.0000 0.0000 0.0000

0.5172 0.0000 0.0000 0.0000 0.0000
0.5172 0.0345 0.056979 0.998375 1.663225
0.5172 0.0690 0.132001 0.991250 1.435870
0.5172 0.1034 0.233096 0.972454 1.219686
0.5172 0.1379 0.370989 0.928637 1.021788
0.5172 0.1724 0.554219 0.832371 0.854971
0.5172 0.2069 0.767826 0.640658 0.740544
0.5172 0.2414 0.941608 0.336711 0.704515
0.5172 0.2759 1.000000 0.000000 0.758145
0.5172 0.3103 0.963431 -0.267956 0.885287
0.5172 0.3448 0.894203 -0.447662 1.059806
0.5172 0.3793 0.825898 -0.563819 1.262201
0.5172 0.4138 0.767826 -0.640658 1.481087
0.5172 0.4483 0.720399 -0.693560 1.710144
0.5172 0.4828 0.0000 0.0000 0.0000
0.5172 0.5172 0.0000 0.0000 0.0000
0.5172 0.5517 0.0000 0.0000 0.0000
0.5172 0.5862 0.0000 0.0000 0.0000
0.5172 0.6207 0.0000 0.0000 0.0000
0.5172 0.6552 0.0000 0.0000 0.0000
0.5172 0.6897 0.0000 0.0000 0.0000
0.5172 0.7241 0.0000 0.0000 0.0000
0.5172 0.7586 0.0000 0.0000 0.0000
0.5172 0.7931 0.0000 0.0000 0.0000
0.5172 0.8276 0.0000 0.0000 0.0000
0.5172 0.8621 0.0000 0.0000 0.0000
0.5172 0.8966 0.0000 0.0000 0.0000
0.5172 0.9310 0.0000 0.0000 0.0000
0.5172 0.9655 0.0000 0.0000 0.0000
0.5172 1.0000 0.0000 0.0000 0.0000

0.5517 0.0000 0.0000 0.0000 0.0000
0.5517 0.0345 0.062306 0.998057 1.629801
0.5517 0.0690 0.146263 0.989246 1.388536
0.5517 0.1034 0.262338 0.964976 1.161242
0.5517 0.1379 0.424027 0.905650 0.957919
0.5517 0.1724 0.636951 0.770904 0.797124
0.5517 0.2069 0.860030 0.510244 0.708434
0.5517 0.2414 0.988562 0.150814 0.719045
0.5517 0.2759 0.984527 -0.175232 0.825133
0.5517 0.3103 0.916971 -0.398953 0.996664
0.5517 0.3448 0.841985 -0.539501 1.206029
0.5517 0.3793 0.777434 -0.628965 1.436783
0.5517 0.4138 0.725268 -0.688467 1.680137
0.5517 0.4483 0.0000 0.0000 0.0000
0.5517 0.4828 0.0000 0.0000 0.0000
0.5517 0.5172 0.0000 0.0000 0.0000
0.5517 0.5517 0.0000 0.0000 0.0000
0.5517 0.5862 0.0000 0.0000 0.0000
0.5517 0.6207 0.0000 0.0000 0.0000
0.5517 0.6552 0.0000 0.0000 0.0000
0.5517 0.6897 0.0000 0.0000 0.0000
0.5517 0.7241 0.0000 0.0000 0.0000
0.5517 0.7586 0.0000 0.0000 0.0000
0.5517 0.7931 0.0000 0.0000 0.0000
0.5517 0.8276 0.0000 0.0000 0.0000
0.5517 0.8621 0.0000 0.0000 0.0000
0.5517 0.8966 0.0000 0.0000 0.0000
0.5517 0.9310 0.0000 0.0000 0.0000
0.5517 0.9655 0.0000 0.0000 0.0000
0.5517 1.0000 0.0000 0.0000 0.0000

0.5862 0.0000 0.0000 0.0000 0.0000
0.5862 0.0345 0.068629 0.997642 1.578394
0.5862 0.0690 0.163671 0.986515 1.323676
0.5862 0.1034 0.299041 0.954240 1.086707
0.5862 0.1379 0.491311 0.870984 0.881914
0.5862 0.1724 0.735255 0.677791 0.736638
0.5862 0.2069 0.942512 0.334173 0.689583
0.5862 0.2414 0.998720 -0.050586 0.759236
0.5862 0.2759 0.942512 -0.334173 0.919445
0.5862 0.3103 0.860920 -0.508740 1.132405
0.5862 0.3448 0.788494 -0.615043 1.373802
0.5862 0.3793 0.730544 -0.682866 1.631056
0.5862 0.4138 0.684966 -0.728575 1.897731
0.5862 0.4483 0.0000 0.0000 0.0000
0.5862 0.4828 0.0000 0.0000 0.0000
0.5862 0.5172 0.0000 0.0000 0.0000
0.5862 0.5517 0.0000 0.0000 0.0000
0.5862 0.5862 0.0000 0.0000 0.0000
0.5862 0.6207 0.0000 0.0000 0.0000
0.5862 0.6552 0.0000 0.0000 0.0000
0.5862 0.6897 0.0000 0.0000 0.0000
0.5862 0.7241 0.0000 0.0000 0.0000
0.5862 0.7586 0.0000 0.0000 0.0000
0.5862 0.7931 0.0000 0.0000 0.0000
0.5862 0.8276 0.0000 0.0000 0.0000
0.5862 0.8621 0.0000 0.0000 0.0000
0.5862 0.8966 0.0000 0.0000 0.0000
0.5862 0.9310 0.0000 0.0000 0.0000
0.5862 0.9655 0.0000 0.0000 0.0000
0.5862 1.0000 0.0000 0.0000 0.0000

0.6207 0.0000 0.0000 0.0000 0.0000
0.6207 0.0345 0.076275 0.997087 1.509033
0.6207 0.0690 0.185422 0.982659 1.241505
0.6207 0.1034 0.346335 0.938111 0.997020
0.6207 0.1379 0.577620 0.816306 0.797071
0.6207 0.1724 0.843819 0.536627 0.682024
0.6207 0.2069 0.993137 0.116960 0.695379
0.6207 0.2414 0.969601 -0.244690 0.830968
0.6207 0.2759 0.883588 -0.468265 1.042124
0.6207 0.3103 0.801587 -0.597878 1.292323
0.6207 0.3448 0.736446 -0.676496 1.562925
0.6207 0.3793 0.0000 0.0000 0.0000
0.6207 0.4138 0.0000 0.0000 0.0000
0.6207 0.4483 0.0000 0.0000 0.0000
0.6207 0.4828 0.0000 0.0000 0.0000
0.6207 0.5172 0.0000 0.0000 0.0000
0.6207 0.5517 0.0000 0.0000 0.0000
0.6207 0.5862 0.0000 0.0000 0.0000
0.6207 0.6207 0.0000 0.0000 0.0000
0.6207 0.6552 0.0000 0.0000 0.0000
0.6207 0.6897 0.0000 0.0000 0.0000
0.6207 0.7241 0.0000 0.0000 0.0000
0.6207 0.7586 0.0000 0.0000 0.0000
0.6207 0.7931 0.0000 0.0000 0.0000
0.6207 0.8276 0.0000 0.0000 0.0000
0.6207 0.8621 0.0000 0.0000 0.0000
0.6207 0.8966 0.0000 0.0000 0.0000
0.6207 0.9310 0.0000 0.0000 0.0000
0.6207 0.9655 0.0000 0.0000 0.0000
0.6207 1.0000 0.0000 0.0000 0.0000

0.6552 0.0000 0.0000 0.0000 0.0000
0.6552 0.0345 0.085724 0.996319 1.421762
0.6552 0.0690 0.213380 0.976969 1.142362
0.6552 0.1034 0.409086 0.912496 0.893787
0.6552 0.1379 0.687391 0.726287 0.709225
0.6552 0.1724 0.943211 0.332194 0.646084
0.6552 0.2069 0.993179 -0.116598 0.736294
0.6552 0.2414 0.910957 -0.412502 0.936544
0.6552 0.2759 0.817542 -0.575869 1.192635
0.6552 0.3103 0.743274 -0.668987 1.475779
0.6552 0.3448 0.0000 0.0000 0.0000
0.6552 0.3793 0.0000 0.0000 0.0000
0.6552 0.4138 0.0000 0.0000 0.0000
0.6552 0.4483 0.0000 0.0000 0.0000
0.6552 0.4828 0.0000 0.0000 0.0000
0.6552 0.5172 0.0000 0.0000 0.0000
0.6552 0.5517 0.0000 0.0000 0.0000
0.6552 0.5862 0.0000 0.0000 0.0000
0.6552 0.6207 0.0000 0.0000 0.0000
0.6552 0.6552 0.0000 0.0000 0.0000
0.6552 0.6897 0.0000 0.0000 0.0000
0.6552 0.7241 0.0000 0.0000 0.0000
0.6552 0.7586 0.0000 0.0000 0.0000
0.6552 0.7931 0.0000 0.0000 0.0000
0.6552 0.8276 0.0000 0.0000 0.0000
0.6552 0.8621 0.0000 0.0000 0.0000
0.6552 0.8966 0.0000 0.0000 0.0000
0.6552 0.9310 0.0000 0.0000 0.0000
0.6552 0.9655 0.0000 0.0000 0.0000
0.6552 1.0000 0.0000 0.0000 0.0000

0.6897 0.0000 0.0000 0.0000 0.0000
0.6897 0.0345 0.097715 0.995214 1.316646
0.6897 0.0690 0.250592 0.968093 1.026818
0.6897 0.1034 0.494858 0.868974 0.779960
0.6897 0.1379 0.818307 0.574781 0.628890
0.6897 0.1724 0.997542 0.070068 0.644867
0.6897 0.2069 0.943504 -0.331360 0.818161
0.6897 0.2414 0.837589 -0.546302 1.075223
0.6897 0.2759 0.751457 -0.659782 1.369674
0.6897 0.3103 0.0000 0.0000 0.0000
0.6897 0.3448 0.0000 0.0000 0.0000
0.6897 0.3793 0.0000 0.0000 0.0000
0.6897 0.4138 0.0000 0.0000 0.0000
0.6897 0.4483 0.0000 0.0000 0.0000
0.6897 0.4828 0.0000 0.0000 0.0000
0.6897 0.5172 0.0000 0.0000 0.0000
0.6897 0.5517 0.0000 0.0000 0.0000
0.6897 0.5862 0.0000 0.0000 0.0000
0.6897 0.6207 0.0000 0.0000 0.0000
0.6897 0.6552 0.0000 0.0000 0.0000
0.6897 0.6897 0.0000 0.0000 0.0000
0.6897 0.7241 0.0000 0.0000 0.0000
0.6897 0.7586 0.0000 0.0000 0.0000
0.6897 0.7931 0.0000 0.0000 0.0000
0.6897 0.8276 0.0000 0.0000 0.0000
0.6897 0.8621 0.0000 0.0000 0.0000
0.6897 0.8966 0.0000 0.0000 0.0000
0.6897 0.9310 0.0000 0.0000 0.0000
0.6897 0.9655 0.0000 0.0000 0.0000
0.6897 1.0000 0.0000 0.0000 0.0000

0.7241 0.0000 0.0000 0.0000 0.0000
0.7241 0.0345 0.113448 0.993544 1.193795
0.7241 0.0690 0.302338 0.953201 0.895911
0.7241 0.1034 0.614314 0.789062 0.661392
0.7241 0.1379 0.943768 0.330609 0.574014
0.7241 0.1724 0.978617 -0.205690 0.691966
0.7241 0.2069 0.863586 -0.504201 0.940964
0.7241 0.2414 0.761659 -0.647978 1.244702
0.7241 0.2759 0.0000 0.0000 0.0000
0.7241 0.3103 0.0000 0.0000 0.0000
0.7241 0.3448 0.0000 0.0000 0.0000
0.7241 0.3793 0.0000 0.0000 0.0000
0.7241 0.4138 0.0000 0.0000 0.0000
0.7241 0.4483 0.0000 0.0000 0.0000
0.7241 0.4828 0.0000 0.0000 0.0000
0.7241 0.5172 0.0000 0.0000 0.0000
0.7241 0.5517 0.0000 0.0000 0.0000
0.7241 0.5862 0.0000 0.0000 0.0000
0.7241 0.6207 0.0000 0.0000 0.0000
0.7241 0.6552 0.0000 0.0000 0.0000
0.7241 0.6897 0.0000 0.0000 0.0000
0.7241 0.7241 0.0000 0.0000 0.0000
0.7241 0.7586 0.0000 0.0000 0.0000
0.7241 0.7931 0.0000 0.0000 0.0000
0.7241 0.8276 0.0000 0.0000 0.0000
0.7241 0.8621 0.0000 0.0000 0.0000
0.7241 0.8966 0.0000 0.0000 0.0000
0.7241 0.9310 0.0000 0.0000 0.0000
0.7241 0.9655 0.0000 0.0000 0.0000
0.7241 1.0000 0.0000 0.0000 0.0000

0.7586 0.0000 0.0000 0.0000 0.0000
0.7586 0.0345 0.135002 0.990845 1.053401
0.7586 0.0690 0.378362 0.925658 0.751723
0.7586 0.1034 0.774976 0.631990 0.550514
0.7586 0.1379 1.000000 0.000000 0.568847
0.7586 0.1724 0.898239 -0.439506 0.791613
0.7586 0.2069 0.774976 -0.631990 1.101027
0.7586 0.2414 0.690174 -0.723644 1.442364
0.7586 0.2759 0.0000 0.0000 0.0000
0.7586 0.3103 0.0000 0.0000 0.0000
0.7586 0.3448 0.0000 0.0000 0.0000
0.7586 0.3793 0.0000 0.0000 0.0000
0.7586 0.4138 0.0000 0.0000 0.0000
0.7586 0.4483 0.0000 0.0000 0.0000
0.7586 0.4828 0.0000 0.0000 0.0000
0.7586 0.5172 0.0000 0.0000 0.0000
0.7586 0.5517 0.0000 0.0000 0.0000
0.7586 0.5862 0.0000 0.0000 0.0000
0.7586 0.6207 0.0000 0.0000 0.0000
0.7586 0.6552 0.0000 0.0000 0.0000
0.7586 0.6897 0.0000 0.0000 0.0000
0.7586 0.7241 0.0000 0.0000 0.0000
0.7586 0.7586 0.0000 0.0000 0.0000
0.7586 0.7931 0.0000 0.0000 0.0000
0.7586 0.8276 0.0000 0.0000 0.0000
0.7586 0.8621 0.0000 0.0000 0.0000
0.7586 0.8966 0.0000 0.0000 0.0000
0.7586 0.9310 0.0000 0.0000 0.0000
0.7586 0.9655 0.0000 0.0000 0.0000
0.7586 1.0000 0.0000 0.0000 0.0000

0.7931 0.0000 0.0000 0.0000 0.0000
0.7931 0.0345 0.166314 0.986073 0.895830
0.7931 0.0690 0.497464 0.867485 0.598996
0.7931 0.1034 0.944222 0.329310 0.473372
0.7931 0.1379 0.944222 -0.329310 0.631162
0.7931 0.1724 0.793372 -0.608737 0.938963
0.7931 0.2069 0.0000 0.0000 0.0000
0.7931 0.2414 0.0000 0.0000 0.0000
0.7931 0.2759 0.0000 0.0000 0.0000
0.7931 0.3103 0.0000 0.0000 0.0000
0.7931 0.3448 0.0000 0.0000 0.0000
0.7931 0.3793 0.0000 0.0000 0.0000
0.7931 0.4138 0.0000 0.0000 0.0000
0.7931 0.4483 0.0000 0.0000 0.0000
0.7931 0.4828 0.0000 0.0000 0.0000
0.7931 0.5172 0.0000 0.0000 0.0000
0.7931 0.5517 0.0000 0.0000 0.0000
0.7931 0.5862 0.0000 0.0000 0.0000
0.7931 0.6207 0.0000 0.0000 0.0000
0.7931 0.6552 0.0000 0.0000 0.0000
0.7931 0.6897 0.0000 0.0000 0.0000
0.7931 0.7241 0.0000 0.0000 0.0000
0.7931 0.7586 0.0000 0.0000 0.0000
0.7931 0.7931 0.0000 0.0000 0.0000
0.7931 0.8276 0.0000 0.0000 0.0000
0.7931 0.8621 0.0000 0.0000 0.0000
0.7931 0.8966 0.0000 0.0000 0.0000
0.7931 0.9310 0.0000 0.0000 0.0000
0.7931 0.9655 0.0000 0.0000 0.0000
0.7931 1.0000 0.0000 0.0000 0.0000

0.8276 0.0000 0.0000 0.0000 0.0000
0.8276 0.0345 0.215779 0.976442 0.721881
0.8276 0.0690 0.691630 0.722252 0.450434
0.8276 0.1034 0.993336 -0.115257 0.470436
0.8276 0.1379 0.820701 -0.571358 0.759190
0.8276 0.1724 0.0000 0.0000 0.0000
0.8276 0.2069 0.0000 0.0000 0.0000
0.8276 0.2414 0.0000 0.0000 0.0000
0.8276 0.2759 0.0000 0.0000 0.0000
0.8276 0.3103 0.0000 0.0000 0.0000
0.8276 0.3448 0.0000 0.0000 0.0000
0.8276 0.3793 0.0000 0.0000 0.0000
0.8276 0.4138 0.0000 0.0000 0.0000
0.8276 0.4483 0.0000 0.0000 0.0000
0.8276 0.4828 0.0000 0.0000 0.0000
0.8276 0.5172 0.0000 0.0000 0.0000
0.8276 0.5517 0.0000 0.0000 0.0000
0.8276 0.5862 0.0000 0.0000 0.0000
0.8276 0.6207 0.0000 0.0000 0.0000
0.8276 0.6552 0.0000 0.0000 0.0000
0.8276 0.6897 0.0000 0.0000 0.0000
0.8276 0.7241 0.0000 0.0000 0.0000
0.8276 0.7586 0.0000 0.0000 0.0000
0.8276 0.7931 0.0000 0.0000 0.0000
0.8276 0.8276 0.0000 0.0000 0.0000
0.8276 0.8621 0.0000 0.0000 0.0000
0.8276 0.8966 0.0000 0.0000 0.0000
0.8276 0.9310 0.0000 0.0000 0.0000
0.8276 0.9655 0.0000 0.0000 0.0000
0.8276 1.0000 0.0000 0.0000 0.0000

0.8621 0.0000 0.0000 0.0000 0.0000
0.8621 0.0345 0.304574 0.952489 0.533679
0.8621 0.0690 0.944599 0.328226 0.344156
0.8621 0.1034 0.865359 -0.501153 0.563505
0.8621 0.1379 0.692268 -0.721640 0.939200
0.8621 0.1724 0.0000 0.0000 0.0000
0.8621 0.2069 0.0000 0.0000 0.0000
0.8621 0.2414 0.0000 0.0000 0.0000
0.8621 0.2759 0.0000 0.0000 0.0000
0.8621 0.3103 0.0000 0.0000 0.0000
0.8621 0.3448 0.0000 0.0000 0.0000
0.8621 0.3793 0.0000 0.0000 0.0000
0.8621 0.4138 0.0000 0.0000 0.0000
0.8621 0.4483 0.0000 0.0000 0.0000
0.8621 0.4828 0.0000 0.0000 0.0000
0.8621 0.5172 0.0000 0.0000 0.0000
0.8621 0.5517 0.0000 0.0000 0.0000
0.8621 0.5862 0.0000 0.0000 0.0000
0.8621 0.6207 0.0000 0.0000 0.0000
0.8621 0.6552 0.0000 0.0000 0.0000
0.8621 0.6897 0.0000 0.0000 0.0000
0.8621 0.7241 0.0000 0.0000 0.0000
0.8621 0.7586 0.0000 0.0000 0.0000
0.8621 0.7931 0.0000 0.0000 0.0000
0.8621 0.8276 0.0000 0.0000 0.0000
0.8621 0.8621 0.0000 0.0000 0.0000
0.8621 0.8966 0.0000 0.0000 0.0000
0.8621 0.9310 0.0000 0.0000 0.0000
0.8621 0.9655 0.0000 0.0000 0.0000
0.8621 1.0000 0.0000 0.0000 0.0000

0.8966 0.0000 0.0000 0.0000 0.0000
0.8966 0.0345 0.499459 0.866337 0.339011
0.8966 0.0690 0.944765 -0.327749 0.358443
0.8966 0.1034 0.0000 0.0000 0.0000
0.8966 0.1379 0.0000 0.0000 0.0000
0.8966 0.1724 0.0000 0.0000 0.0000
0.8966 0.2069 0.0000 0.0000 0.0000
0.8966 0.2414 0.0000 0.0000 0.0000
0.8966 0.2759 0.0000 0.0000 0.0000
0.8966 0.3103 0.0000 0.0000 0.0000
0.8966 0.3448 0.0000 0.0000 0.0000
0.8966 0.3793 0.0000 0.0000 0.0000
0.8966 0.4138 0.0000 0.0000 0.0000
0.8966 0.4483 0.0000 0.0000 0.0000
0.8966 0.4828 0.0000 0.0000 0.0000
0.8966 0.5172 0.0000 0.0000 0.0000
0.8966 0.5517 0.0000 0.0000 0.0000
0.8966 0.5862 0.0000 0.0000 0.0000
0.8966 0.6207 0.0000 0.0000 0.0000
0.8966 0.6552 0.0000 0.0000 0.0000
0.8966 0.6897 0.0000 0.0000 0.0000
0.8966 0.7241 0.0000 0.0000 0.0000
0.8966 0.7586 0.0000 0.0000 0.0000
0.8966 0.7931 0.0000 0.0000 0.0000
0.8966 0.8276 0.0000 0.0000 0.0000
0.8966 0.8621 0.0000 0.0000 0.0000
0.8966 0.8966 0.0000 0.0000 0.0000
0.8966 0.9310 0.0000 0.0000 0.0000
0.8966 0.9655 0.0000 0.0000 0.0000
0.8966 1.0000 0.0000 0.0000 0.0000

0.9310 0.0000 0.0000 0.0000 0.0000
0.9310 0.0345 0.944918 0.327308 0.186365
0.9310 0.0690 0.693399 -0.720554 0.507933
0.9310 0.1034 0.0000 0.0000 0.0000
0.9310 0.1379 0.0000 0.0000 0.0000
0.9310 0.1724 0.0000 0.0000 0.0000
0.9310 0.2069 0.0000 0.0000 0.0000
0.9310 0.2414 0.0000 0.0000 0.0000
0.9310 0.2759 0.0000 0.0000 0.0000
0.9310 0.3103 0.0000 0.0000 0.0000
0.9310 0.3448 0.0000 0.0000 0.0000
0.9310 0.3793 0.0000 0.0000 0.0000
0.9310 0.4138 0.0000 0.0000 0.0000
0.9310 0.4483 0.0000 0.0000 0.0000
0.9310 0.4828 0.0000 0.0000 0.0000
0.9310 0.5172 0.0000 0.0000 0.0000
0.9310 0.5517 0.0000 0.0000 0.0000
0.9310 0.5862 0.0000 0.0000 0.0000
0.9310 0.6207 0.0000 0.0000 0.0000
0.9310 0.6552 0.0000 0.0000 0.0000
0.9310 0.6897 0.0000 0.0000 0.0000
0.9310 0.7241 0.0000 0.0000 0.0000
0.9310 0.7586 0.0000 0.0000 0.0000
0.9310 0.7931 0.0000 0.0000 0.0000
0.9310 0.8276 0.0000 0.0000 0.0000
0.9310 0.8621 0.0000 0.0000 0.0000
0.9310 0.8966 0.0000 0.0000 0.0000
0.9310 0.9310 0.0000 0.0000 0.0000
0.9310 0.9655 0.0000 0.0000 0.0000
0.9310 1.0000 0.0000 0.0000 0.0000

0.9655 0.0000 0.0000 0.0000 0.0000
0.9655 0.0345 0.0000 0.0000 0.0000
0.9655 0.0690 0.0000 0.0000 0.0000
0.9655 0.1034 0.0000 0.0000 0.0000
0.9655 0.1379 0.0000 0.0000 0.0000
0.9655 0.1724 0.0000 0.0000 0.0000
0.9655 0.2069 0.0000 0.0000 0.0000
0.9655 0.2414 0.0000 0.0000 0.0000
0.9655 0.2759 0.0000 0.0000 0.0000
0.9655 0.3103 0.0000 0.0000 0.0000
0.9655 0.3448 0.0000 0.0000 0.0000
0.9655 0.3793 0.0000 0.0000 0.0000
0.9655 0.4138 0.0000 0.0000 0.0000
0.9655 0.4483 0.0000 0.0000 0.0000
0.9655 0.4828 0.0000 0.0000 0.0000
0.9655 0.5172 0.0000 0.0000 0.0000
0.9655 0.5517 0.0000 0.0000 0.0000
0.9655 0.5862 0.0000 0.0000 0.0000
0.9655 0.6207 0.0000 0.0000 0.0000
0.9655 0.6552 0.0000 0.0000 0.0000
0.9655 0.6897 0.0000 0.0000 0.0000
0.9655 0.7241 0.0000 0.0000 0.0000
0.9655 0.7586 0.0000 0.0000 0.0000
0.9655 0.7931 0.0000 0.0000 0.0000
0.9655 0.8276 0.0000 0.0000 0.0000
0.9655 0.8621 0.0000 0.0000 0.0000
0.9655 0.8966 0.0000 0.0000 0.0000
0.9655 0.9310 0.0000 0.0000 0.0000
0.9655 0.9655 0.0000 0.0000 0.0000
0.9655 1.0000 0.0000 0.0000 0.0000

1.0000 0.0000 0.0000 0.0000 0.0000
1.0000 0.0345 0.0000 0.0000 0.0000
1.0000 0.0690 0.0000 0.0000 0.0000
1.0000 0.1034 0.0000 0.0000 0.0000
1.0000 0.1379 0.0000 0.0000 0.0000
1.0000 0.1724 0.0000 0.0000 0.0000
1.0000 0.2069 0.0000 0.0000 0.0000
1.0000 0.2414 0.0000 0.0000 0.0000
1.0000 0.2759 0.0000 0.0000 0.0000
1.0000 0.3103 0.0000 0.0000 0.0000
1.0000 0.3448 0.0000 0.0000 0.0000
1.0000 0.3793 0.0000 0.0000 0.0000
1.0000 0.4138 0.0000 0.0000 0.0000
1.0000 0.4483 0.0000 0.0000 0.0000
1.0000 0.4828 0.0000 0.0000 0.0000
1.0000 0.5172 0.0000 0.0000 0.0000
1.0000 0.5517 0.0000 0.0000 0.0000
1.0000 0.5862 0.0000 0.0000 0.0000
1.0000 0.6207 0.0000 0.0000 0.0000
1.0000 0.6552 0.0000 0.0000 0.0000
1.0000 0.6897 0.0000 0.0000 0.0000
1.0000 0.7241 0.0000 0.0000 0.0000
1.0000 0.7586 0.0000 0.0000 0.0000
1.0000 0.7931 0.0000 0.0000 0.0000
1.0000 0.8276 0.0000 0.0000 0.0000
1.0000 0.8621 0.0000 0.0000 0.0000
1.0000 0.8966 0.0000 0.0000 0.0000
1.0000 0.9310 0.0000 0.0000 0.0000
1.0000 0.9655 0.0000 0.0000 0.0000
1.0000 1.0000 0.0000 0.0000 0.0000

