0.0000 0.0000 0.000000 0.000000 0.000000
0.0000 0.0345 -1.000000 0.000000 0.006897
0.0000 0.0690 -1.000000 0.000000 0.013793
0.0000 0.1034 -1.000000 0.000000 0.020690
0.0000 0.1379 -1.000000 0.000000 0.027586
0.0000 0.1724 -1.000000 0.000000 0.034483
0.0000 0.2069 -1.000000 0.000000 0.041379
0.0000 0.2414 -1.000000 0.000000 0.048276
0.0000 0.2759 -1.000000 0.000000 0.055172
0.0000 0.3103 -1.000000 0.000000 0.062069
0.0000 0.3448 -1.000000 0.000000 0.068966
0.0000 0.3793 -1.000000 0.000000 0.075862
0.0000 0.4138 -1.000000 0.000000 0.082759
0.0000 0.4483 -1.000000 0.000000 0.089655
0.0000 0.4828 -1.000000 0.000000 0.096552
0.0000 0.5172 -1.000000 0.000000 0.103448
0.0000 0.5517 -1.000000 0.000000 0.110345
0.0000 0.5862 -1.000000 -0.000000 0.117241
0.0000 0.6207 -1.000000 -0.000000 0.124138
0.0000 0.6552 -1.000000 -0.000000 0.131034
0.0000 0.6897 -1.000000 -0.000000 0.137931
0.0000 0.7241 -1.000000 -0.000000 0.144828
0.0000 0.7586 -1.000000 -0.000000 0.151724
0.0000 0.7931 -1.000000 -0.000000 0.158621
0.0000 0.8276 -1.000000 -0.000000 0.165517
0.0000 0.8621 -1.000000 -0.000000 0.172414
0.0000 0.8966 -1.000000 -0.000000 0.179310
0.0000 0.9310 -1.000000 -0.000000 0.186207
0.0000 0.9655 -1.000000 -0.000000 0.193103
0.0000 1.0000 -1.000000 -0.000000 0.200000

0.0345 0.0000 0.000000 1.000000 0.173127
0.0345 0.0345 -0.013918 0.999903 0.162323
0.0345 0.0690 -0.029814 0.999555 0.151554
0.0345 0.1034 -0.048127 0.998841 0.140829
0.0345 0.1379 -0.069429 0.997587 0.130160
0.0345 0.1724 -0.094481 0.995527 0.119560
0.0345 0.2069 -0.124303 0.992244 0.109050
0.0345 0.2414 -0.160293 0.987069 0.098660
0.0345 0.2759 -0.204384 0.978891 0.088430
0.0345 0.3103 -0.259267 0.965806 0.078425
0.0345 0.3448 -0.328655 0.944450 0.068741
0.0345 0.3793 -0.417411 0.908718 0.059537
0.0345 0.4138 -0.530836 0.847475 0.051072
0.0345 0.4483 -0.670913 0.741536 0.043776
0.0345 0.4828 -0.825307 0.564684 0.038324
0.0345 0.5172 -0.952618 0.304169 0.035574
0.0345 0.5517 -1.000000 0.000000 0.036147
0.0345 0.5862 -0.962529 -0.271177 0.039902
0.0345 0.6207 -0.882781 -0.469784 0.046066
0.0345 0.6552 -0.797607 -0.603177 0.053817
0.0345 0.6897 -0.722146 -0.691740 0.062569
0.0345 0.7241 -0.659323 -0.751860 0.071958
0.0345 0.7586 -0.607882 -0.794028 0.081764
0.0345 0.7931 -0.565704 -0.824608 0.091854
0.0345 0.8276 -0.530836 -0.847475 0.102143
0.0345 0.8621 -0.501702 -0.865040 0.112577
0.0345 0.8966 -0.477092 -0.878853 0.123120
0.0345 0.9310 -0.456082 -0.889938 0.133745
0.0345 0.9655 -0.437969 -0.898990 0.144435
0.0345 1.0000 0.0000 0.0000 0.0000

0.0690 0.0000 0.000000 1.000000 0.333888
0.0690 0.0345 0.007616 0.999971 0.312256
0.0690 0.0690 0.016364 0.999866 0.290645
0.0690 0.1034 0.026516 0.999648 0.269060
0.0690 0.1379 0.038433 0.999261 0.247507
0.0690 0.1724 0.052614 0.998615 0.225997
0.0690 0.2069 0.069760 0.997564 0.204541
0.0690 0.2414 0.090887 0.995861 0.183160
0.0690 0.2759 0.117523 0.993070 0.161883
0.0690 0.3103 0.152057 0.988372 0.140757
0.0690 0.3448 0.198405 0.980120 0.119862
0.0690 0.3793 0.263320 0.964709 0.099344
0.0690 0.4138 0.358979 0.933346 0.079496
0.0690 0.4483 0.507020 0.861934 0.060975
0.0690 0.4828 0.732794 0.680451 0.045434
0.0690 0.5172 0.967823 0.251634 0.036858
0.0690 0.5517 0.951034 -0.309086 0.040009
0.0690 0.5862 0.765261 -0.643720 0.052829
0.0690 0.6207 0.609711 -0.792624 0.070207
0.0690 0.6552 0.504697 -0.863297 0.089528
0.0690 0.6897 0.433294 -0.901252 0.109769
0.0690 0.7241 0.382674 -0.923884 0.130504
0.0690 0.7586 0.345269 -0.938504 0.151530
0.0690 0.7931 0.316641 -0.948546 0.172741
0.0690 0.8276 0.294086 -0.955779 0.194076
0.0690 0.8621 0.275887 -0.961190 0.215498
0.0690 0.8966 0.260909 -0.965363 0.236984
0.0690 0.9310 0.248375 -0.968664 0.258517
0.0690 0.9655 0.0000 0.0000 0.0000
0.0690 1.0000 0.0000 0.0000 0.0000

0.1034 0.0000 0.000000 1.000000 0.482283
0.1034 0.0345 0.015594 0.999878 0.449876
0.1034 0.0690 0.033599 0.999435 0.417596
0.1034 0.1034 0.054599 0.998508 0.385474
0.1034 0.1379 0.079371 0.996845 0.353553
0.1034 0.1724 0.108972 0.994045 0.321893
0.1034 0.2069 0.144858 0.989452 0.290580
0.1034 0.2414 0.189068 0.981964 0.259738
0.1034 0.2759 0.244485 0.969653 0.229559
0.1034 0.3103 0.315159 0.949039 0.200340
0.1034 0.3448 0.406522 0.913641 0.172573
0.1034 0.3793 0.524684 0.851297 0.147079
0.1034 0.4138 0.672106 0.740455 0.125256
0.1034 0.4483 0.834219 0.551433 0.109325
0.1034 0.4828 0.962137 0.272567 0.102082
0.1034 0.5172 0.999030 -0.044025 0.105334
0.1034 0.5517 0.949485 -0.313813 0.118219
0.1034 0.5862 0.863810 -0.503817 0.138066
0.1034 0.6207 0.777859 -0.628439 0.162341
0.1034 0.6552 0.703960 -0.710240 0.189348
0.1034 0.6897 0.643397 -0.765533 0.218076
0.1034 0.7241 0.594229 -0.804296 0.247926
0.1034 0.7586 0.554109 -0.832444 0.278537
0.1034 0.7931 0.521031 -0.853538 0.309685
0.1034 0.8276 0.493435 -0.869783 0.341223
0.1034 0.8621 0.470142 -0.882591 0.373050
0.1034 0.8966 0.450264 -0.892896 0.405100
0.1034 0.9310 0.0000 0.0000 0.0000
0.1034 0.9655 0.0000 0.0000 0.0000
0.1034 1.0000 0.0000 0.0000 0.0000

0.1379 0.0000 0.000000 1.000000 0.618312
0.1379 0.0345 0.020261 0.999795 0.575148
0.1379 0.0690 0.043786 0.999041 0.532258
0.1379 0.1034 0.071385 0.997449 0.489715
0.1379 0.1379 0.104132 0.994564 0.447618
0.1379 0.1724 0.143471 0.989655 0.406104
0.1379 0.2069 0.191357 0.981520 0.365373
0.1379 0.2414 0.250430 0.968135 0.325718
0.1379 0.2759 0.324155 0.946004 0.287586
0.1379 0.3103 0.416720 0.909035 0.251668
0.1379 0.3448 0.531949 0.846776 0.219058
0.1379 0.3793 0.669514 0.742800 0.191454
0.1379 0.4138 0.816352 0.577555 0.171291
0.1379 0.4483 0.938670 0.344817 0.161384
0.1379 0.4828 0.997139 0.075585 0.163607
0.1379 0.5172 0.984716 -0.174167 0.177505
0.1379 0.5517 0.929129 -0.369755 0.200666
0.1379 0.5862 0.860124 -0.510085 0.230313
0.1379 0.6207 0.793693 -0.608318 0.264271
0.1379 0.6552 0.735348 -0.677689 0.301086
0.1379 0.6897 0.685801 -0.727789 0.339830
0.1379 0.7241 0.644116 -0.764927 0.379914
0.1379 0.7586 0.609001 -0.793170 0.420954
0.1379 0.7931 0.579243 -0.815155 0.462697
0.1379 0.8276 0.553830 -0.832629 0.504969
0.1379 0.8621 0.531949 -0.846776 0.547646
0.1379 0.8966 0.0000 0.0000 0.0000
0.1379 0.9310 0.0000 0.0000 0.0000
0.1379 0.9655 0.0000 0.0000 0.0000
0.1379 1.0000 0.0000 0.0000 0.0000

0.1724 0.0000 0.000000 1.000000 0.741974
0.1724 0.0345 0.023675 0.999720 0.688064
0.1724 0.0690 0.051339 0.998681 0.634606
0.1724 0.1034 0.084010 0.996465 0.581724
0.1724 0.1379 0.123040 0.992402 0.529589
0.1724 0.1724 0.170240 0.985403 0.478447
0.1724 0.2069 0.228019 0.973657 0.428652
0.1724 0.2414 0.299502 0.954096 0.380735
0.1724 0.2759 0.388437 0.921475 0.335501
0.1724 0.3103 0.498357 0.866972 0.294189
0.1724 0.3448 0.629727 0.776817 0.258686
0.1724 0.3793 0.773454 0.633852 0.231677
0.1724 0.4138 0.903469 0.428653 0.216368
0.1724 0.4483 0.983755 0.179517 0.215269
0.1724 0.4828 0.997711 -0.067624 0.228585
0.1724 0.5172 0.961788 -0.273794 0.254060
0.1724 0.5517 0.903469 -0.428653 0.288490
0.1724 0.5862 0.841542 -0.540191 0.329077
0.1724 0.6207 0.784394 -0.620263 0.373820
0.1724 0.6552 0.734490 -0.678620 0.421398
0.1724 0.6897 0.691796 -0.722093 0.470952
0.1724 0.7241 0.655451 -0.755238 0.521920
0.1724 0.7586 0.624442 -0.781071 0.573925
0.1724 0.7931 0.597842 -0.801614 0.626709
0.1724 0.8276 0.574870 -0.818245 0.680090
0.1724 0.8621 0.0000 0.0000 0.0000
0.1724 0.8966 0.0000 0.0000 0.0000
0.1724 0.9310 0.0000 0.0000 0.0000
0.1724 0.9655 0.0000 0.0000 0.0000
0.1724 1.0000 0.0000 0.0000 0.0000

0.2069 0.0000 0.000000 1.000000 0.853270
0.2069 0.0345 0.026537 0.999648 0.788625
0.2069 0.0690 0.057760 0.998330 0.724634
0.2069 0.1034 0.094911 0.995486 0.661488
0.2069 0.1379 0.139644 0.990202 0.599453
0.2069 0.1724 0.194164 0.980969 0.538912
0.2069 0.2069 0.261358 0.965242 0.480433
0.2069 0.2414 0.344797 0.938677 0.424865
0.2069 0.2759 0.448232 0.893917 0.373511
0.2069 0.3103 0.573608 0.819130 0.328355
0.2069 0.3448 0.716000 0.698100 0.292283
0.2069 0.3793 0.855850 0.517224 0.268975
0.2069 0.4138 0.959018 0.283346 0.261861
0.2069 0.4483 0.999419 0.034071 0.272215
0.2069 0.4828 0.982436 -0.186599 0.298222
0.2069 0.5172 0.933510 -0.358553 0.336271
0.2069 0.5517 0.874743 -0.484588 0.382786
0.2069 0.5862 0.817740 -0.575588 0.435061
0.2069 0.6207 0.766791 -0.641897 0.491261
0.2069 0.6552 0.722708 -0.691154 0.550184
0.2069 0.6897 0.684976 -0.728566 0.611042
0.2069 0.7241 0.652709 -0.757609 0.673312
0.2069 0.7586 0.625010 -0.780617 0.736635
0.2069 0.7931 0.601092 -0.799180 0.800762
0.2069 0.8276 0.0000 0.0000 0.0000
0.2069 0.8621 0.0000 0.0000 0.0000
0.2069 0.8966 0.0000 0.0000 0.0000
0.2069 0.9310 0.0000 0.0000 0.0000
0.2069 0.9655 0.0000 0.0000 0.0000
0.2069 1.0000 0.0000 0.0000 0.0000

0.2414 0.0000 0.000000 1.000000 0.952200
0.2414 0.0345 0.029156 0.999575 0.876829
0.2414 0.0690 0.063725 0.997967 0.802344
0.2414 0.1034 0.105203 0.994451 0.729016
0.2414 0.1379 0.155591 0.987822 0.657231
0.2414 0.1724 0.217552 0.976049 0.587557
0.2414 0.2069 0.294503 0.955651 0.520840
0.2414 0.2414 0.390410 0.920641 0.458374
0.2414 0.2759 0.508570 0.861021 0.402144
0.2414 0.3103 0.647891 0.761733 0.355126
0.2414 0.3448 0.795449 0.606021 0.321388
0.2414 0.3793 0.920908 0.389780 0.305365
0.2414 0.4138 0.990194 0.139702 0.309816
0.2414 0.4483 0.995264 -0.097212 0.333924
0.2414 0.4828 0.957211 -0.289389 0.373906
0.2414 0.5172 0.901632 -0.432504 0.425309
0.2414 0.5517 0.844227 -0.535986 0.484511
0.2414 0.5862 0.791633 -0.610997 0.548994
0.2414 0.6207 0.745685 -0.666299 0.617106
0.2414 0.6552 0.706242 -0.707971 0.687769
0.2414 0.6897 0.672517 -0.740082 0.760272
0.2414 0.7241 0.643613 -0.765351 0.834136
0.2414 0.7586 0.618711 -0.785619 0.909028
0.2414 0.7931 0.0000 0.0000 0.0000
0.2414 0.8276 0.0000 0.0000 0.0000
0.2414 0.8621 0.0000 0.0000 0.0000
0.2414 0.8966 0.0000 0.0000 0.0000
0.2414 0.9310 0.0000 0.0000 0.0000
0.2414 0.9655 0.0000 0.0000 0.0000
0.2414 1.0000 0.0000 0.0000 0.0000

0.2759 0.0000 0.000000 1.000000 1.038763
0.2759 0.0345 0.031702 0.999497 0.952679
0.2759 0.0690 0.069611 0.997574 0.867741
0.2759 0.1034 0.115522 0.993305 0.784324
0.2759 0.1379 0.171855 0.985122 0.702968
0.2759 0.1724 0.241819 0.970321 0.624479
0.2759 0.2069 0.329426 0.944181 0.550087
0.2759 0.2414 0.438900 0.898536 0.481693
0.2759 0.2759 0.572252 0.820078 0.422221
0.2759 0.3103 0.723054 0.690792 0.375932
0.2759 0.3448 0.867570 0.497316 0.348124
0.2759 0.3793 0.967691 0.252140 0.343316
0.2759 0.4138 1.000000 0.000000 0.362426
0.2759 0.4483 0.976548 -0.215302 0.402057
0.2759 0.4828 0.925431 -0.378917 0.456901
0.2759 0.5172 0.867570 -0.497316 0.522185
0.2759 0.5517 0.812868 -0.582448 0.594481
0.2759 0.5862 0.764580 -0.644528 0.671527
0.2759 0.6207 0.723054 -0.690792 0.751864
0.2759 0.6552 0.687610 -0.726080 0.834543
0.2759 0.6897 0.657331 -0.753602 0.918932
0.2759 0.7241 0.631341 -0.775505 1.004600
0.2759 0.7586 0.0000 0.0000 0.0000
0.2759 0.7931 0.0000 0.0000 0.0000
0.2759 0.8276 0.0000 0.0000 0.0000
0.2759 0.8621 0.0000 0.0000 0.0000
0.2759 0.8966 0.0000 0.0000 0.0000
0.2759 0.9310 0.0000 0.0000 0.0000
0.2759 0.9655 0.0000 0.0000 0.0000
0.2759 1.0000 0.0000 0.0000 0.0000

0.3103 0.0000 0.000000 1.000000 1.112961
0.3103 0.0345 0.034285 0.999412 1.016174
0.3103 0.0690 0.075670 0.997133 0.920833
0.3103 0.1034 0.126316 0.991990 0.827436
0.3103 0.1379 0.189159 0.981947 0.736725
0.3103 0.1724 0.268069 0.963400 0.649824
0.3103 0.2069 0.367709 0.929941 0.568484
0.3103 0.2414 0.492231 0.870464 0.495451
0.3103 0.2759 0.640830 0.767683 0.434930
0.3103 0.3103 0.798362 0.602178 0.392748
0.3103 0.3448 0.928695 0.370844 0.375144
0.3103 0.3793 0.994122 0.108265 0.385500
0.3103 0.4138 0.991257 -0.131942 0.421761
0.3103 0.4483 0.947382 -0.320105 0.478068
0.3103 0.4828 0.889605 -0.456730 0.548280
0.3103 0.5172 0.832487 -0.554044 0.627748
0.3103 0.5517 0.781389 -0.624044 0.713386
0.3103 0.5862 0.737369 -0.675490 0.803222
0.3103 0.6207 0.699904 -0.714237 0.895995
0.3103 0.6552 0.668043 -0.744123 0.990880
0.3103 0.6897 0.640830 -0.767683 1.087324
0.3103 0.7241 0.0000 0.0000 0.0000
0.3103 0.7586 0.0000 0.0000 0.0000
0.3103 0.7931 0.0000 0.0000 0.0000
0.3103 0.8276 0.0000 0.0000 0.0000
0.3103 0.8621 0.0000 0.0000 0.0000
0.3103 0.8966 0.0000 0.0000 0.0000
0.3103 0.9310 0.0000 0.0000 0.0000
0.3103 0.9655 0.0000 0.0000 0.0000
0.3103 1.0000 0.0000 0.0000 0.0000

0.3448 0.0000 0.000000 1.000000 1.174792
0.3448 0.0345 0.036987 0.999316 1.067318
0.3448 0.0690 0.082104 0.996624 0.961630
0.3448 0.1034 0.137969 0.990437 0.858387
0.3448 0.1379 0.208159 0.978095 0.758591
0.3448 0.1724 0.297357 0.954766 0.663795
0.3448 0.2069 0.410879 0.911690 0.576473
0.3448 0.2414 0.552066 0.833800 0.500552
0.3448 0.2759 0.714600 0.699533 0.441946
0.3448 0.3103 0.870422 0.492307 0.408183
0.3448 0.3448 0.973494 0.228712 0.405517
0.3448 0.3793 0.999367 -0.035574 0.434520
0.3448 0.4138 0.967576 -0.252580 0.489596
0.3448 0.4483 0.911304 -0.411734 0.563147
0.3448 0.4828 0.851683 -0.524057 0.648921
0.3448 0.5172 0.797302 -0.603580 0.742695
0.3448 0.5517 0.750332 -0.661061 0.841799
0.3448 0.5862 0.710498 -0.703700 0.944558
0.3448 0.6207 0.676811 -0.736157 1.049898
0.3448 0.6552 0.648215 -0.761457 1.157115
0.3448 0.6897 0.0000 0.0000 0.0000
0.3448 0.7241 0.0000 0.0000 0.0000
0.3448 0.7586 0.0000 0.0000 0.0000
0.3448 0.7931 0.0000 0.0000 0.0000
0.3448 0.8276 0.0000 0.0000 0.0000
0.3448 0.8621 0.0000 0.0000 0.0000
0.3448 0.8966 0.0000 0.0000 0.0000
0.3448 0.9310 0.0000 0.0000 0.0000
0.3448 0.9655 0.0000 0.0000 0.0000
0.3448 1.0000 0.0000 0.0000 0.0000

0.3793 0.0000 0.000000 1.000000 1.224257
0.3793 0.0345 0.039882 0.999204 1.106112
0.3793 0.0690 0.089106 0.996022 0.990146
0.3793 0.1034 0.150865 0.988554 0.877222
0.3793 0.1379 0.229557 0.973295 0.768684
0.3793 0.1724 0.330851 0.943683 0.666677
0.3793 0.2069 0.460571 0.887623 0.574689
0.3793 0.2414 0.619706 0.784834 0.498299
0.3793 0.2759 0.791989 0.610536 0.445604
0.3793 0.3103 0.933086 0.359653 0.425499
0.3793 0.3448 0.997042 0.076861 0.442450
0.3793 0.3793 0.984997 -0.172574 0.492647
0.3793 0.4138 0.933086 -0.359653 0.567332
0.3793 0.4483 0.871262 -0.490819 0.658222
0.3793 0.4828 0.813141 -0.582067 0.759522
0.3793 0.5172 0.762700 -0.646753 0.867592
0.3793 0.5517 0.720087 -0.693884 0.980196
0.3793 0.5862 0.684291 -0.729209 1.095938
0.3793 0.6207 0.654125 -0.756387 1.213920
0.3793 0.6552 0.0000 0.0000 0.0000
0.3793 0.6897 0.0000 0.0000 0.0000
0.3793 0.7241 0.0000 0.0000 0.0000
0.3793 0.7586 0.0000 0.0000 0.0000
0.3793 0.7931 0.0000 0.0000 0.0000
0.3793 0.8276 0.0000 0.0000 0.0000
0.3793 0.8621 0.0000 0.0000 0.0000
0.3793 0.8966 0.0000 0.0000 0.0000
0.3793 0.9310 0.0000 0.0000 0.0000
0.3793 0.9655 0.0000 0.0000 0.0000
0.3793 1.0000 0.0000 0.0000 0.0000

0.4138 0.0000 0.000000 1.000000 1.261356
0.4138 0.0345 0.043045 0.999073 1.132560
0.4138 0.0690 0.096883 0.995296 1.006399
0.4138 0.1034 0.165446 0.986219 0.884002
0.4138 0.1379 0.254188 0.967155 0.767172
0.4138 0.1724 0.369959 0.929048 0.658877
0.4138 0.2069 0.518582 0.855028 0.564055
0.4138 0.2414 0.695623 0.718407 0.490582
0.4138 0.2759 0.868504 0.495683 0.449062
0.4138 0.3103 0.978381 0.206812 0.448459
0.4138 0.3448 0.997117 -0.075878 0.488924
0.4138 0.3793 0.954803 -0.297238 0.561651
0.4138 0.4138 0.891802 -0.452426 0.655995
0.4138 0.4483 0.829552 -0.558430 0.763990
0.4138 0.4828 0.775039 -0.631913 0.880628
0.4138 0.5172 0.729160 -0.684343 1.002897
0.4138 0.5517 0.690916 -0.722935 1.128970
0.4138 0.5862 0.658960 -0.752178 1.257703
0.4138 0.6207 0.0000 0.0000 0.0000
0.4138 0.6552 0.0000 0.0000 0.0000
0.4138 0.6897 0.0000 0.0000 0.0000
0.4138 0.7241 0.0000 0.0000 0.0000
0.4138 0.7586 0.0000 0.0000 0.0000
0.4138 0.7931 0.0000 0.0000 0.0000
0.4138 0.8276 0.0000 0.0000 0.0000
0.4138 0.8621 0.0000 0.0000 0.0000
0.4138 0.8966 0.0000 0.0000 0.0000
0.4138 0.9310 0.0000 0.0000 0.0000
0.4138 0.9655 0.0000 0.0000 0.0000
0.4138 1.0000 0.0000 0.0000 0.0000

0.4483 0.0000 0.000000 1.000000 1.286088
0.4483 0.0345 0.046560 0.998915 1.146666
0.4483 0.0690 0.105677 0.994400 1.010414
0.4483 0.1034 0.182254 0.983251 0.878809
0.4483 0.1379 0.283122 0.959084 0.754287
0.4483 0.1724 0.416457 0.909156 0.640989
0.4483 0.2069 0.586746 0.809771 0.545948
0.4483 0.2414 0.778374 0.627801 0.480131
0.4483 0.2759 0.935900 0.352265 0.456363
0.4483 0.3103 0.999127 0.041785 0.480919
0.4483 0.3448 0.975435 -0.220288 0.547333
0.4483 0.3793 0.913682 -0.406430 0.642759
0.4483 0.4138 0.847114 -0.531411 0.756293
0.4483 0.4483 0.787838 -0.615882 0.880961
0.4483 0.4828 0.738099 -0.674692 1.012660
0.4483 0.5172 0.696997 -0.717074 1.148975
0.4483 0.5517 0.662988 -0.748630 1.288441
0.4483 0.5862 0.0000 0.0000 0.0000
0.4483 0.6207 0.0000 0.0000 0.0000
0.4483 0.6552 0.0000 0.0000 0.0000
0.4483 0.6897 0.0000 0.0000 0.0000
0.4483 0.7241 0.0000 0.0000 0.0000
0.4483 0.7586 0.0000 0.0000 0.0000
0.4483 0.7931 0.0000 0.0000 0.0000
0.4483 0.8276 0.0000 0.0000 0.0000
0.4483 0.8621 0.0000 0.0000 0.0000
0.4483 0.8966 0.0000 0.0000 0.0000
0.4483 0.9310 0.0000 0.0000 0.0000
0.4483 0.9655 0.0000 0.0000 0.0000
0.4483 1.0000 0.0000 0.0000 0.0000

0.4828 0.0000 0.000000 1.000000 1.298454
0.4828 0.0345 0.050526 0.998723 1.148435
0.4828 0.0690 0.115795 0.993273 1.002223
0.4828 0.1034 0.202003 0.979385 0.861761
0.4828 0.1379 0.317790 0.948161 0.730371
0.4828 0.1724 0.472598 0.881278 0.613907
0.4828 0.2069 0.666396 0.745598 0.522448
0.4828 0.2414 0.862751 0.505629 0.470800
0.4828 0.2759 0.983054 0.183315 0.472211
0.4828 0.3103 0.992361 -0.123367 0.526255
0.4828 0.3448 0.936959 -0.349440 0.619303
0.4828 0.3793 0.866390 -0.499368 0.736721
0.4828 0.4138 0.801574 -0.597895 0.868683
0.4828 0.4483 0.747240 -0.664554 1.009501
0.4828 0.4828 0.702773 -0.711414 1.155944
0.4828 0.5172 0.0000 0.0000 0.0000
0.4828 0.5517 0.0000 0.0000 0.0000
0.4828 0.5862 0.0000 0.0000 0.0000
0.4828 0.6207 0.0000 0.0000 0.0000
0.4828 0.6552 0.0000 0.0000 0.0000
0.4828 0.6897 0.0000 0.0000 0.0000
0.4828 0.7241 0.0000 0.0000 0.0000
0.4828 0.7586 0.0000 0.0000 0.0000
0.4828 0.7931 0.0000 0.0000 0.0000
0.4828 0.8276 0.0000 0.0000 0.0000
0.4828 0.8621 0.0000 0.0000 0.0000
0.4828 0.8966 0.0000 0.0000 0.0000
0.4828 0.9310 0.0000 0.0000 0.0000
0.4828 0.9655 0.0000 0.0000 0.0000
0.4828 1.0000 0.0000 0.0000 0.0000

0.5172 0.0000 0.000000 1.000000 1.298454
0.5172 0.0345 0.055071 0.998482 1.137874
0.5172 0.0690 0.127641 0.991820 0.981872
0.5172 0.1034 0.225673 0.974203 0.833023
0.5172 0.1379 0.360170 0.932887 0.695933
0.5172 0.1724 0.541121 0.840945 0.579016
0.5172 0.2069 0.756920 0.653508 0.496725
0.5172 0.2414 0.937856 0.347025 0.467710
0.5172 0.2759 1.000000 0.000000 0.501308
0.5172 0.3103 0.960995 -0.276567 0.586862
0.5172 0.3448 0.887933 -0.459973 0.705723
0.5172 0.3793 0.816769 -0.576965 0.843934
0.5172 0.4138 0.756920 -0.653508 0.993450
0.5172 0.4483 0.708450 -0.705761 1.149870
0.5172 0.4828 0.0000 0.0000 0.0000
0.5172 0.5172 0.0000 0.0000 0.0000
0.5172 0.5517 0.0000 0.0000 0.0000
0.5172 0.5862 0.0000 0.0000 0.0000
0.5172 0.6207 0.0000 0.0000 0.0000
0.5172 0.6552 0.0000 0.0000 0.0000
0.5172 0.6897 0.0000 0.0000 0.0000
0.5172 0.7241 0.0000 0.0000 0.0000
0.5172 0.7586 0.0000 0.0000 0.0000
0.5172 0.7931 0.0000 0.0000 0.0000
0.5172 0.8276 0.0000 0.0000 0.0000
0.5172 0.8621 0.0000 0.0000 0.0000
0.5172 0.8966 0.0000 0.0000 0.0000
0.5172 0.9310 0.0000 0.0000 0.0000
0.5172 0.9655 0.0000 0.0000 0.0000
0.5172 1.0000 0.0000 0.0000 0.0000

0.5517 0.0000 0.000000 1.000000 1.286088
0.5517 0.0345 0.060360 0.998177 1.114994
0.5517 0.0690 0.141772 0.989899 0.949423
0.5517 0.1034 0.254656 0.967032 0.792845
0.5517 0.1379 0.413033 0.910716 0.651772
0.5517 0.1724 0.624857 0.780740 0.538530
0.5517 0.2069 0.852760 0.522303 0.473527
0.5517 0.2414 0.987824 0.155578 0.476913
0.5517 0.2759 0.983535 -0.180720 0.547420
0.5517 0.3103 0.912209 -0.409724 0.664000
0.5517 0.3448 0.834040 -0.551704 0.806926
0.5517 0.3793 0.767513 -0.641033 0.964555
0.5517 0.4138 0.714221 -0.699920 1.130756
0.5517 0.4483 0.671845 -0.740692 1.302251
0.5517 0.4828 0.0000 0.0000 0.0000
0.5517 0.5172 0.0000 0.0000 0.0000
0.5517 0.5517 0.0000 0.0000 0.0000
0.5517 0.5862 0.0000 0.0000 0.0000
0.5517 0.6207 0.0000 0.0000 0.0000
0.5517 0.6552 0.0000 0.0000 0.0000
0.5517 0.6897 0.0000 0.0000 0.0000
0.5517 0.7241 0.0000 0.0000 0.0000
0.5517 0.7586 0.0000 0.0000 0.0000
0.5517 0.7931 0.0000 0.0000 0.0000
0.5517 0.8276 0.0000 0.0000 0.0000
0.5517 0.8621 0.0000 0.0000 0.0000
0.5517 0.8966 0.0000 0.0000 0.0000
0.5517 0.9310 0.0000 0.0000 0.0000
0.5517 0.9655 0.0000 0.0000 0.0000
0.5517 1.0000 0.0000 0.0000 0.0000

0.5862 0.0000 0.000000 1.000000 1.261356
0.5862 0.0345 0.066621 0.997778 1.079807
0.5862 0.0690 0.158985 0.987281 0.904970
0.5862 0.1034 0.291008 0.956720 0.741609
0.5862 0.1379 0.480242 0.877136 0.599183
0.5862 0.1724 0.725089 0.688655 0.496064
0.5862 0.2069 0.939294 0.343114 0.459525
0.5862 0.2414 0.998641 -0.052113 0.504252
0.5862 0.2759 0.939294 -0.343114 0.612700
0.5862 0.3103 0.854153 -0.520022 0.757995
0.5862 0.3448 0.779484 -0.626422 0.922895
0.5862 0.3793 0.720294 -0.693669 1.098607
0.5862 0.4138 0.674058 -0.738678 1.280688
0.5862 0.4483 0.0000 0.0000 0.0000
0.5862 0.4828 0.0000 0.0000 0.0000
0.5862 0.5172 0.0000 0.0000 0.0000
0.5862 0.5517 0.0000 0.0000 0.0000
0.5862 0.5862 0.0000 0.0000 0.0000
0.5862 0.6207 0.0000 0.0000 0.0000
0.5862 0.6552 0.0000 0.0000 0.0000
0.5862 0.6897 0.0000 0.0000 0.0000
0.5862 0.7241 0.0000 0.0000 0.0000
0.5862 0.7586 0.0000 0.0000 0.0000
0.5862 0.7931 0.0000 0.0000 0.0000
0.5862 0.8276 0.0000 0.0000 0.0000
0.5862 0.8621 0.0000 0.0000 0.0000
0.5862 0.8966 0.0000 0.0000 0.0000
0.5862 0.9310 0.0000 0.0000 0.0000
0.5862 0.9655 0.0000 0.0000 0.0000
0.5862 1.0000 0.0000 0.0000 0.0000

0.6207 0.0000 0.000000 1.000000 1.224257
0.6207 0.0345 0.074177 0.997245 1.032333
0.6207 0.0690 0.180463 0.983582 0.848654
0.6207 0.1034 0.337865 0.941195 0.679936
0.6207 0.1379 0.566828 0.823836 0.540380
0.6207 0.1724 0.836896 0.547361 0.457497
0.6207 0.2069 0.992745 0.120239 0.462811
0.6207 0.2414 0.967931 -0.251216 0.553788
0.6207 0.2759 0.878052 -0.478566 0.697686
0.6207 0.3103 0.793448 -0.608638 0.868589
0.6207 0.3448 0.726913 -0.686730 1.053434
0.6207 0.3793 0.676010 -0.736893 1.246033
0.6207 0.4138 0.0000 0.0000 0.0000
0.6207 0.4483 0.0000 0.0000 0.0000
0.6207 0.4828 0.0000 0.0000 0.0000
0.6207 0.5172 0.0000 0.0000 0.0000
0.6207 0.5517 0.0000 0.0000 0.0000
0.6207 0.5862 0.0000 0.0000 0.0000
0.6207 0.6207 0.0000 0.0000 0.0000
0.6207 0.6552 0.0000 0.0000 0.0000
0.6207 0.6897 0.0000 0.0000 0.0000
0.6207 0.7241 0.0000 0.0000 0.0000
0.6207 0.7586 0.0000 0.0000 0.0000
0.6207 0.7931 0.0000 0.0000 0.0000
0.6207 0.8276 0.0000 0.0000 0.0000
0.6207 0.8621 0.0000 0.0000 0.0000
0.6207 0.8966 0.0000 0.0000 0.0000
0.6207 0.9310 0.0000 0.0000 0.0000
0.6207 0.9655 0.0000 0.0000 0.0000
0.6207 1.0000 0.0000 0.0000 0.0000

0.6552 0.0000 0.000000 1.000000 1.174792
0.6552 0.0345 0.083501 0.996508 0.972600
0.6552 0.0690 0.208052 0.978118 0.780698
0.6552 0.1034 0.400132 0.916457 0.608895
0.6552 0.1379 0.677744 0.735298 0.479313
0.6552 0.1724 0.940395 0.340084 0.431802
0.6552 0.2069 0.992812 -0.119680 0.490805
0.6552 0.2414 0.906773 -0.421618 0.626937
0.6552 0.2759 0.810272 -0.586054 0.801833
0.6552 0.3103 0.734396 -0.678722 0.995261
0.6552 0.3448 0.677744 -0.735298 1.198282
0.6552 0.3793 0.0000 0.0000 0.0000
0.6552 0.4138 0.0000 0.0000 0.0000
0.6552 0.4483 0.0000 0.0000 0.0000
0.6552 0.4828 0.0000 0.0000 0.0000
0.6552 0.5172 0.0000 0.0000 0.0000
0.6552 0.5517 0.0000 0.0000 0.0000
0.6552 0.5862 0.0000 0.0000 0.0000
0.6552 0.6207 0.0000 0.0000 0.0000
0.6552 0.6552 0.0000 0.0000 0.0000
0.6552 0.6897 0.0000 0.0000 0.0000
0.6552 0.7241 0.0000 0.0000 0.0000
0.6552 0.7586 0.0000 0.0000 0.0000
0.6552 0.7931 0.0000 0.0000 0.0000
0.6552 0.8276 0.0000 0.0000 0.0000
0.6552 0.8621 0.0000 0.0000 0.0000
0.6552 0.8966 0.0000 0.0000 0.0000
0.6552 0.9310 0.0000 0.0000 0.0000
0.6552 0.9655 0.0000 0.0000 0.0000
0.6552 1.0000 0.0000 0.0000 0.0000

0.6897 0.0000 0.000000 1.000000 1.112961
0.6897 0.0345 0.095320 0.995447 0.900653
0.6897 0.0690 0.244768 0.969582 0.701481
0.6897 0.1034 0.485529 0.874221 0.530454
0.6897 0.1379 0.811449 0.584423 0.423194
0.6897 0.1724 0.997416 0.071836 0.430363
0.6897 0.2069 0.940854 -0.338812 0.547482
0.6897 0.2414 0.831240 -0.555914 0.722958
0.6897 0.2759 0.743192 -0.669078 0.924124
0.6897 0.3103 0.0000 0.0000 0.0000
0.6897 0.3448 0.0000 0.0000 0.0000
0.6897 0.3793 0.0000 0.0000 0.0000
0.6897 0.4138 0.0000 0.0000 0.0000
0.6897 0.4483 0.0000 0.0000 0.0000
0.6897 0.4828 0.0000 0.0000 0.0000
0.6897 0.5172 0.0000 0.0000 0.0000
0.6897 0.5517 0.0000 0.0000 0.0000
0.6897 0.5862 0.0000 0.0000 0.0000
0.6897 0.6207 0.0000 0.0000 0.0000
0.6897 0.6552 0.0000 0.0000 0.0000
0.6897 0.6897 0.0000 0.0000 0.0000
0.6897 0.7241 0.0000 0.0000 0.0000
0.6897 0.7586 0.0000 0.0000 0.0000
0.6897 0.7931 0.0000 0.0000 0.0000
0.6897 0.8276 0.0000 0.0000 0.0000
0.6897 0.8621 0.0000 0.0000 0.0000
0.6897 0.8966 0.0000 0.0000 0.0000
0.6897 0.9310 0.0000 0.0000 0.0000
0.6897 0.9655 0.0000 0.0000 0.0000
0.6897 1.0000 0.0000 0.0000 0.0000

0.7241 0.0000 0.000000 1.000000 1.038763
0.7241 0.0345 0.110815 0.993841 0.816563
0.7241 0.0690 0.295861 0.955231 0.611689
0.7241 0.1034 0.605204 0.796070 0.448547
0.7241 0.1379 0.941265 0.337668 0.384536
0.7241 0.1724 0.977610 -0.210424 0.462800
0.7241 0.2069 0.858288 -0.513168 0.632567
0.7241 0.2414 0.753987 -0.656890 0.840085
0.7241 0.2759 0.680691 -0.732570 1.063478
0.7241 0.3103 0.0000 0.0000 0.0000
0.7241 0.3448 0.0000 0.0000 0.0000
0.7241 0.3793 0.0000 0.0000 0.0000
0.7241 0.4138 0.0000 0.0000 0.0000
0.7241 0.4483 0.0000 0.0000 0.0000
0.7241 0.4828 0.0000 0.0000 0.0000
0.7241 0.5172 0.0000 0.0000 0.0000
0.7241 0.5517 0.0000 0.0000 0.0000
0.7241 0.5862 0.0000 0.0000 0.0000
0.7241 0.6207 0.0000 0.0000 0.0000
0.7241 0.6552 0.0000 0.0000 0.0000
0.7241 0.6897 0.0000 0.0000 0.0000
0.7241 0.7241 0.0000 0.0000 0.0000
0.7241 0.7586 0.0000 0.0000 0.0000
0.7241 0.7931 0.0000 0.0000 0.0000
0.7241 0.8276 0.0000 0.0000 0.0000
0.7241 0.8621 0.0000 0.0000 0.0000
0.7241 0.8966 0.0000 0.0000 0.0000
0.7241 0.9310 0.0000 0.0000 0.0000
0.7241 0.9655 0.0000 0.0000 0.0000
0.7241 1.0000 0.0000 0.0000 0.0000

0.7586 0.0000 0.000000 1.000000 0.952200
0.7586 0.0345 0.132034 0.991245 0.720457
0.7586 0.0690 0.371071 0.928605 0.512705
0.7586 0.1034 0.767906 0.640562 0.371627
0.7586 0.1379 1.000000 0.000000 0.380499
0.7586 0.1724 0.894248 -0.447571 0.531870
0.7586 0.2069 0.767906 -0.640562 0.743253
0.7586 0.2414 0.681954 -0.731395 0.976421
0.7586 0.2759 0.0000 0.0000 0.0000
0.7586 0.3103 0.0000 0.0000 0.0000
0.7586 0.3448 0.0000 0.0000 0.0000
0.7586 0.3793 0.0000 0.0000 0.0000
0.7586 0.4138 0.0000 0.0000 0.0000
0.7586 0.4483 0.0000 0.0000 0.0000
0.7586 0.4828 0.0000 0.0000 0.0000
0.7586 0.5172 0.0000 0.0000 0.0000
0.7586 0.5517 0.0000 0.0000 0.0000
0.7586 0.5862 0.0000 0.0000 0.0000
0.7586 0.6207 0.0000 0.0000 0.0000
0.7586 0.6552 0.0000 0.0000 0.0000
0.7586 0.6897 0.0000 0.0000 0.0000
0.7586 0.7241 0.0000 0.0000 0.0000
0.7586 0.7586 0.0000 0.0000 0.0000
0.7586 0.7931 0.0000 0.0000 0.0000
0.7586 0.8276 0.0000 0.0000 0.0000
0.7586 0.8621 0.0000 0.0000 0.0000
0.7586 0.8966 0.0000 0.0000 0.0000
0.7586 0.9310 0.0000 0.0000 0.0000
0.7586 0.9655 0.0000 0.0000 0.0000
0.7586 1.0000 0.0000 0.0000 0.0000

0.7931 0.0000 0.000000 1.000000 0.853270
0.7931 0.0345 0.162856 0.986650 0.612578
0.7931 0.0690 0.489402 0.872058 0.407690
0.7931 0.1034 0.941970 0.335696 0.317724
0.7931 0.1379 0.941970 -0.335696 0.423632
0.7931 0.1724 0.786962 -0.617001 0.633843
0.7931 0.2069 0.0000 0.0000 0.0000
0.7931 0.2414 0.0000 0.0000 0.0000
0.7931 0.2759 0.0000 0.0000 0.0000
0.7931 0.3103 0.0000 0.0000 0.0000
0.7931 0.3448 0.0000 0.0000 0.0000
0.7931 0.3793 0.0000 0.0000 0.0000
0.7931 0.4138 0.0000 0.0000 0.0000
0.7931 0.4483 0.0000 0.0000 0.0000
0.7931 0.4828 0.0000 0.0000 0.0000
0.7931 0.5172 0.0000 0.0000 0.0000
0.7931 0.5517 0.0000 0.0000 0.0000
0.7931 0.5862 0.0000 0.0000 0.0000
0.7931 0.6207 0.0000 0.0000 0.0000
0.7931 0.6552 0.0000 0.0000 0.0000
0.7931 0.6897 0.0000 0.0000 0.0000
0.7931 0.7241 0.0000 0.0000 0.0000
0.7931 0.7586 0.0000 0.0000 0.0000
0.7931 0.7931 0.0000 0.0000 0.0000
0.7931 0.8276 0.0000 0.0000 0.0000
0.7931 0.8621 0.0000 0.0000 0.0000
0.7931 0.8966 0.0000 0.0000 0.0000
0.7931 0.9310 0.0000 0.0000 0.0000
0.7931 0.9655 0.0000 0.0000 0.0000
0.7931 1.0000 0.0000 0.0000 0.0000

0.8276 0.0000 0.000000 1.000000 0.741974
0.8276 0.0345 0.211569 0.977363 0.493453
0.8276 0.0690 0.684148 0.729343 0.305196
0.8276 0.1034 0.993058 -0.117629 0.315388
0.8276 0.1379 0.815111 -0.579305 0.512320
0.8276 0.1724 0.684148 -0.729343 0.762989
0.8276 0.2069 0.0000 0.0000 0.0000
0.8276 0.2414 0.0000 0.0000 0.0000
0.8276 0.2759 0.0000 0.0000 0.0000
0.8276 0.3103 0.0000 0.0000 0.0000
0.8276 0.3448 0.0000 0.0000 0.0000
0.8276 0.3793 0.0000 0.0000 0.0000
0.8276 0.4138 0.0000 0.0000 0.0000
0.8276 0.4483 0.0000 0.0000 0.0000
0.8276 0.4828 0.0000 0.0000 0.0000
0.8276 0.5172 0.0000 0.0000 0.0000
0.8276 0.5517 0.0000 0.0000 0.0000
0.8276 0.5862 0.0000 0.0000 0.0000
0.8276 0.6207 0.0000 0.0000 0.0000
0.8276 0.6552 0.0000 0.0000 0.0000
0.8276 0.6897 0.0000 0.0000 0.0000
0.8276 0.7241 0.0000 0.0000 0.0000
0.8276 0.7586 0.0000 0.0000 0.0000
0.8276 0.7931 0.0000 0.0000 0.0000
0.8276 0.8276 0.0000 0.0000 0.0000
0.8276 0.8621 0.0000 0.0000 0.0000
0.8276 0.8966 0.0000 0.0000 0.0000
0.8276 0.9310 0.0000 0.0000 0.0000
0.8276 0.9655 0.0000 0.0000 0.0000
0.8276 1.0000 0.0000 0.0000 0.0000

0.8621 0.0000 0.000000 1.000000 0.618312
0.8621 0.0345 0.299148 0.954207 0.364491
0.8621 0.0690 0.942553 0.334056 0.231365
0.8621 0.1034 0.861008 -0.508592 0.379916
0.8621 0.1379 0.685108 -0.728441 0.636611
0.8621 0.1724 0.0000 0.0000 0.0000
0.8621 0.2069 0.0000 0.0000 0.0000
0.8621 0.2414 0.0000 0.0000 0.0000
0.8621 0.2759 0.0000 0.0000 0.0000
0.8621 0.3103 0.0000 0.0000 0.0000
0.8621 0.3448 0.0000 0.0000 0.0000
0.8621 0.3793 0.0000 0.0000 0.0000
0.8621 0.4138 0.0000 0.0000 0.0000
0.8621 0.4483 0.0000 0.0000 0.0000
0.8621 0.4828 0.0000 0.0000 0.0000
0.8621 0.5172 0.0000 0.0000 0.0000
0.8621 0.5517 0.0000 0.0000 0.0000
0.8621 0.5862 0.0000 0.0000 0.0000
0.8621 0.6207 0.0000 0.0000 0.0000
0.8621 0.6552 0.0000 0.0000 0.0000
0.8621 0.6897 0.0000 0.0000 0.0000
0.8621 0.7241 0.0000 0.0000 0.0000
0.8621 0.7586 0.0000 0.0000 0.0000
0.8621 0.7931 0.0000 0.0000 0.0000
0.8621 0.8276 0.0000 0.0000 0.0000
0.8621 0.8621 0.0000 0.0000 0.0000
0.8621 0.8966 0.0000 0.0000 0.0000
0.8621 0.9310 0.0000 0.0000 0.0000
0.8621 0.9655 0.0000 0.0000 0.0000
0.8621 1.0000 0.0000 0.0000 0.0000

0.8966 0.0000 0.000000 1.000000 0.482283
0.8966 0.0345 0.492363 0.870390 0.230875
0.8966 0.0690 0.942808 -0.333336 0.241140
0.8966 0.1034 0.0000 0.0000 0.0000
0.8966 0.1379 0.0000 0.0000 0.0000
0.8966 0.1724 0.0000 0.0000 0.0000
0.8966 0.2069 0.0000 0.0000 0.0000
0.8966 0.2414 0.0000 0.0000 0.0000
0.8966 0.2759 0.0000 0.0000 0.0000
0.8966 0.3103 0.0000 0.0000 0.0000
0.8966 0.3448 0.0000 0.0000 0.0000
0.8966 0.3793 0.0000 0.0000 0.0000
0.8966 0.4138 0.0000 0.0000 0.0000
0.8966 0.4483 0.0000 0.0000 0.0000
0.8966 0.4828 0.0000 0.0000 0.0000
0.8966 0.5172 0.0000 0.0000 0.0000
0.8966 0.5517 0.0000 0.0000 0.0000
0.8966 0.5862 0.0000 0.0000 0.0000
0.8966 0.6207 0.0000 0.0000 0.0000
0.8966 0.6552 0.0000 0.0000 0.0000
0.8966 0.6897 0.0000 0.0000 0.0000
0.8966 0.7241 0.0000 0.0000 0.0000
0.8966 0.7586 0.0000 0.0000 0.0000
0.8966 0.7931 0.0000 0.0000 0.0000
0.8966 0.8276 0.0000 0.0000 0.0000
0.8966 0.8621 0.0000 0.0000 0.0000
0.8966 0.8966 0.0000 0.0000 0.0000
0.8966 0.9310 0.0000 0.0000 0.0000
0.8966 0.9655 0.0000 0.0000 0.0000
0.8966 1.0000 0.0000 0.0000 0.0000

0.9310 0.0000 0.000000 1.000000 0.333888
0.9310 0.0345 0.943043 0.332671 0.125457
0.9310 0.0690 0.686806 -0.726841 0.344527
0.9310 0.1034 0.0000 0.0000 0.0000
0.9310 0.1379 0.0000 0.0000 0.0000
0.9310 0.1724 0.0000 0.0000 0.0000
0.9310 0.2069 0.0000 0.0000 0.0000
0.9310 0.2414 0.0000 0.0000 0.0000
0.9310 0.2759 0.0000 0.0000 0.0000
0.9310 0.3103 0.0000 0.0000 0.0000
0.9310 0.3448 0.0000 0.0000 0.0000
0.9310 0.3793 0.0000 0.0000 0.0000
0.9310 0.4138 0.0000 0.0000 0.0000
0.9310 0.4483 0.0000 0.0000 0.0000
0.9310 0.4828 0.0000 0.0000 0.0000
0.9310 0.5172 0.0000 0.0000 0.0000
0.9310 0.5517 0.0000 0.0000 0.0000
0.9310 0.5862 0.0000 0.0000 0.0000
0.9310 0.6207 0.0000 0.0000 0.0000
0.9310 0.6552 0.0000 0.0000 0.0000
0.9310 0.6897 0.0000 0.0000 0.0000
0.9310 0.7241 0.0000 0.0000 0.0000
0.9310 0.7586 0.0000 0.0000 0.0000
0.9310 0.7931 0.0000 0.0000 0.0000
0.9310 0.8276 0.0000 0.0000 0.0000
0.9310 0.8621 0.0000 0.0000 0.0000
0.9310 0.8966 0.0000 0.0000 0.0000
0.9310 0.9310 0.0000 0.0000 0.0000
0.9310 0.9655 0.0000 0.0000 0.0000
0.9310 1.0000 0.0000 0.0000 0.0000

0.9655 0.0000 0.000000 1.000000 0.173127
0.9655 0.0345 0.0000 0.0000 0.0000
0.9655 0.0690 0.0000 0.0000 0.0000
0.9655 0.1034 0.0000 0.0000 0.0000
0.9655 0.1379 0.0000 0.0000 0.0000
0.9655 0.1724 0.0000 0.0000 0.0000
0.9655 0.2069 0.0000 0.0000 0.0000
0.9655 0.2414 0.0000 0.0000 0.0000
0.9655 0.2759 0.0000 0.0000 0.0000
0.9655 0.3103 0.0000 0.0000 0.0000
0.9655 0.3448 0.0000 0.0000 0.0000
0.9655 0.3793 0.0000 0.0000 0.0000
0.9655 0.4138 0.0000 0.0000 0.0000
0.9655 0.4483 0.0000 0.0000 0.0000
0.9655 0.4828 0.0000 0.0000 0.0000
0.9655 0.5172 0.0000 0.0000 0.0000
0.9655 0.5517 0.0000 0.0000 0.0000
0.9655 0.5862 0.0000 0.0000 0.0000
0.9655 0.6207 0.0000 0.0000 0.0000
0.9655 0.6552 0.0000 0.0000 0.0000
0.9655 0.6897 0.0000 0.0000 0.0000
0.9655 0.7241 0.0000 0.0000 0.0000
0.9655 0.7586 0.0000 0.0000 0.0000
0.9655 0.7931 0.0000 0.0000 0.0000
0.9655 0.8276 0.0000 0.0000 0.0000
0.9655 0.8621 0.0000 0.0000 0.0000
0.9655 0.8966 0.0000 0.0000 0.0000
0.9655 0.9310 0.0000 0.0000 0.0000
0.9655 0.9655 0.0000 0.0000 0.0000
0.9655 1.0000 0.0000 0.0000 0.0000

1.0000 0.0000 0.000000 0.000000 0.000000
1.0000 0.0345 0.0000 0.0000 0.0000
1.0000 0.0690 0.0000 0.0000 0.0000
1.0000 0.1034 0.0000 0.0000 0.0000
1.0000 0.1379 0.0000 0.0000 0.0000
1.0000 0.1724 0.0000 0.0000 0.0000
1.0000 0.2069 0.0000 0.0000 0.0000
1.0000 0.2414 0.0000 0.0000 0.0000
1.0000 0.2759 0.0000 0.0000 0.0000
1.0000 0.3103 0.0000 0.0000 0.0000
1.0000 0.3448 0.0000 0.0000 0.0000
1.0000 0.3793 0.0000 0.0000 0.0000
1.0000 0.4138 0.0000 0.0000 0.0000
1.0000 0.4483 0.0000 0.0000 0.0000
1.0000 0.4828 0.0000 0.0000 0.0000
1.0000 0.5172 0.0000 0.0000 0.0000
1.0000 0.5517 0.0000 0.0000 0.0000
1.0000 0.5862 0.0000 0.0000 0.0000
1.0000 0.6207 0.0000 0.0000 0.0000
1.0000 0.6552 0.0000 0.0000 0.0000
1.0000 0.6897 0.0000 0.0000 0.0000
1.0000 0.7241 0.0000 0.0000 0.0000
1.0000 0.7586 0.0000 0.0000 0.0000
1.0000 0.7931 0.0000 0.0000 0.0000
1.0000 0.8276 0.0000 0.0000 0.0000
1.0000 0.8621 0.0000 0.0000 0.0000
1.0000 0.8966 0.0000 0.0000 0.0000
1.0000 0.9310 0.0000 0.0000 0.0000
1.0000 0.9655 0.0000 0.0000 0.0000
1.0000 1.0000 0.0000 0.0000 0.0000

