0.0000 0.0000 0.0000 0.0000 0.0000
0.0000 0.0345 0.0000 0.0000 0.0000
0.0000 0.0690 0.0000 0.0000 0.0000
0.0000 0.1034 0.0000 0.0000 0.0000
0.0000 0.1379 0.0000 0.0000 0.0000
0.0000 0.1724 0.0000 0.0000 0.0000
0.0000 0.2069 0.0000 0.0000 0.0000
0.0000 0.2414 0.0000 0.0000 0.0000
0.0000 0.2759 0.0000 0.0000 0.0000
0.0000 0.3103 0.0000 0.0000 0.0000
0.0000 0.3448 0.0000 0.0000 0.0000
0.0000 0.3793 0.0000 0.0000 0.0000
0.0000 0.4138 0.0000 0.0000 0.0000
0.0000 0.4483 0.0000 0.0000 0.0000
0.0000 0.4828 0.0000 0.0000 0.0000
0.0000 0.5172 0.0000 0.0000 0.0000
0.0000 0.5517 0.0000 0.0000 0.0000
0.0000 0.5862 0.0000 0.0000 0.0000
0.0000 0.6207 0.0000 0.0000 0.0000
0.0000 0.6552 0.0000 0.0000 0.0000
0.0000 0.6897 0.0000 0.0000 0.0000
0.0000 0.7241 0.0000 0.0000 0.0000
0.0000 0.7586 0.0000 0.0000 0.0000
0.0000 0.7931 0.0000 0.0000 0.0000
0.0000 0.8276 0.0000 0.0000 0.0000
0.0000 0.8621 0.0000 0.0000 0.0000
0.0000 0.8966 0.0000 0.0000 0.0000
0.0000 0.9310 0.0000 0.0000 0.0000
0.0000 0.9655 0.0000 0.0000 0.0000
0.0000 1.0000 0.0000 0.0000 0.0000

0.0345 0.0000 0.0000 0.0000 0.0000
0.0345 0.0345 0.007326 0.999973 0.324622
0.0345 0.0690 0.015697 0.999877 0.303010
0.0345 0.1034 0.025351 0.999679 0.281422
0.0345 0.1379 0.036605 0.999330 0.259865
0.0345 0.1724 0.049888 0.998755 0.238347
0.0345 0.2069 0.065791 0.997833 0.216879
0.0345 0.2414 0.085160 0.996367 0.195478
0.0345 0.2759 0.109233 0.994016 0.174169
0.0345 0.3103 0.139898 0.990166 0.152991
0.0345 0.3448 0.180154 0.983638 0.132005
0.0345 0.3793 0.234989 0.971998 0.111322
0.0345 0.4138 0.313095 0.949722 0.091146
0.0345 0.4483 0.429934 0.902861 0.071908
0.0345 0.4828 0.609711 0.792624 0.054606
0.0345 0.5172 0.854968 0.518681 0.041723
0.0345 0.5517 1.000000 0.000000 0.038050
0.0345 0.5862 0.881634 -0.471934 0.045856
0.0345 0.6207 0.703189 -0.711003 0.060874
0.0345 0.6552 0.571241 -0.820783 0.079099
0.0345 0.6897 0.481549 -0.876419 0.098770
0.0345 0.7241 0.419058 -0.907959 0.119173
0.0345 0.7586 0.373733 -0.927536 0.139990
0.0345 0.7931 0.339608 -0.940567 0.161059
0.0345 0.8276 0.313095 -0.949722 0.182293
0.0345 0.8621 0.291952 -0.956433 0.203640
0.0345 0.8966 0.274721 -0.961524 0.225069
0.0345 0.9310 0.260423 -0.965495 0.246558
0.0345 0.9655 0.0000 0.0000 0.0000
0.0345 1.0000 0.0000 0.0000 0.0000

0.0690 0.0000 0.0000 0.0000 0.0000
0.0690 0.0345 0.018656 0.999826 0.624603
0.0690 0.0690 0.040066 0.999197 0.581680
0.0690 0.1034 0.064850 0.997895 0.539066
0.0690 0.1379 0.093815 0.995590 0.496840
0.0690 0.1724 0.128021 0.991771 0.455112
0.0690 0.2069 0.168868 0.985639 0.414032
0.0690 0.2414 0.218210 0.975902 0.373812
0.0690 0.2759 0.278472 0.960444 0.334764
0.0690 0.3103 0.352701 0.935736 0.297349
0.0690 0.3448 0.444310 0.895873 0.262267
0.0690 0.3793 0.555890 0.831256 0.230587
0.0690 0.4138 0.685801 0.727789 0.203898
0.0690 0.4483 0.821588 0.570082 0.184382
0.0690 0.4828 0.935091 0.354408 0.174463
0.0690 0.5172 0.994416 0.105530 0.175773
0.0690 0.5517 0.991316 -0.131501 0.188078
0.0690 0.5862 0.945807 -0.324731 0.209448
0.0690 0.6207 0.883349 -0.468716 0.237449
0.0690 0.6552 0.819935 -0.572457 0.270025
0.0690 0.6897 0.762323 -0.647197 0.305718
0.0690 0.7241 0.712279 -0.701896 0.343557
0.0690 0.7586 0.669514 -0.742800 0.382907
0.0690 0.7931 0.633085 -0.774082 0.423347
0.0690 0.8276 0.601964 -0.798523 0.464591
0.0690 0.8621 0.575226 -0.817995 0.506444
0.0690 0.8966 0.552097 -0.833780 0.548767
0.0690 0.9310 0.0000 0.0000 0.0000
0.0690 0.9655 0.0000 0.0000 0.0000
0.0690 1.0000 0.0000 0.0000 0.0000

0.1034 0.0000 0.0000 0.0000 0.0000
0.1034 0.0345 0.023256 0.999730 0.899887
0.1034 0.0690 0.050080 0.998745 0.835769
0.1034 0.1034 0.081287 0.996691 0.772354
0.1034 0.1379 0.117930 0.993022 0.709828
0.1034 0.1724 0.161365 0.986895 0.648451
0.1034 0.2069 0.213335 0.976979 0.588579
0.1034 0.2414 0.276023 0.961151 0.530725
0.1034 0.2759 0.352000 0.936000 0.475624
0.1034 0.3103 0.443848 0.896102 0.424351
0.1034 0.3448 0.552959 0.833209 0.378463
0.1034 0.3793 0.676769 0.736196 0.340149
0.1034 0.4138 0.804366 0.594134 0.312208
0.1034 0.4483 0.914239 0.405174 0.297577
0.1034 0.4828 0.982436 0.186599 0.298222
0.1034 0.5172 0.999564 -0.029533 0.314049
0.1034 0.5517 0.976317 -0.216343 0.342962
0.1034 0.5862 0.931325 -0.364188 0.382001
0.1034 0.6207 0.879292 -0.476283 0.428407
0.1034 0.6552 0.828297 -0.560289 0.480048
0.1034 0.6897 0.781735 -0.623611 0.535411
0.1034 0.7241 0.740538 -0.672014 0.593456
0.1034 0.7586 0.704555 -0.709650 0.653468
0.1034 0.7931 0.673236 -0.739428 0.714953
0.1034 0.8276 0.645942 -0.763386 0.777561
0.1034 0.8621 0.622071 -0.782961 0.841040
0.1034 0.8966 0.0000 0.0000 0.0000
0.1034 0.9310 0.0000 0.0000 0.0000
0.1034 0.9655 0.0000 0.0000 0.0000
0.1034 1.0000 0.0000 0.0000 0.0000

0.1379 0.0000 0.0000 0.0000 0.0000
0.1379 0.0345 0.026252 0.999655 1.150456
0.1379 0.0690 0.056706 0.998391 1.065210
0.1379 0.1034 0.092350 0.995727 0.981125
0.1379 0.1379 0.134452 0.990920 0.898527
0.1379 0.1724 0.184640 0.982806 0.817867
0.1379 0.2069 0.244955 0.969534 0.739779
0.1379 0.2414 0.317836 0.948146 0.665170
0.1379 0.2759 0.405842 0.913943 0.595348
0.1379 0.3103 0.510745 0.859732 0.532201
0.1379 0.3448 0.631341 0.775505 0.478381
0.1379 0.3793 0.759640 0.650343 0.437343
0.1379 0.4138 0.877719 0.479175 0.412917
0.1379 0.4483 0.962094 0.272719 0.408097
0.1379 0.4828 0.998294 0.058393 0.423553
0.1379 0.5172 0.990814 -0.135229 0.457232
0.1379 0.5517 0.955942 -0.293557 0.505506
0.1379 0.5862 0.909311 -0.416118 0.564644
0.1379 0.6207 0.860732 -0.509059 0.631601
0.1379 0.6552 0.814941 -0.579544 0.704150
0.1379 0.6897 0.773686 -0.633569 0.780734
0.1379 0.7241 0.737257 -0.675612 0.860276
0.1379 0.7586 0.705337 -0.708872 0.942027
0.1379 0.7931 0.677403 -0.735612 1.025459
0.1379 0.8276 0.652906 -0.757439 1.110193
0.1379 0.8621 0.0000 0.0000 0.0000
0.1379 0.8966 0.0000 0.0000 0.0000
0.1379 0.9310 0.0000 0.0000 0.0000
0.1379 0.9655 0.0000 0.0000 0.0000
0.1379 1.0000 0.0000 0.0000 0.0000

0.1724 0.0000 0.0000 0.0000 0.0000
0.1724 0.0345 0.028683 0.999589 1.376309
0.1724 0.0690 0.062168 0.998066 1.269995
0.1724 0.1034 0.101625 0.994823 1.165368
0.1724 0.1379 0.148559 0.988904 1.062924
0.1724 0.1724 0.204891 0.978785 0.963363
0.1724 0.2069 0.272983 0.962019 0.867676
0.1724 0.2414 0.355512 0.934672 0.777295
0.1724 0.2759 0.454870 0.890558 0.694297
0.1724 0.3103 0.571535 0.820578 0.621644
0.1724 0.3448 0.700746 0.713410 0.563354
0.1724 0.3793 0.828333 0.560236 0.524240
0.1724 0.4138 0.931160 0.364611 0.508744
0.1724 0.4483 0.988849 0.148923 0.518986
0.1724 0.4828 0.998439 -0.055851 0.553539
0.1724 0.5172 0.973494 -0.228712 0.608275
0.1724 0.5517 0.931160 -0.364611 0.678325
0.1724 0.5862 0.883658 -0.468132 0.759463
0.1724 0.6207 0.837443 -0.546524 0.848514
0.1724 0.6552 0.795194 -0.606355 0.943240
0.1724 0.6897 0.757643 -0.652669 1.042095
0.1724 0.7241 0.724657 -0.689110 1.144008
0.1724 0.7586 0.695777 -0.718258 1.248231
0.1724 0.7931 0.670467 -0.741939 1.354230
0.1724 0.8276 0.0000 0.0000 0.0000
0.1724 0.8621 0.0000 0.0000 0.0000
0.1724 0.8966 0.0000 0.0000 0.0000
0.1724 0.9310 0.0000 0.0000 0.0000
0.1724 0.9655 0.0000 0.0000 0.0000
0.1724 1.0000 0.0000 0.0000 0.0000

0.2069 0.0000 0.0000 0.0000 0.0000
0.2069 0.0345 0.030905 0.999522 1.577448
0.2069 0.0690 0.067237 0.997737 1.450131
0.2069 0.1034 0.110372 0.993890 1.325100
0.2069 0.1379 0.162091 0.986776 1.203068
0.2069 0.1724 0.224651 0.974439 1.085047
0.2069 0.2069 0.300780 0.953693 0.972500
0.2069 0.2414 0.393357 0.919386 0.867559
0.2069 0.2759 0.504330 0.863511 0.773327
0.2069 0.3103 0.632062 0.774918 0.694178
0.2069 0.3448 0.766809 0.641875 0.635771
0.2069 0.3793 0.887635 0.460547 0.604152
0.2069 0.4138 0.969302 0.245872 0.603545
0.2069 0.4483 0.999572 0.029256 0.634041
0.2069 0.4828 0.986964 -0.160940 0.691536
0.2069 0.5172 0.949698 -0.313169 0.770005
0.2069 0.5517 0.903064 -0.429506 0.863753
0.2069 0.5862 0.855863 -0.517202 0.968350
0.2069 0.6207 0.812035 -0.583609 1.080652
0.2069 0.6552 0.772869 -0.634566 1.198494
0.2069 0.6897 0.738439 -0.674321 1.320394
0.2069 0.7241 0.708340 -0.705872 1.445325
0.2069 0.7586 0.682027 -0.731327 1.572566
0.2069 0.7931 0.0000 0.0000 0.0000
0.2069 0.8276 0.0000 0.0000 0.0000
0.2069 0.8621 0.0000 0.0000 0.0000
0.2069 0.8966 0.0000 0.0000 0.0000
0.2069 0.9310 0.0000 0.0000 0.0000
0.2069 0.9655 0.0000 0.0000 0.0000
0.2069 1.0000 0.0000 0.0000 0.0000

0.2414 0.0000 0.0000 0.0000 0.0000
0.2414 0.0345 0.033085 0.999453 1.753873
0.2414 0.0690 0.072279 0.997384 1.605626
0.2414 0.1034 0.119203 0.992870 1.460353
0.2414 0.1379 0.175965 0.984396 1.319036
0.2414 0.1724 0.245231 0.969465 1.183094
0.2414 0.2069 0.330129 0.943936 1.054607
0.2414 0.2414 0.433655 0.901079 0.936650
0.2414 0.2759 0.556805 0.830643 0.833702
0.2414 0.3103 0.694504 0.719489 0.751954
0.2414 0.3448 0.830266 0.557367 0.698886
0.2414 0.3793 0.936959 0.349440 0.681233
0.2414 0.4138 0.992361 0.123367 0.701674
0.2414 0.4483 0.996317 -0.085749 0.757129
0.2414 0.4828 0.966301 -0.257416 0.840697
0.2414 0.5172 0.921099 -0.389328 0.944950
0.2414 0.5517 0.872719 -0.488222 1.063823
0.2414 0.5862 0.826893 -0.562359 1.192953
0.2414 0.6207 0.785697 -0.618611 1.329356
0.2414 0.6552 0.749484 -0.662023 1.471008
0.2414 0.6897 0.717909 -0.696137 1.616532
0.2414 0.7241 0.690408 -0.723420 1.764969
0.2414 0.7586 0.0000 0.0000 0.0000
0.2414 0.7931 0.0000 0.0000 0.0000
0.2414 0.8276 0.0000 0.0000 0.0000
0.2414 0.8621 0.0000 0.0000 0.0000
0.2414 0.8966 0.0000 0.0000 0.0000
0.2414 0.9310 0.0000 0.0000 0.0000
0.2414 0.9655 0.0000 0.0000 0.0000
0.2414 1.0000 0.0000 0.0000 0.0000

0.2759 0.0000 0.0000 0.0000 0.0000
0.2759 0.0345 0.035318 0.999376 1.905588
0.2759 0.0690 0.077513 0.996991 1.736497
0.2759 0.1034 0.128504 0.991709 1.571172
0.2759 0.1379 0.190797 0.981629 1.410938
0.2759 0.1724 0.267546 0.963545 1.257742
0.2759 0.2069 0.362323 0.932053 1.114490
0.2759 0.2414 0.478023 0.878347 0.985529
0.2759 0.2759 0.613790 0.789469 0.877183
0.2759 0.3103 0.759130 0.650939 0.797897
0.2759 0.3448 0.889215 0.457490 0.756857
0.2759 0.3793 0.973728 0.227714 0.760283
0.2759 0.4138 1.000000 0.000000 0.807610
0.2759 0.4483 0.980979 -0.194116 0.891876
0.2759 0.4828 0.938626 -0.344937 1.003820
0.2759 0.5172 0.889215 -0.457490 1.135285
0.2759 0.5517 0.841082 -0.540908 1.280272
0.2759 0.5862 0.797467 -0.603363 1.434686
0.2759 0.6207 0.759130 -0.650939 1.595793
0.2759 0.6552 0.725818 -0.687887 1.761759
0.2759 0.6897 0.696938 -0.717132 1.931330
0.2759 0.7241 0.0000 0.0000 0.0000
0.2759 0.7586 0.0000 0.0000 0.0000
0.2759 0.7931 0.0000 0.0000 0.0000
0.2759 0.8276 0.0000 0.0000 0.0000
0.2759 0.8621 0.0000 0.0000 0.0000
0.2759 0.8966 0.0000 0.0000 0.0000
0.2759 0.9310 0.0000 0.0000 0.0000
0.2759 0.9655 0.0000 0.0000 0.0000
0.2759 1.0000 0.0000 0.0000 0.0000

0.3103 0.0000 0.0000 0.0000 0.0000
0.3103 0.0345 0.037674 0.999290 2.032596
0.3103 0.0690 0.083110 0.996540 1.842760
0.3103 0.1034 0.138589 0.990350 1.657613
0.3103 0.1379 0.207113 0.978317 1.478916
0.3103 0.1724 0.292426 0.956288 1.309313
0.3103 0.2069 0.398545 0.917149 1.152826
0.3103 0.2414 0.527829 0.849351 1.015534
0.3103 0.2759 0.676010 0.736893 0.906206
0.3103 0.3103 0.824490 0.565877 0.835886
0.3103 0.3448 0.939879 0.341509 0.814738
0.3103 0.3793 0.995126 0.098614 0.846456
0.3103 0.4138 0.992745 -0.120239 0.925622
0.3103 0.4483 0.955843 -0.293877 1.041470
0.3103 0.4828 0.906008 -0.423260 1.183275
0.3103 0.5172 0.855376 -0.518007 1.342839
0.3103 0.5517 0.808953 -0.587873 1.514560
0.3103 0.5862 0.768129 -0.640295 1.694746
0.3103 0.6207 0.732793 -0.680451 1.880965
0.3103 0.6552 0.702327 -0.711855 2.071592
0.3103 0.6897 0.0000 0.0000 0.0000
0.3103 0.7241 0.0000 0.0000 0.0000
0.3103 0.7586 0.0000 0.0000 0.0000
0.3103 0.7931 0.0000 0.0000 0.0000
0.3103 0.8276 0.0000 0.0000 0.0000
0.3103 0.8621 0.0000 0.0000 0.0000
0.3103 0.8966 0.0000 0.0000 0.0000
0.3103 0.9310 0.0000 0.0000 0.0000
0.3103 0.9655 0.0000 0.0000 0.0000
0.3103 1.0000 0.0000 0.0000 0.0000

0.3448 0.0000 0.0000 0.0000 0.0000
0.3448 0.0345 0.040213 0.999191 2.134902
0.3448 0.0690 0.089221 0.996012 1.924441
0.3448 0.1034 0.149760 0.988722 1.719752
0.3448 0.1379 0.225452 0.974254 1.523163
0.3448 0.1724 0.320756 0.947162 1.338249
0.3448 0.2069 0.440048 0.897974 1.170557
0.3448 0.2414 0.584274 0.811556 1.028543
0.3448 0.2759 0.743192 0.669078 0.924124
0.3448 0.3103 0.887159 0.461464 0.870928
0.3448 0.3448 0.977444 0.211193 0.878313
0.3448 0.3793 0.999465 -0.032720 0.944858
0.3448 0.4138 0.972371 -0.233441 1.059474
0.3448 0.4483 0.923455 -0.383707 1.208562
0.3448 0.4828 0.870313 -0.492500 1.381001
0.3448 0.5172 0.820689 -0.571375 1.569112
0.3448 0.5517 0.776969 -0.629539 1.767899
0.3448 0.5862 0.739286 -0.673392 1.974140
0.3448 0.6207 0.706998 -0.707216 2.185725
0.3448 0.6552 0.0000 0.0000 0.0000
0.3448 0.6897 0.0000 0.0000 0.0000
0.3448 0.7241 0.0000 0.0000 0.0000
0.3448 0.7586 0.0000 0.0000 0.0000
0.3448 0.7931 0.0000 0.0000 0.0000
0.3448 0.8276 0.0000 0.0000 0.0000
0.3448 0.8621 0.0000 0.0000 0.0000
0.3448 0.8966 0.0000 0.0000 0.0000
0.3448 0.9310 0.0000 0.0000 0.0000
0.3448 0.9655 0.0000 0.0000 0.0000
0.3448 1.0000 0.0000 0.0000 0.0000

0.3793 0.0000 0.0000 0.0000 0.0000
0.3793 0.0345 0.042994 0.999075 2.212510
0.3793 0.0690 0.096010 0.995380 1.981568
0.3793 0.1034 0.162358 0.986732 1.757685
0.3793 0.1379 0.246448 0.969156 1.543935
0.3793 0.1724 0.353583 0.935403 1.345157
0.3793 0.2069 0.488232 0.872714 1.169013
0.3793 0.2414 0.648233 0.761442 1.027214
0.3793 0.2759 0.813459 0.581623 0.935510
0.3793 0.3103 0.941635 0.336635 0.909188
0.3793 0.3448 0.997454 0.071318 0.953677
0.3793 0.3793 0.987053 -0.160396 1.060099
0.3793 0.4138 0.941635 -0.336635 1.212251
0.3793 0.4483 0.886308 -0.463096 1.395252
0.3793 0.4828 0.833102 -0.553120 1.598542
0.3793 0.5172 0.786018 -0.618203 1.815318
0.3793 0.5517 0.745607 -0.666386 2.041287
0.3793 0.5862 0.711226 -0.702963 2.273711
0.3793 0.6207 0.0000 0.0000 0.0000
0.3793 0.6552 0.0000 0.0000 0.0000
0.3793 0.6897 0.0000 0.0000 0.0000
0.3793 0.7241 0.0000 0.0000 0.0000
0.3793 0.7586 0.0000 0.0000 0.0000
0.3793 0.7931 0.0000 0.0000 0.0000
0.3793 0.8276 0.0000 0.0000 0.0000
0.3793 0.8621 0.0000 0.0000 0.0000
0.3793 0.8966 0.0000 0.0000 0.0000
0.3793 0.9310 0.0000 0.0000 0.0000
0.3793 0.9655 0.0000 0.0000 0.0000
0.3793 1.0000 0.0000 0.0000 0.0000

0.4138 0.0000 0.0000 0.0000 0.0000
0.4138 0.0345 0.046084 0.998938 2.265427
0.4138 0.0690 0.103664 0.994612 2.014181
0.4138 0.1034 0.176794 0.984248 1.771544
0.4138 0.1379 0.270889 0.962611 1.541587
0.4138 0.1724 0.392215 0.919874 1.330897
0.4138 0.2069 0.544639 0.838670 1.150113
0.4138 0.2414 0.719757 0.694227 1.015339
0.4138 0.2759 0.882464 0.470380 0.946436
0.4138 0.3103 0.981065 0.193680 0.957731
0.4138 0.3448 0.997484 -0.070892 1.046629
0.4138 0.3793 0.960238 -0.279183 1.195948
0.4138 0.4138 0.903696 -0.428175 1.386301
0.4138 0.4483 0.846587 -0.532251 1.603136
0.4138 0.4828 0.795598 -0.605825 1.837100
0.4138 0.5172 0.752003 -0.659159 2.082428
0.4138 0.5517 0.715206 -0.698914 2.335541
0.4138 0.5862 0.684148 -0.729343 2.594162
0.4138 0.6207 0.0000 0.0000 0.0000
0.4138 0.6552 0.0000 0.0000 0.0000
0.4138 0.6897 0.0000 0.0000 0.0000
0.4138 0.7241 0.0000 0.0000 0.0000
0.4138 0.7586 0.0000 0.0000 0.0000
0.4138 0.7931 0.0000 0.0000 0.0000
0.4138 0.8276 0.0000 0.0000 0.0000
0.4138 0.8621 0.0000 0.0000 0.0000
0.4138 0.8966 0.0000 0.0000 0.0000
0.4138 0.9310 0.0000 0.0000 0.0000
0.4138 0.9655 0.0000 0.0000 0.0000
0.4138 1.0000 0.0000 0.0000 0.0000

0.4483 0.0000 0.0000 0.0000 0.0000
0.4483 0.0345 0.049560 0.998771 2.293663
0.4483 0.0690 0.112419 0.993661 2.022332
0.4483 0.1034 0.193597 0.981081 1.761507
0.4483 0.1379 0.299810 0.953999 1.516615
0.4483 0.1724 0.438315 0.898821 1.296717
0.4483 0.2069 0.610781 0.791800 1.116678
0.4483 0.2414 0.797075 0.603881 0.998300
0.4483 0.2759 0.942808 0.333336 0.964559
0.4483 0.3103 0.999229 0.039254 1.023857
0.4483 0.3448 0.978232 -0.207516 1.162038
0.4483 0.3793 0.922692 -0.385537 1.355182
0.4483 0.4138 0.861548 -0.507676 1.583302
0.4483 0.4483 0.806030 -0.591875 1.833388
0.4483 0.4828 0.758696 -0.651445 2.097597
0.4483 0.5172 0.719089 -0.694918 2.371214
0.4483 0.5517 0.0000 0.0000 0.0000
0.4483 0.5862 0.0000 0.0000 0.0000
0.4483 0.6207 0.0000 0.0000 0.0000
0.4483 0.6552 0.0000 0.0000 0.0000
0.4483 0.6897 0.0000 0.0000 0.0000
0.4483 0.7241 0.0000 0.0000 0.0000
0.4483 0.7586 0.0000 0.0000 0.0000
0.4483 0.7931 0.0000 0.0000 0.0000
0.4483 0.8276 0.0000 0.0000 0.0000
0.4483 0.8621 0.0000 0.0000 0.0000
0.4483 0.8966 0.0000 0.0000 0.0000
0.4483 0.9310 0.0000 0.0000 0.0000
0.4483 0.9655 0.0000 0.0000 0.0000
0.4483 1.0000 0.0000 0.0000 0.0000

0.4828 0.0000 0.0000 0.0000 0.0000
0.4828 0.0345 0.053521 0.998567 2.297228
0.4828 0.0690 0.122576 0.992459 2.006091
0.4828 0.1034 0.213475 0.976948 1.727819
0.4828 0.1379 0.334614 0.942355 1.469741
0.4828 0.1724 0.493977 0.869475 1.244481
0.4828 0.2069 0.687560 0.726127 1.072914
0.4828 0.2414 0.875034 0.484061 0.983553
0.4828 0.2759 0.984860 0.173351 0.998711
0.4828 0.3103 0.993186 -0.116544 1.114132
0.4828 0.3448 0.943259 -0.332057 1.303447
0.4828 0.3793 0.878415 -0.477900 1.539635
0.4828 0.4138 0.817669 -0.575689 1.804382
0.4828 0.4483 0.765909 -0.642949 2.086847
0.4828 0.4828 0.723006 -0.690842 2.380732
0.4828 0.5172 0.0000 0.0000 0.0000
0.4828 0.5517 0.0000 0.0000 0.0000
0.4828 0.5862 0.0000 0.0000 0.0000
0.4828 0.6207 0.0000 0.0000 0.0000
0.4828 0.6552 0.0000 0.0000 0.0000
0.4828 0.6897 0.0000 0.0000 0.0000
0.4828 0.7241 0.0000 0.0000 0.0000
0.4828 0.7586 0.0000 0.0000 0.0000
0.4828 0.7931 0.0000 0.0000 0.0000
0.4828 0.8276 0.0000 0.0000 0.0000
0.4828 0.8621 0.0000 0.0000 0.0000
0.4828 0.8966 0.0000 0.0000 0.0000
0.4828 0.9310 0.0000 0.0000 0.0000
0.4828 0.9655 0.0000 0.0000 0.0000
0.4828 1.0000 0.0000 0.0000 0.0000

0.5172 0.0000 0.0000 0.0000 0.0000
0.5172 0.0345 0.058091 0.998311 2.276139
0.5172 0.0690 0.134541 0.990908 1.965552
0.5172 0.1034 0.237408 0.971410 1.670837
0.5172 0.1379 0.377232 0.926119 1.402039
0.5172 0.1724 0.561674 0.827358 1.177048
0.5172 0.2069 0.773895 0.633314 1.025127
0.5172 0.2414 0.943646 0.330955 0.980839
0.5172 0.2759 1.000000 0.000000 1.057788
0.5172 0.3103 0.964750 -0.263166 1.233492
0.5172 0.3448 0.897633 -0.440744 1.473025
0.5172 0.3793 0.830941 -0.556361 1.750376
0.5172 0.4138 0.773895 -0.633314 2.050255
0.5172 0.4483 0.727086 -0.686547 2.364104
0.5172 0.4828 0.0000 0.0000 0.0000
0.5172 0.5172 0.0000 0.0000 0.0000
0.5172 0.5517 0.0000 0.0000 0.0000
0.5172 0.5862 0.0000 0.0000 0.0000
0.5172 0.6207 0.0000 0.0000 0.0000
0.5172 0.6552 0.0000 0.0000 0.0000
0.5172 0.6897 0.0000 0.0000 0.0000
0.5172 0.7241 0.0000 0.0000 0.0000
0.5172 0.7586 0.0000 0.0000 0.0000
0.5172 0.7931 0.0000 0.0000 0.0000
0.5172 0.8276 0.0000 0.0000 0.0000
0.5172 0.8621 0.0000 0.0000 0.0000
0.5172 0.8966 0.0000 0.0000 0.0000
0.5172 0.9310 0.0000 0.0000 0.0000
0.5172 0.9655 0.0000 0.0000 0.0000
0.5172 1.0000 0.0000 0.0000 0.0000

0.5517 0.0000 0.0000 0.0000 0.0000
0.5517 0.0345 0.063440 0.997986 2.230414
0.5517 0.0690 0.148879 0.988855 1.900851
0.5517 0.1034 0.266796 0.963753 1.591085
0.5517 0.1379 0.430355 0.902660 1.315178
0.5517 0.1724 0.643796 0.765197 1.098937
0.5517 0.2069 0.864042 0.503420 0.982579
0.5517 0.2414 0.988962 0.148166 1.001542
0.5517 0.2759 0.985066 -0.172180 1.149148
0.5517 0.3103 0.919580 -0.392904 1.384854
0.5517 0.3448 0.846380 -0.532579 1.671805
0.5517 0.3793 0.782965 -0.622066 1.987931
0.5517 0.4138 0.731464 -0.681880 2.321343
0.5517 0.4483 0.0000 0.0000 0.0000
0.5517 0.4828 0.0000 0.0000 0.0000
0.5517 0.5172 0.0000 0.0000 0.0000
0.5517 0.5517 0.0000 0.0000 0.0000
0.5517 0.5862 0.0000 0.0000 0.0000
0.5517 0.6207 0.0000 0.0000 0.0000
0.5517 0.6552 0.0000 0.0000 0.0000
0.5517 0.6897 0.0000 0.0000 0.0000
0.5517 0.7241 0.0000 0.0000 0.0000
0.5517 0.7586 0.0000 0.0000 0.0000
0.5517 0.7931 0.0000 0.0000 0.0000
0.5517 0.8276 0.0000 0.0000 0.0000
0.5517 0.8621 0.0000 0.0000 0.0000
0.5517 0.8966 0.0000 0.0000 0.0000
0.5517 0.9310 0.0000 0.0000 0.0000
0.5517 0.9655 0.0000 0.0000 0.0000
0.5517 1.0000 0.0000 0.0000 0.0000

0.5862 0.0000 0.0000 0.0000 0.0000
0.5862 0.0345 0.069800 0.997561 2.160084
0.5862 0.0690 0.166399 0.986059 1.812185
0.5862 0.1034 0.303698 0.952768 1.489370
0.5862 0.1379 0.497660 0.867372 1.211855
0.5862 0.1724 0.740965 0.671543 1.017409
0.5862 0.2069 0.944276 0.329156 0.958023
0.5862 0.2414 0.998762 -0.049736 1.056718
0.5862 0.2759 0.944276 -0.329156 1.277364
0.5862 0.3103 0.864668 -0.502344 1.569338
0.5862 0.3448 0.793526 -0.608537 1.900038
0.5862 0.3793 0.736303 -0.676652 2.252471
0.5862 0.4138 0.691124 -0.722737 2.617874
0.5862 0.4483 0.0000 0.0000 0.0000
0.5862 0.4828 0.0000 0.0000 0.0000
0.5862 0.5172 0.0000 0.0000 0.0000
0.5862 0.5517 0.0000 0.0000 0.0000
0.5862 0.5862 0.0000 0.0000 0.0000
0.5862 0.6207 0.0000 0.0000 0.0000
0.5862 0.6552 0.0000 0.0000 0.0000
0.5862 0.6897 0.0000 0.0000 0.0000
0.5862 0.7241 0.0000 0.0000 0.0000
0.5862 0.7586 0.0000 0.0000 0.0000
0.5862 0.7931 0.0000 0.0000 0.0000
0.5862 0.8276 0.0000 0.0000 0.0000
0.5862 0.8621 0.0000 0.0000 0.0000
0.5862 0.8966 0.0000 0.0000 0.0000
0.5862 0.9310 0.0000 0.0000 0.0000
0.5862 0.9655 0.0000 0.0000 0.0000
0.5862 1.0000 0.0000 0.0000 0.0000

0.6207 0.0000 0.0000 0.0000 0.0000
0.6207 0.0345 0.077498 0.996993 2.065188
0.6207 0.0690 0.188308 0.982110 1.699851
0.6207 0.1034 0.351238 0.936286 1.367002
0.6207 0.1379 0.583779 0.811913 1.096631
0.6207 0.1724 0.847673 0.530520 0.944041
0.6207 0.2069 0.993351 0.115128 0.966713
0.6207 0.2414 0.970517 -0.241033 1.154367
0.6207 0.2759 0.886655 -0.462431 1.444057
0.6207 0.3103 0.806138 -0.591727 1.786825
0.6207 0.3448 0.741813 -0.670607 2.157520
0.6207 0.3793 0.0000 0.0000 0.0000
0.6207 0.4138 0.0000 0.0000 0.0000
0.6207 0.4483 0.0000 0.0000 0.0000
0.6207 0.4828 0.0000 0.0000 0.0000
0.6207 0.5172 0.0000 0.0000 0.0000
0.6207 0.5517 0.0000 0.0000 0.0000
0.6207 0.5862 0.0000 0.0000 0.0000
0.6207 0.6207 0.0000 0.0000 0.0000
0.6207 0.6552 0.0000 0.0000 0.0000
0.6207 0.6897 0.0000 0.0000 0.0000
0.6207 0.7241 0.0000 0.0000 0.0000
0.6207 0.7586 0.0000 0.0000 0.0000
0.6207 0.7931 0.0000 0.0000 0.0000
0.6207 0.8276 0.0000 0.0000 0.0000
0.6207 0.8621 0.0000 0.0000 0.0000
0.6207 0.8966 0.0000 0.0000 0.0000
0.6207 0.9310 0.0000 0.0000 0.0000
0.6207 0.9655 0.0000 0.0000 0.0000
0.6207 1.0000 0.0000 0.0000 0.0000

0.6552 0.0000 0.0000 0.0000 0.0000
0.6552 0.0345 0.087020 0.996207 1.945788
0.6552 0.0690 0.216480 0.976287 1.564324
0.6552 0.1034 0.414256 0.910160 1.226215
0.6552 0.1379 0.692856 0.721076 0.977532
0.6552 0.1724 0.944765 0.327749 0.896108
0.6552 0.2069 0.993380 -0.114871 1.022703
0.6552 0.2414 0.913274 -0.407345 1.297809
0.6552 0.2759 0.821610 -0.570050 1.648687
0.6552 0.3103 0.748278 -0.663385 2.036542
0.6552 0.3448 0.0000 0.0000 0.0000
0.6552 0.3793 0.0000 0.0000 0.0000
0.6552 0.4138 0.0000 0.0000 0.0000
0.6552 0.4483 0.0000 0.0000 0.0000
0.6552 0.4828 0.0000 0.0000 0.0000
0.6552 0.5172 0.0000 0.0000 0.0000
0.6552 0.5517 0.0000 0.0000 0.0000
0.6552 0.5862 0.0000 0.0000 0.0000
0.6552 0.6207 0.0000 0.0000 0.0000
0.6552 0.6552 0.0000 0.0000 0.0000
0.6552 0.6897 0.0000 0.0000 0.0000
0.6552 0.7241 0.0000 0.0000 0.0000
0.6552 0.7586 0.0000 0.0000 0.0000
0.6552 0.7931 0.0000 0.0000 0.0000
0.6552 0.8276 0.0000 0.0000 0.0000
0.6552 0.8621 0.0000 0.0000 0.0000
0.6552 0.8966 0.0000 0.0000 0.0000
0.6552 0.9310 0.0000 0.0000 0.0000
0.6552 0.9655 0.0000 0.0000 0.0000
0.6552 1.0000 0.0000 0.0000 0.0000

0.6897 0.0000 0.0000 0.0000 0.0000
0.6897 0.0345 0.099112 0.995076 1.801976
0.6897 0.0690 0.253977 0.967210 1.406401
0.6897 0.1034 0.500222 0.865897 1.071106
0.6897 0.1379 0.822153 0.569267 0.868923
0.6897 0.1724 0.997611 0.069076 0.895123
0.6897 0.2069 0.944971 -0.327154 1.133983
0.6897 0.2414 0.841142 -0.540814 1.486287
0.6897 0.2759 0.756121 -0.654432 1.889613
0.6897 0.3103 0.0000 0.0000 0.0000
0.6897 0.3448 0.0000 0.0000 0.0000
0.6897 0.3793 0.0000 0.0000 0.0000
0.6897 0.4138 0.0000 0.0000 0.0000
0.6897 0.4483 0.0000 0.0000 0.0000
0.6897 0.4828 0.0000 0.0000 0.0000
0.6897 0.5172 0.0000 0.0000 0.0000
0.6897 0.5517 0.0000 0.0000 0.0000
0.6897 0.5862 0.0000 0.0000 0.0000
0.6897 0.6207 0.0000 0.0000 0.0000
0.6897 0.6552 0.0000 0.0000 0.0000
0.6897 0.6897 0.0000 0.0000 0.0000
0.6897 0.7241 0.0000 0.0000 0.0000
0.6897 0.7586 0.0000 0.0000 0.0000
0.6897 0.7931 0.0000 0.0000 0.0000
0.6897 0.8276 0.0000 0.0000 0.0000
0.6897 0.8621 0.0000 0.0000 0.0000
0.6897 0.8966 0.0000 0.0000 0.0000
0.6897 0.9310 0.0000 0.0000 0.0000
0.6897 0.9655 0.0000 0.0000 0.0000
0.6897 1.0000 0.0000 0.0000 0.0000

0.7241 0.0000 0.0000 0.0000 0.0000
0.7241 0.0345 0.114983 0.993367 1.633905
0.7241 0.0690 0.306097 0.952000 1.227530
0.7241 0.1034 0.619517 0.784983 0.909765
0.7241 0.1379 0.945157 0.326617 0.795092
0.7241 0.1724 0.979174 -0.203024 0.959337
0.7241 0.2069 0.866551 -0.499089 1.300824
0.7241 0.2414 0.765991 -0.642851 1.716862
0.7241 0.2759 0.0000 0.0000 0.0000
0.7241 0.3103 0.0000 0.0000 0.0000
0.7241 0.3448 0.0000 0.0000 0.0000
0.7241 0.3793 0.0000 0.0000 0.0000
0.7241 0.4138 0.0000 0.0000 0.0000
0.7241 0.4483 0.0000 0.0000 0.0000
0.7241 0.4828 0.0000 0.0000 0.0000
0.7241 0.5172 0.0000 0.0000 0.0000
0.7241 0.5517 0.0000 0.0000 0.0000
0.7241 0.5862 0.0000 0.0000 0.0000
0.7241 0.6207 0.0000 0.0000 0.0000
0.7241 0.6552 0.0000 0.0000 0.0000
0.7241 0.6897 0.0000 0.0000 0.0000
0.7241 0.7241 0.0000 0.0000 0.0000
0.7241 0.7586 0.0000 0.0000 0.0000
0.7241 0.7931 0.0000 0.0000 0.0000
0.7241 0.8276 0.0000 0.0000 0.0000
0.7241 0.8621 0.0000 0.0000 0.0000
0.7241 0.8966 0.0000 0.0000 0.0000
0.7241 0.9310 0.0000 0.0000 0.0000
0.7241 0.9655 0.0000 0.0000 0.0000
0.7241 1.0000 0.0000 0.0000 0.0000

0.7586 0.0000 0.0000 0.0000 0.0000
0.7586 0.0345 0.136732 0.990608 1.441841
0.7586 0.0690 0.382583 0.923921 1.030607
0.7586 0.1034 0.778971 0.627060 0.759257
0.7586 0.1379 1.000000 0.000000 0.788585
0.7586 0.1724 0.900469 -0.434919 1.094686
0.7586 0.2069 0.778971 -0.627060 1.518514
0.7586 0.2414 0.694849 -0.719156 1.986078
0.7586 0.2759 0.0000 0.0000 0.0000
0.7586 0.3103 0.0000 0.0000 0.0000
0.7586 0.3448 0.0000 0.0000 0.0000
0.7586 0.3793 0.0000 0.0000 0.0000
0.7586 0.4138 0.0000 0.0000 0.0000
0.7586 0.4483 0.0000 0.0000 0.0000
0.7586 0.4828 0.0000 0.0000 0.0000
0.7586 0.5172 0.0000 0.0000 0.0000
0.7586 0.5517 0.0000 0.0000 0.0000
0.7586 0.5862 0.0000 0.0000 0.0000
0.7586 0.6207 0.0000 0.0000 0.0000
0.7586 0.6552 0.0000 0.0000 0.0000
0.7586 0.6897 0.0000 0.0000 0.0000
0.7586 0.7241 0.0000 0.0000 0.0000
0.7586 0.7586 0.0000 0.0000 0.0000
0.7586 0.7931 0.0000 0.0000 0.0000
0.7586 0.8276 0.0000 0.0000 0.0000
0.7586 0.8621 0.0000 0.0000 0.0000
0.7586 0.8966 0.0000 0.0000 0.0000
0.7586 0.9310 0.0000 0.0000 0.0000
0.7586 0.9655 0.0000 0.0000 0.0000
0.7586 1.0000 0.0000 0.0000 0.0000

0.7931 0.0000 0.0000 0.0000 0.0000
0.7931 0.0345 0.168329 0.985731 1.226297
0.7931 0.0690 0.502108 0.864805 0.822218
0.7931 0.1034 0.945477 0.325689 0.654974
0.7931 0.1379 0.945477 -0.325689 0.873298
0.7931 0.1724 0.796993 -0.603988 1.294998
0.7931 0.2069 0.0000 0.0000 0.0000
0.7931 0.2414 0.0000 0.0000 0.0000
0.7931 0.2759 0.0000 0.0000 0.0000
0.7931 0.3103 0.0000 0.0000 0.0000
0.7931 0.3448 0.0000 0.0000 0.0000
0.7931 0.3793 0.0000 0.0000 0.0000
0.7931 0.4138 0.0000 0.0000 0.0000
0.7931 0.4483 0.0000 0.0000 0.0000
0.7931 0.4828 0.0000 0.0000 0.0000
0.7931 0.5172 0.0000 0.0000 0.0000
0.7931 0.5517 0.0000 0.0000 0.0000
0.7931 0.5862 0.0000 0.0000 0.0000
0.7931 0.6207 0.0000 0.0000 0.0000
0.7931 0.6552 0.0000 0.0000 0.0000
0.7931 0.6897 0.0000 0.0000 0.0000
0.7931 0.7241 0.0000 0.0000 0.0000
0.7931 0.7586 0.0000 0.0000 0.0000
0.7931 0.7931 0.0000 0.0000 0.0000
0.7931 0.8276 0.0000 0.0000 0.0000
0.7931 0.8621 0.0000 0.0000 0.0000
0.7931 0.8966 0.0000 0.0000 0.0000
0.7931 0.9310 0.0000 0.0000 0.0000
0.7931 0.9655 0.0000 0.0000 0.0000
0.7931 1.0000 0.0000 0.0000 0.0000

0.8276 0.0000 0.0000 0.0000 0.0000
0.8276 0.0345 0.218230 0.975897 0.988389
0.8276 0.0690 0.695894 0.718144 0.619909
0.8276 0.1034 0.993490 -0.113917 0.651327
0.8276 0.1379 0.823856 -0.566799 1.047249
0.8276 0.1724 0.0000 0.0000 0.0000
0.8276 0.2069 0.0000 0.0000 0.0000
0.8276 0.2414 0.0000 0.0000 0.0000
0.8276 0.2759 0.0000 0.0000 0.0000
0.8276 0.3103 0.0000 0.0000 0.0000
0.8276 0.3448 0.0000 0.0000 0.0000
0.8276 0.3793 0.0000 0.0000 0.0000
0.8276 0.4138 0.0000 0.0000 0.0000
0.8276 0.4483 0.0000 0.0000 0.0000
0.8276 0.4828 0.0000 0.0000 0.0000
0.8276 0.5172 0.0000 0.0000 0.0000
0.8276 0.5517 0.0000 0.0000 0.0000
0.8276 0.5862 0.0000 0.0000 0.0000
0.8276 0.6207 0.0000 0.0000 0.0000
0.8276 0.6552 0.0000 0.0000 0.0000
0.8276 0.6897 0.0000 0.0000 0.0000
0.8276 0.7241 0.0000 0.0000 0.0000
0.8276 0.7586 0.0000 0.0000 0.0000
0.8276 0.7931 0.0000 0.0000 0.0000
0.8276 0.8276 0.0000 0.0000 0.0000
0.8276 0.8621 0.0000 0.0000 0.0000
0.8276 0.8966 0.0000 0.0000 0.0000
0.8276 0.9310 0.0000 0.0000 0.0000
0.8276 0.9655 0.0000 0.0000 0.0000
0.8276 1.0000 0.0000 0.0000 0.0000

0.8621 0.0000 0.0000 0.0000 0.0000
0.8621 0.0345 0.307725 0.951475 0.731076
0.8621 0.0690 0.945744 0.324912 0.475753
0.8621 0.1034 0.867810 -0.496896 0.777717
0.8621 0.1379 0.696353 -0.717700 1.292278
0.8621 0.1724 0.0000 0.0000 0.0000
0.8621 0.2069 0.0000 0.0000 0.0000
0.8621 0.2414 0.0000 0.0000 0.0000
0.8621 0.2759 0.0000 0.0000 0.0000
0.8621 0.3103 0.0000 0.0000 0.0000
0.8621 0.3448 0.0000 0.0000 0.0000
0.8621 0.3793 0.0000 0.0000 0.0000
0.8621 0.4138 0.0000 0.0000 0.0000
0.8621 0.4483 0.0000 0.0000 0.0000
0.8621 0.4828 0.0000 0.0000 0.0000
0.8621 0.5172 0.0000 0.0000 0.0000
0.8621 0.5517 0.0000 0.0000 0.0000
0.8621 0.5862 0.0000 0.0000 0.0000
0.8621 0.6207 0.0000 0.0000 0.0000
0.8621 0.6552 0.0000 0.0000 0.0000
0.8621 0.6897 0.0000 0.0000 0.0000
0.8621 0.7241 0.0000 0.0000 0.0000
0.8621 0.7586 0.0000 0.0000 0.0000
0.8621 0.7931 0.0000 0.0000 0.0000
0.8621 0.8276 0.0000 0.0000 0.0000
0.8621 0.8621 0.0000 0.0000 0.0000
0.8621 0.8966 0.0000 0.0000 0.0000
0.8621 0.9310 0.0000 0.0000 0.0000
0.8621 0.9655 0.0000 0.0000 0.0000
0.8621 1.0000 0.0000 0.0000 0.0000

0.8966 0.0000 0.0000 0.0000 0.0000
0.8966 0.0345 0.503553 0.863964 0.465184
0.8966 0.0690 0.945862 -0.324570 0.495305
0.8966 0.1034 0.0000 0.0000 0.0000
0.8966 0.1379 0.0000 0.0000 0.0000
0.8966 0.1724 0.0000 0.0000 0.0000
0.8966 0.2069 0.0000 0.0000 0.0000
0.8966 0.2414 0.0000 0.0000 0.0000
0.8966 0.2759 0.0000 0.0000 0.0000
0.8966 0.3103 0.0000 0.0000 0.0000
0.8966 0.3448 0.0000 0.0000 0.0000
0.8966 0.3793 0.0000 0.0000 0.0000
0.8966 0.4138 0.0000 0.0000 0.0000
0.8966 0.4483 0.0000 0.0000 0.0000
0.8966 0.4828 0.0000 0.0000 0.0000
0.8966 0.5172 0.0000 0.0000 0.0000
0.8966 0.5517 0.0000 0.0000 0.0000
0.8966 0.5862 0.0000 0.0000 0.0000
0.8966 0.6207 0.0000 0.0000 0.0000
0.8966 0.6552 0.0000 0.0000 0.0000
0.8966 0.6897 0.0000 0.0000 0.0000
0.8966 0.7241 0.0000 0.0000 0.0000
0.8966 0.7586 0.0000 0.0000 0.0000
0.8966 0.7931 0.0000 0.0000 0.0000
0.8966 0.8276 0.0000 0.0000 0.0000
0.8966 0.8621 0.0000 0.0000 0.0000
0.8966 0.8966 0.0000 0.0000 0.0000
0.8966 0.9310 0.0000 0.0000 0.0000
0.8966 0.9655 0.0000 0.0000 0.0000
0.8966 1.0000 0.0000 0.0000 0.0000

0.9310 0.0000 0.0000 0.0000 0.0000
0.9310 0.0345 0.945970 0.324253 0.257428
0.9310 0.0690 0.697166 -0.716910 0.698599
0.9310 0.1034 0.0000 0.0000 0.0000
0.9310 0.1379 0.0000 0.0000 0.0000
0.9310 0.1724 0.0000 0.0000 0.0000
0.9310 0.2069 0.0000 0.0000 0.0000
0.9310 0.2414 0.0000 0.0000 0.0000
0.9310 0.2759 0.0000 0.0000 0.0000
0.9310 0.3103 0.0000 0.0000 0.0000
0.9310 0.3448 0.0000 0.0000 0.0000
0.9310 0.3793 0.0000 0.0000 0.0000
0.9310 0.4138 0.0000 0.0000 0.0000
0.9310 0.4483 0.0000 0.0000 0.0000
0.9310 0.4828 0.0000 0.0000 0.0000
0.9310 0.5172 0.0000 0.0000 0.0000
0.9310 0.5517 0.0000 0.0000 0.0000
0.9310 0.5862 0.0000 0.0000 0.0000
0.9310 0.6207 0.0000 0.0000 0.0000
0.9310 0.6552 0.0000 0.0000 0.0000
0.9310 0.6897 0.0000 0.0000 0.0000
0.9310 0.7241 0.0000 0.0000 0.0000
0.9310 0.7586 0.0000 0.0000 0.0000
0.9310 0.7931 0.0000 0.0000 0.0000
0.9310 0.8276 0.0000 0.0000 0.0000
0.9310 0.8621 0.0000 0.0000 0.0000
0.9310 0.8966 0.0000 0.0000 0.0000
0.9310 0.9310 0.0000 0.0000 0.0000
0.9310 0.9655 0.0000 0.0000 0.0000
0.9310 1.0000 0.0000 0.0000 0.0000

0.9655 0.0000 0.0000 0.0000 0.0000
0.9655 0.0345 0.0000 0.0000 0.0000
0.9655 0.0690 0.0000 0.0000 0.0000
0.9655 0.1034 0.0000 0.0000 0.0000
0.9655 0.1379 0.0000 0.0000 0.0000
0.9655 0.1724 0.0000 0.0000 0.0000
0.9655 0.2069 0.0000 0.0000 0.0000
0.9655 0.2414 0.0000 0.0000 0.0000
0.9655 0.2759 0.0000 0.0000 0.0000
0.9655 0.3103 0.0000 0.0000 0.0000
0.9655 0.3448 0.0000 0.0000 0.0000
0.9655 0.3793 0.0000 0.0000 0.0000
0.9655 0.4138 0.0000 0.0000 0.0000
0.9655 0.4483 0.0000 0.0000 0.0000
0.9655 0.4828 0.0000 0.0000 0.0000
0.9655 0.5172 0.0000 0.0000 0.0000
0.9655 0.5517 0.0000 0.0000 0.0000
0.9655 0.5862 0.0000 0.0000 0.0000
0.9655 0.6207 0.0000 0.0000 0.0000
0.9655 0.6552 0.0000 0.0000 0.0000
0.9655 0.6897 0.0000 0.0000 0.0000
0.9655 0.7241 0.0000 0.0000 0.0000
0.9655 0.7586 0.0000 0.0000 0.0000
0.9655 0.7931 0.0000 0.0000 0.0000
0.9655 0.8276 0.0000 0.0000 0.0000
0.9655 0.8621 0.0000 0.0000 0.0000
0.9655 0.8966 0.0000 0.0000 0.0000
0.9655 0.9310 0.0000 0.0000 0.0000
0.9655 0.9655 0.0000 0.0000 0.0000
0.9655 1.0000 0.0000 0.0000 0.0000

1.0000 0.0000 0.0000 0.0000 0.0000
1.0000 0.0345 0.0000 0.0000 0.0000
1.0000 0.0690 0.0000 0.0000 0.0000
1.0000 0.1034 0.0000 0.0000 0.0000
1.0000 0.1379 0.0000 0.0000 0.0000
1.0000 0.1724 0.0000 0.0000 0.0000
1.0000 0.2069 0.0000 0.0000 0.0000
1.0000 0.2414 0.0000 0.0000 0.0000
1.0000 0.2759 0.0000 0.0000 0.0000
1.0000 0.3103 0.0000 0.0000 0.0000
1.0000 0.3448 0.0000 0.0000 0.0000
1.0000 0.3793 0.0000 0.0000 0.0000
1.0000 0.4138 0.0000 0.0000 0.0000
1.0000 0.4483 0.0000 0.0000 0.0000
1.0000 0.4828 0.0000 0.0000 0.0000
1.0000 0.5172 0.0000 0.0000 0.0000
1.0000 0.5517 0.0000 0.0000 0.0000
1.0000 0.5862 0.0000 0.0000 0.0000
1.0000 0.6207 0.0000 0.0000 0.0000
1.0000 0.6552 0.0000 0.0000 0.0000
1.0000 0.6897 0.0000 0.0000 0.0000
1.0000 0.7241 0.0000 0.0000 0.0000
1.0000 0.7586 0.0000 0.0000 0.0000
1.0000 0.7931 0.0000 0.0000 0.0000
1.0000 0.8276 0.0000 0.0000 0.0000
1.0000 0.8621 0.0000 0.0000 0.0000
1.0000 0.8966 0.0000 0.0000 0.0000
1.0000 0.9310 0.0000 0.0000 0.0000
1.0000 0.9655 0.0000 0.0000 0.0000
1.0000 1.0000 0.0000 0.0000 0.0000

