0.0000 0.0000 0.0000 0.0000 0.0000
0.0000 0.0345 0.0000 0.0000 0.0000
0.0000 0.0690 0.0000 0.0000 0.0000
0.0000 0.1034 0.0000 0.0000 0.0000
0.0000 0.1379 0.0000 0.0000 0.0000
0.0000 0.1724 0.0000 0.0000 0.0000
0.0000 0.2069 0.0000 0.0000 0.0000
0.0000 0.2414 0.0000 0.0000 0.0000
0.0000 0.2759 0.0000 0.0000 0.0000
0.0000 0.3103 0.0000 0.0000 0.0000
0.0000 0.3448 0.0000 0.0000 0.0000
0.0000 0.3793 0.0000 0.0000 0.0000
0.0000 0.4138 0.0000 0.0000 0.0000
0.0000 0.4483 0.0000 0.0000 0.0000
0.0000 0.4828 0.0000 0.0000 0.0000
0.0000 0.5172 0.0000 0.0000 0.0000
0.0000 0.5517 0.0000 0.0000 0.0000
0.0000 0.5862 0.0000 0.0000 0.0000
0.0000 0.6207 0.0000 0.0000 0.0000
0.0000 0.6552 0.0000 0.0000 0.0000
0.0000 0.6897 0.0000 0.0000 0.0000
0.0000 0.7241 0.0000 0.0000 0.0000
0.0000 0.7586 0.0000 0.0000 0.0000
0.0000 0.7931 0.0000 0.0000 0.0000
0.0000 0.8276 0.0000 0.0000 0.0000
0.0000 0.8621 0.0000 0.0000 0.0000
0.0000 0.8966 0.0000 0.0000 0.0000
0.0000 0.9310 0.0000 0.0000 0.0000
0.0000 0.9655 0.0000 0.0000 0.0000
0.0000 1.0000 0.0000 0.0000 0.0000

0.0345 0.0000 0.0000 0.0000 0.0000
0.0345 0.0345 -0.040443 0.999182 0.099963
0.0345 0.0690 -0.086410 0.996260 0.093572
0.0345 0.1034 -0.138755 0.990327 0.087409
0.0345 0.1379 -0.198360 0.980129 0.081525
0.0345 0.1724 -0.266029 0.963965 0.075984
0.0345 0.2069 -0.342282 0.939597 0.070868
0.0345 0.2414 -0.427006 0.904249 0.066275
0.0345 0.2759 -0.518978 0.854788 0.062319
0.0345 0.3103 -0.615332 0.788268 0.059131
0.0345 0.3448 -0.711278 0.702910 0.056839
0.0345 0.3793 -0.800513 0.599315 0.055553
0.0345 0.4138 -0.876579 0.481259 0.055344
0.0345 0.4483 -0.934755 0.355292 0.056225
0.0345 0.4828 -0.973417 0.229039 0.058145
0.0345 0.5172 -0.994026 0.109148 0.061007
0.0345 0.5517 -1.000000 0.000000 0.064685
0.0345 0.5862 -0.995339 -0.096434 0.069050
0.0345 0.6207 -0.983664 -0.180017 0.073979
0.0345 0.6552 -0.967808 -0.251690 0.079368
0.0345 0.6897 -0.949795 -0.312874 0.085130
0.0345 0.7241 -0.930973 -0.365088 0.091194
0.0345 0.7586 -0.912195 -0.409756 0.097503
0.0345 0.7931 -0.893969 -0.448128 0.104013
0.0345 0.8276 -0.876579 -0.481259 0.110689
0.0345 0.8621 -0.860160 -0.510024 0.117502
0.0345 0.8966 -0.844761 -0.535143 0.124429
0.0345 0.9310 -0.830377 -0.557203 0.131453
0.0345 0.9655 0.0000 0.0000 0.0000
0.0345 1.0000 0.0000 0.0000 0.0000

0.0690 0.0000 0.0000 0.0000 0.0000
0.0690 0.0345 -0.006188 0.999981 0.192156
0.0690 0.0690 -0.013297 0.999912 0.178851
0.0690 0.1034 -0.021547 0.999768 0.165556
0.0690 0.1379 -0.031235 0.999512 0.152274
0.0690 0.1724 -0.042769 0.999085 0.139009
0.0690 0.2069 -0.056727 0.998390 0.125767
0.0690 0.2414 -0.073950 0.997262 0.112556
0.0690 0.2759 -0.095712 0.995409 0.099386
0.0690 0.3103 -0.124035 0.992278 0.086279
0.0690 0.3448 -0.162293 0.986743 0.073266
0.0690 0.3793 -0.216514 0.976280 0.060410
0.0690 0.4138 -0.298275 0.954480 0.047837
0.0690 0.4483 -0.431221 0.902246 0.035847
0.0690 0.4828 -0.658505 0.752577 0.025280
0.0690 0.5172 -0.952424 0.304776 0.018727
0.0690 0.5517 -0.928477 -0.371391 0.020491
0.0690 0.5862 -0.694740 -0.719261 0.029096
0.0690 0.6207 -0.529999 -0.847998 0.040383
0.0690 0.6552 -0.429057 -0.903278 0.052655
0.0690 0.6897 -0.363851 -0.931457 0.065360
0.0690 0.7241 -0.318960 -0.947768 0.078286
0.0690 0.7586 -0.286392 -0.958112 0.091341
0.0690 0.7931 -0.261769 -0.965131 0.104475
0.0690 0.8276 -0.242536 -0.970143 0.117663
0.0690 0.8621 -0.227115 -0.973868 0.130888
0.0690 0.8966 -0.214484 -0.976727 0.144139
0.0690 0.9310 0.0000 0.0000 0.0000
0.0690 0.9655 0.0000 0.0000 0.0000
0.0690 1.0000 0.0000 0.0000 0.0000

0.1034 0.0000 0.0000 0.0000 0.0000
0.1034 0.0345 0.006014 0.999982 0.276818
0.1034 0.0690 0.012962 0.999916 0.256859
0.1034 0.1034 0.021080 0.999778 0.236914
0.1034 0.1379 0.030687 0.999529 0.216987
0.1034 0.1724 0.042233 0.999108 0.197084
0.1034 0.2069 0.056362 0.998410 0.177214
0.1034 0.2414 0.074039 0.997255 0.157388
0.1034 0.2759 0.096766 0.995307 0.137626
0.1034 0.3103 0.127012 0.991901 0.117959
0.1034 0.3448 0.169098 0.985599 0.098445
0.1034 0.3793 0.231215 0.972903 0.079197
0.1034 0.4138 0.330350 0.943858 0.060470
0.1034 0.4483 0.503871 0.863779 0.042949
0.1034 0.4828 0.805882 0.592076 0.028919
0.1034 0.5172 0.993533 -0.113547 0.025133
0.1034 0.5517 0.759257 -0.650791 0.035080
0.1034 0.5862 0.551488 -0.834183 0.051315
0.1034 0.6207 0.430730 -0.902481 0.069566
0.1034 0.6552 0.357000 -0.934104 0.088597
0.1034 0.6897 0.308289 -0.951293 0.107995
0.1034 0.7241 0.273983 -0.961735 0.127593
0.1034 0.7586 0.248608 -0.968604 0.147312
0.1034 0.7931 0.229119 -0.973398 0.167109
0.1034 0.8276 0.213697 -0.976900 0.186958
0.1034 0.8621 0.201199 -0.979550 0.206846
0.1034 0.8966 0.0000 0.0000 0.0000
0.1034 0.9310 0.0000 0.0000 0.0000
0.1034 0.9655 0.0000 0.0000 0.0000
0.1034 1.0000 0.0000 0.0000 0.0000

0.1379 0.0000 0.0000 0.0000 0.0000
0.1379 0.0345 0.012768 0.999918 0.353893
0.1379 0.0690 0.027606 0.999619 0.327354
0.1379 0.1034 0.045049 0.998985 0.300900
0.1379 0.1379 0.065829 0.997831 0.274555
0.1379 0.1724 0.090967 0.995854 0.248354
0.1379 0.2069 0.121928 0.992539 0.222349
0.1379 0.2414 0.160867 0.986976 0.196615
0.1379 0.2759 0.211046 0.977476 0.171278
0.1379 0.3103 0.277506 0.960724 0.146540
0.1379 0.3448 0.368048 0.929807 0.122767
0.1379 0.3793 0.493847 0.869549 0.100644
0.1379 0.4138 0.665088 0.746765 0.081525
0.1379 0.4483 0.863906 0.503654 0.067993
0.1379 0.4828 0.992841 0.119440 0.063714
0.1379 0.5172 0.962788 -0.270256 0.070396
0.1379 0.5517 0.845489 -0.533993 0.085507
0.1379 0.5862 0.728200 -0.685365 0.105484
0.1379 0.6207 0.635056 -0.772466 0.128070
0.1379 0.6552 0.564404 -0.825499 0.152108
0.1379 0.6897 0.510539 -0.859855 0.177006
0.1379 0.7241 0.468697 -0.883359 0.202449
0.1379 0.7586 0.435506 -0.900186 0.228253
0.1379 0.7931 0.408653 -0.912690 0.254308
0.1379 0.8276 0.386541 -0.922272 0.280546
0.1379 0.8621 0.0000 0.0000 0.0000
0.1379 0.8966 0.0000 0.0000 0.0000
0.1379 0.9310 0.0000 0.0000 0.0000
0.1379 0.9655 0.0000 0.0000 0.0000
0.1379 1.0000 0.0000 0.0000 0.0000

0.1724 0.0000 0.0000 0.0000 0.0000
0.1724 0.0345 0.017413 0.999848 0.423370
0.1724 0.0690 0.037778 0.999286 0.390290
0.1724 0.1034 0.061881 0.998084 0.357403
0.1724 0.1379 0.090800 0.995869 0.324766
0.1724 0.1724 0.126036 0.992026 0.292463
0.1724 0.2069 0.169724 0.985492 0.260618
0.1724 0.2414 0.224935 0.974374 0.229423
0.1724 0.2759 0.296099 0.955157 0.199182
0.1724 0.3103 0.389367 0.921083 0.170404
0.1724 0.3448 0.512065 0.858947 0.143970
0.1724 0.3793 0.667882 0.744267 0.121420
0.1724 0.4138 0.840297 0.542127 0.105280
0.1724 0.4483 0.970566 0.240835 0.098745
0.1724 0.4828 0.995780 -0.091777 0.103648
0.1724 0.5172 0.932568 -0.360994 0.118579
0.1724 0.5517 0.840297 -0.542127 0.140373
0.1724 0.5862 0.753373 -0.657593 0.166354
0.1724 0.6207 0.681013 -0.732272 0.194856
0.1724 0.6552 0.622759 -0.782414 0.224921
0.1724 0.6897 0.575954 -0.817482 0.255999
0.1724 0.7241 0.537998 -0.842946 0.287763
0.1724 0.7586 0.506825 -0.862049 0.320007
0.1724 0.7931 0.480883 -0.876785 0.352602
0.1724 0.8276 0.0000 0.0000 0.0000
0.1724 0.8621 0.0000 0.0000 0.0000
0.1724 0.8966 0.0000 0.0000 0.0000
0.1724 0.9310 0.0000 0.0000 0.0000
0.1724 0.9655 0.0000 0.0000 0.0000
0.1724 1.0000 0.0000 0.0000 0.0000

0.2069 0.0000 0.0000 0.0000 0.0000
0.2069 0.0345 0.021074 0.999778 0.485245
0.2069 0.0690 0.045892 0.998946 0.445654
0.2069 0.1034 0.075488 0.997147 0.406391
0.2069 0.1379 0.111284 0.993789 0.367562
0.2069 0.1724 0.155258 0.987874 0.329320
0.2069 0.2069 0.210197 0.977659 0.291896
0.2069 0.2414 0.280000 0.960000 0.255648
0.2069 0.2759 0.369907 0.929069 0.221157
0.2069 0.3103 0.485963 0.873980 0.189383
0.2069 0.3448 0.631477 0.775395 0.161937
0.2069 0.3793 0.795741 0.605638 0.141359
0.2069 0.4138 0.937222 0.348734 0.130931
0.2069 0.4483 0.999080 0.042894 0.133059
0.2069 0.4828 0.972563 -0.232640 0.147202
0.2069 0.5172 0.900212 -0.435451 0.170392
0.2069 0.5517 0.820127 -0.572182 0.199499
0.2069 0.5862 0.748312 -0.663347 0.232310
0.2069 0.6207 0.688188 -0.725532 0.267465
0.2069 0.6552 0.638799 -0.769374 0.304153
0.2069 0.6897 0.598218 -0.801334 0.341880
0.2069 0.7241 0.564617 -0.825353 0.380337
0.2069 0.7586 0.536508 -0.843895 0.419323
0.2069 0.7931 0.0000 0.0000 0.0000
0.2069 0.8276 0.0000 0.0000 0.0000
0.2069 0.8621 0.0000 0.0000 0.0000
0.2069 0.8966 0.0000 0.0000 0.0000
0.2069 0.9310 0.0000 0.0000 0.0000
0.2069 0.9655 0.0000 0.0000 0.0000
0.2069 1.0000 0.0000 0.0000 0.0000

0.2414 0.0000 0.0000 0.0000 0.0000
0.2414 0.0345 0.024243 0.999706 0.539516
0.2414 0.0690 0.053014 0.998594 0.493441
0.2414 0.1034 0.087615 0.996154 0.447858
0.2414 0.1379 0.129844 0.991534 0.402935
0.2414 0.1724 0.182208 0.983260 0.358922
0.2414 0.2069 0.248194 0.968710 0.316196
0.2414 0.2414 0.332504 0.943102 0.275358
0.2414 0.2759 0.440791 0.897610 0.237386
0.2414 0.3103 0.577370 0.816483 0.203885
0.2414 0.3448 0.737265 0.675603 0.177408
0.2414 0.3793 0.891163 0.453683 0.161448
0.2414 0.4138 0.985905 0.167305 0.159200
0.2414 0.4483 0.993170 -0.116680 0.171205
0.2414 0.4828 0.939793 -0.341743 0.194846
0.2414 0.5172 0.866168 -0.499753 0.226509
0.2414 0.5517 0.794768 -0.606914 0.263315
0.2414 0.5862 0.732877 -0.680361 0.303399
0.2414 0.6207 0.681190 -0.732107 0.345622
0.2414 0.6552 0.638380 -0.769721 0.389288
0.2414 0.6897 0.602802 -0.797891 0.433962
0.2414 0.7241 0.572996 -0.819558 0.479363
0.2414 0.7586 0.0000 0.0000 0.0000
0.2414 0.7931 0.0000 0.0000 0.0000
0.2414 0.8276 0.0000 0.0000 0.0000
0.2414 0.8621 0.0000 0.0000 0.0000
0.2414 0.8966 0.0000 0.0000 0.0000
0.2414 0.9310 0.0000 0.0000 0.0000
0.2414 0.9655 0.0000 0.0000 0.0000
0.2414 1.0000 0.0000 0.0000 0.0000

0.2759 0.0000 0.0000 0.0000 0.0000
0.2759 0.0345 0.027182 0.999631 0.586186
0.2759 0.0690 0.059715 0.998215 0.533651
0.2759 0.1034 0.099210 0.995066 0.481806
0.2759 0.1379 0.147909 0.989001 0.430899
0.2759 0.1724 0.208933 0.977930 0.381305
0.2759 0.2069 0.286563 0.958061 0.333611
0.2759 0.2414 0.386252 0.922393 0.288759
0.2759 0.2759 0.513369 0.858168 0.248296
0.2759 0.3103 0.667863 0.744285 0.214716
0.2759 0.3448 0.831286 0.555845 0.191672
0.2759 0.3793 0.956784 0.290800 0.183184
0.2759 0.4138 1.000000 0.000000 0.191201
0.2759 0.4483 0.968485 -0.249071 0.213875
0.2759 0.4828 0.902362 -0.430979 0.247204
0.2759 0.5172 0.831286 -0.555845 0.287508
0.2759 0.5517 0.767282 -0.641310 0.332257
0.2759 0.5862 0.713029 -0.701135 0.379884
0.2759 0.6207 0.667863 -0.744285 0.429432
0.2759 0.6552 0.630294 -0.776356 0.480307
0.2759 0.6897 0.598855 -0.800857 0.532129
0.2759 0.7241 0.0000 0.0000 0.0000
0.2759 0.7586 0.0000 0.0000 0.0000
0.2759 0.7931 0.0000 0.0000 0.0000
0.2759 0.8276 0.0000 0.0000 0.0000
0.2759 0.8621 0.0000 0.0000 0.0000
0.2759 0.8966 0.0000 0.0000 0.0000
0.2759 0.9310 0.0000 0.0000 0.0000
0.2759 0.9655 0.0000 0.0000 0.0000
0.2759 1.0000 0.0000 0.0000 0.0000

0.3103 0.0000 0.0000 0.0000 0.0000
0.3103 0.0345 0.030047 0.999548 0.625253
0.3103 0.0690 0.066352 0.997796 0.566290
0.3103 0.1034 0.110894 0.993832 0.508248
0.3103 0.1379 0.166449 0.986050 0.451482
0.3103 0.1724 0.236887 0.971537 0.396542
0.3103 0.2069 0.327395 0.944887 0.344302
0.3103 0.2414 0.443999 0.896027 0.296195
0.3103 0.2759 0.590391 0.807117 0.254572
0.3103 0.3103 0.757901 0.652370 0.223096
0.3103 0.3448 0.909972 0.414671 0.206459
0.3103 0.3793 0.992365 0.123332 0.208249
0.3103 0.4138 0.988659 -0.150176 0.228032
0.3103 0.4483 0.933041 -0.359770 0.261760
0.3103 0.4828 0.862815 -0.505519 0.304840
0.3103 0.5172 0.796356 -0.604828 0.353871
0.3103 0.5517 0.739093 -0.673604 0.406707
0.3103 0.5862 0.691234 -0.722631 0.462045
0.3103 0.6207 0.651470 -0.758674 0.519086
0.3103 0.6552 0.618294 -0.785947 0.577324
0.3103 0.6897 0.0000 0.0000 0.0000
0.3103 0.7241 0.0000 0.0000 0.0000
0.3103 0.7586 0.0000 0.0000 0.0000
0.3103 0.7931 0.0000 0.0000 0.0000
0.3103 0.8276 0.0000 0.0000 0.0000
0.3103 0.8621 0.0000 0.0000 0.0000
0.3103 0.8966 0.0000 0.0000 0.0000
0.3103 0.9310 0.0000 0.0000 0.0000
0.3103 0.9655 0.0000 0.0000 0.0000
0.3103 1.0000 0.0000 0.0000 0.0000

0.3448 0.0000 0.0000 0.0000 0.0000
0.3448 0.0345 0.032953 0.999457 0.656718
0.3448 0.0690 0.073190 0.997318 0.591360
0.3448 0.1034 0.123146 0.992389 0.527199
0.3448 0.1379 0.186266 0.982499 0.464732
0.3448 0.1724 0.267341 0.963602 0.404744
0.3448 0.2069 0.372567 0.928005 0.348516
0.3448 0.2414 0.508031 0.861339 0.298184
0.3448 0.2759 0.673041 0.739605 0.257231
0.3448 0.3103 0.844213 0.536008 0.230710
0.3448 0.3448 0.966937 0.255016 0.223809
0.3448 0.3793 0.999203 -0.039928 0.238240
0.3448 0.4138 0.959645 -0.281215 0.270611
0.3448 0.4483 0.891849 -0.452333 0.315448
0.3448 0.4828 0.822796 -0.568336 0.368223
0.3448 0.5172 0.762008 -0.647567 0.425997
0.3448 0.5517 0.711003 -0.703189 0.486995
0.3448 0.5862 0.668726 -0.743509 0.550144
0.3448 0.6207 0.633617 -0.773647 0.614782
0.3448 0.6552 0.0000 0.0000 0.0000
0.3448 0.6897 0.0000 0.0000 0.0000
0.3448 0.7241 0.0000 0.0000 0.0000
0.3448 0.7586 0.0000 0.0000 0.0000
0.3448 0.7931 0.0000 0.0000 0.0000
0.3448 0.8276 0.0000 0.0000 0.0000
0.3448 0.8621 0.0000 0.0000 0.0000
0.3448 0.8966 0.0000 0.0000 0.0000
0.3448 0.9310 0.0000 0.0000 0.0000
0.3448 0.9655 0.0000 0.0000 0.0000
0.3448 1.0000 0.0000 0.0000 0.0000

0.3793 0.0000 0.0000 0.0000 0.0000
0.3793 0.0345 0.035991 0.999352 0.680584
0.3793 0.0690 0.080459 0.996758 0.608871
0.3793 0.1034 0.136413 0.990652 0.538686
0.3793 0.1379 0.208149 0.978097 0.470714
0.3793 0.1724 0.301608 0.953432 0.406068
0.3793 0.2069 0.424012 0.905657 0.346613
0.3793 0.2414 0.580248 0.814440 0.295499
0.3793 0.2759 0.760298 0.649575 0.257737
0.3793 0.3103 0.919606 0.392841 0.239724
0.3793 0.3448 0.996370 0.085127 0.245839
0.3793 0.3793 0.981665 -0.190615 0.274474
0.3793 0.4138 0.919606 -0.392841 0.319632
0.3793 0.4483 0.848247 -0.529600 0.375398
0.3793 0.4828 0.783406 -0.621510 0.437736
0.3793 0.5172 0.728698 -0.684835 0.504214
0.3793 0.5517 0.683500 -0.729951 0.573394
0.3793 0.5862 0.646190 -0.763176 0.644406
0.3793 0.6207 0.0000 0.0000 0.0000
0.3793 0.6552 0.0000 0.0000 0.0000
0.3793 0.6897 0.0000 0.0000 0.0000
0.3793 0.7241 0.0000 0.0000 0.0000
0.3793 0.7586 0.0000 0.0000 0.0000
0.3793 0.7931 0.0000 0.0000 0.0000
0.3793 0.8276 0.0000 0.0000 0.0000
0.3793 0.8621 0.0000 0.0000 0.0000
0.3793 0.8966 0.0000 0.0000 0.0000
0.3793 0.9310 0.0000 0.0000 0.0000
0.3793 0.9655 0.0000 0.0000 0.0000
0.3793 1.0000 0.0000 0.0000 0.0000

0.4138 0.0000 0.0000 0.0000 0.0000
0.4138 0.0345 0.039246 0.999230 0.696851
0.4138 0.0690 0.088387 0.996086 0.618831
0.4138 0.1034 0.151168 0.988508 0.542741
0.4138 0.1379 0.232990 0.972479 0.469521
0.4138 0.1724 0.341219 0.939984 0.400746
0.4138 0.2069 0.483856 0.875148 0.339131
0.4138 0.2414 0.661758 0.749718 0.289288
0.4138 0.2759 0.847584 0.530661 0.258130
0.4138 0.3103 0.974153 0.225890 0.252666
0.4138 0.3448 0.996534 -0.083189 0.274435
0.4138 0.3793 0.946339 -0.323177 0.317891
0.4138 0.4138 0.873799 -0.486288 0.375579
0.4138 0.4483 0.804433 -0.594043 0.441962
0.4138 0.4828 0.745362 -0.666660 0.513680
0.4138 0.5172 0.696732 -0.717331 0.588786
0.4138 0.5517 0.656886 -0.753990 0.666135
0.4138 0.5862 0.624033 -0.781398 0.745029
0.4138 0.6207 0.0000 0.0000 0.0000
0.4138 0.6552 0.0000 0.0000 0.0000
0.4138 0.6897 0.0000 0.0000 0.0000
0.4138 0.7241 0.0000 0.0000 0.0000
0.4138 0.7586 0.0000 0.0000 0.0000
0.4138 0.7931 0.0000 0.0000 0.0000
0.4138 0.8276 0.0000 0.0000 0.0000
0.4138 0.8621 0.0000 0.0000 0.0000
0.4138 0.8966 0.0000 0.0000 0.0000
0.4138 0.9310 0.0000 0.0000 0.0000
0.4138 0.9655 0.0000 0.0000 0.0000
0.4138 1.0000 0.0000 0.0000 0.0000

0.4483 0.0000 0.0000 0.0000 0.0000
0.4483 0.0345 0.042808 0.999083 0.705522
0.4483 0.0690 0.097229 0.995262 0.621255
0.4483 0.1034 0.167973 0.985792 0.539412
0.4483 0.1379 0.261896 0.965096 0.461285
0.4483 0.1724 0.388084 0.921624 0.389118
0.4483 0.2069 0.554364 0.832274 0.326884
0.4483 0.2414 0.751686 0.659522 0.281255
0.4483 0.2759 0.925431 0.378917 0.261086
0.4483 0.3103 0.998967 0.045447 0.272100
0.4483 0.3448 0.971124 -0.238575 0.311002
0.4483 0.3793 0.900151 -0.435578 0.369075
0.4483 0.4138 0.825998 -0.563673 0.438773
0.4483 0.4483 0.761791 -0.647823 0.515401
0.4483 0.4828 0.709098 -0.705110 0.596293
0.4483 0.5172 0.666294 -0.745689 0.679929
0.4483 0.5517 0.0000 0.0000 0.0000
0.4483 0.5862 0.0000 0.0000 0.0000
0.4483 0.6207 0.0000 0.0000 0.0000
0.4483 0.6552 0.0000 0.0000 0.0000
0.4483 0.6897 0.0000 0.0000 0.0000
0.4483 0.7241 0.0000 0.0000 0.0000
0.4483 0.7586 0.0000 0.0000 0.0000
0.4483 0.7931 0.0000 0.0000 0.0000
0.4483 0.8276 0.0000 0.0000 0.0000
0.4483 0.8621 0.0000 0.0000 0.0000
0.4483 0.8966 0.0000 0.0000 0.0000
0.4483 0.9310 0.0000 0.0000 0.0000
0.4483 0.9655 0.0000 0.0000 0.0000
0.4483 1.0000 0.0000 0.0000 0.0000

0.4828 0.0000 0.0000 0.0000 0.0000
0.4828 0.0345 0.046782 0.998905 0.706600
0.4828 0.0690 0.107296 0.994227 0.616161
0.4828 0.1034 0.187546 0.982256 0.528764
0.4828 0.1379 0.296332 0.955085 0.446200
0.4828 0.1724 0.444653 0.895703 0.371705
0.4828 0.2069 0.637474 0.770472 0.311127
0.4828 0.2414 0.844911 0.534907 0.273865
0.4828 0.2759 0.980308 0.197472 0.269759
0.4828 0.3103 0.991103 -0.133098 0.300174
0.4828 0.3448 0.927553 -0.373691 0.356377
0.4828 0.3793 0.848902 -0.528551 0.428336
0.4828 0.4138 0.778678 -0.627424 0.509416
0.4828 0.4483 0.721132 -0.692798 0.595905
0.4828 0.4828 0.674845 -0.737960 0.685761
0.4828 0.5172 0.0000 0.0000 0.0000
0.4828 0.5517 0.0000 0.0000 0.0000
0.4828 0.5862 0.0000 0.0000 0.0000
0.4828 0.6207 0.0000 0.0000 0.0000
0.4828 0.6552 0.0000 0.0000 0.0000
0.4828 0.6897 0.0000 0.0000 0.0000
0.4828 0.7241 0.0000 0.0000 0.0000
0.4828 0.7586 0.0000 0.0000 0.0000
0.4828 0.7931 0.0000 0.0000 0.0000
0.4828 0.8276 0.0000 0.0000 0.0000
0.4828 0.8621 0.0000 0.0000 0.0000
0.4828 0.8966 0.0000 0.0000 0.0000
0.4828 0.9310 0.0000 0.0000 0.0000
0.4828 0.9655 0.0000 0.0000 0.0000
0.4828 1.0000 0.0000 0.0000 0.0000

0.5172 0.0000 0.0000 0.0000 0.0000
0.5172 0.0345 0.051293 0.998684 0.700089
0.5172 0.0690 0.118990 0.992895 0.603575
0.5172 0.1034 0.210864 0.977515 0.510893
0.5172 0.1379 0.338323 0.941030 0.424561
0.5172 0.1724 0.513995 0.857793 0.349319
0.5172 0.2069 0.733312 0.679892 0.293815
0.5172 0.2414 0.929323 0.369267 0.270484
0.5172 0.2759 1.000000 0.000000 0.287277
0.5172 0.3103 0.955413 -0.295271 0.338269
0.5172 0.3448 0.873884 -0.486134 0.410920
0.5172 0.3793 0.796707 -0.604365 0.495798
0.5172 0.4138 0.733312 -0.679892 0.587629
0.5172 0.4483 0.682876 -0.730534 0.683617
0.5172 0.4828 0.0000 0.0000 0.0000
0.5172 0.5172 0.0000 0.0000 0.0000
0.5172 0.5517 0.0000 0.0000 0.0000
0.5172 0.5862 0.0000 0.0000 0.0000
0.5172 0.6207 0.0000 0.0000 0.0000
0.5172 0.6552 0.0000 0.0000 0.0000
0.5172 0.6897 0.0000 0.0000 0.0000
0.5172 0.7241 0.0000 0.0000 0.0000
0.5172 0.7586 0.0000 0.0000 0.0000
0.5172 0.7931 0.0000 0.0000 0.0000
0.5172 0.8276 0.0000 0.0000 0.0000
0.5172 0.8621 0.0000 0.0000 0.0000
0.5172 0.8966 0.0000 0.0000 0.0000
0.5172 0.9310 0.0000 0.0000 0.0000
0.5172 0.9655 0.0000 0.0000 0.0000
0.5172 1.0000 0.0000 0.0000 0.0000

0.5517 0.0000 0.0000 0.0000 0.0000
0.5517 0.0345 0.056507 0.998402 0.685995
0.5517 0.0690 0.132858 0.991135 0.583532
0.5517 0.1034 0.239310 0.970943 0.485939
0.5517 0.1379 0.390735 0.920503 0.396826
0.5517 0.1724 0.599529 0.800353 0.323282
0.5517 0.2069 0.836759 0.547572 0.277954
0.5517 0.2414 0.986136 0.165940 0.275159
0.5517 0.2759 0.981269 -0.192642 0.316026
0.5517 0.3103 0.901561 -0.432651 0.386962
0.5517 0.3448 0.816634 -0.577155 0.474672
0.5517 0.3793 0.746122 -0.665809 0.571484
0.5517 0.4138 0.690677 -0.723163 0.673485
0.5517 0.4483 0.0000 0.0000 0.0000
0.5517 0.4828 0.0000 0.0000 0.0000
0.5517 0.5172 0.0000 0.0000 0.0000
0.5517 0.5517 0.0000 0.0000 0.0000
0.5517 0.5862 0.0000 0.0000 0.0000
0.5517 0.6207 0.0000 0.0000 0.0000
0.5517 0.6552 0.0000 0.0000 0.0000
0.5517 0.6897 0.0000 0.0000 0.0000
0.5517 0.7241 0.0000 0.0000 0.0000
0.5517 0.7586 0.0000 0.0000 0.0000
0.5517 0.7931 0.0000 0.0000 0.0000
0.5517 0.8276 0.0000 0.0000 0.0000
0.5517 0.8621 0.0000 0.0000 0.0000
0.5517 0.8966 0.0000 0.0000 0.0000
0.5517 0.9310 0.0000 0.0000 0.0000
0.5517 0.9655 0.0000 0.0000 0.0000
0.5517 1.0000 0.0000 0.0000 0.0000

0.5862 0.0000 0.0000 0.0000 0.0000
0.5862 0.0345 0.062646 0.998036 0.664325
0.5862 0.0690 0.149679 0.988735 0.556086
0.5862 0.1034 0.274929 0.961465 0.454123
0.5862 0.1379 0.457643 0.889136 0.363752
0.5862 0.1724 0.703480 0.710715 0.295795
0.5862 0.2069 0.932105 0.362189 0.267891
0.5862 0.2414 0.998463 -0.055425 0.291768
0.5862 0.2759 0.932105 -0.362189 0.357188
0.5862 0.3103 0.839356 -0.543583 0.446240
0.5862 0.3448 0.760114 -0.649789 0.547511
0.5862 0.3793 0.698528 -0.715583 0.655362
0.5862 0.4138 0.651098 -0.758994 0.767021
0.5862 0.4483 0.0000 0.0000 0.0000
0.5862 0.4828 0.0000 0.0000 0.0000
0.5862 0.5172 0.0000 0.0000 0.0000
0.5862 0.5517 0.0000 0.0000 0.0000
0.5862 0.5862 0.0000 0.0000 0.0000
0.5862 0.6207 0.0000 0.0000 0.0000
0.5862 0.6552 0.0000 0.0000 0.0000
0.5862 0.6897 0.0000 0.0000 0.0000
0.5862 0.7241 0.0000 0.0000 0.0000
0.5862 0.7586 0.0000 0.0000 0.0000
0.5862 0.7931 0.0000 0.0000 0.0000
0.5862 0.8276 0.0000 0.0000 0.0000
0.5862 0.8621 0.0000 0.0000 0.0000
0.5862 0.8966 0.0000 0.0000 0.0000
0.5862 0.9310 0.0000 0.0000 0.0000
0.5862 0.9655 0.0000 0.0000 0.0000
0.5862 1.0000 0.0000 0.0000 0.0000

0.6207 0.0000 0.0000 0.0000 0.0000
0.6207 0.0345 0.070023 0.997545 0.635090
0.6207 0.0690 0.170610 0.985339 0.521317
0.6207 0.1034 0.320857 0.947128 0.415801
0.6207 0.1379 0.544579 0.838710 0.326644
0.6207 0.1724 0.821907 0.569621 0.270535
0.6207 0.2069 0.991865 0.127298 0.269014
0.6207 0.2414 0.964201 -0.265174 0.322854
0.6207 0.2759 0.865954 -0.500123 0.410838
0.6207 0.3103 0.775987 -0.630749 0.515779
0.6207 0.3448 0.706729 -0.707485 0.629249
0.6207 0.3793 0.0000 0.0000 0.0000
0.6207 0.4138 0.0000 0.0000 0.0000
0.6207 0.4483 0.0000 0.0000 0.0000
0.6207 0.4828 0.0000 0.0000 0.0000
0.6207 0.5172 0.0000 0.0000 0.0000
0.6207 0.5517 0.0000 0.0000 0.0000
0.6207 0.5862 0.0000 0.0000 0.0000
0.6207 0.6207 0.0000 0.0000 0.0000
0.6207 0.6552 0.0000 0.0000 0.0000
0.6207 0.6897 0.0000 0.0000 0.0000
0.6207 0.7241 0.0000 0.0000 0.0000
0.6207 0.7586 0.0000 0.0000 0.0000
0.6207 0.7931 0.0000 0.0000 0.0000
0.6207 0.8276 0.0000 0.0000 0.0000
0.6207 0.8621 0.0000 0.0000 0.0000
0.6207 0.8966 0.0000 0.0000 0.0000
0.6207 0.9310 0.0000 0.0000 0.0000
0.6207 0.9655 0.0000 0.0000 0.0000
0.6207 1.0000 0.0000 0.0000 0.0000

0.6552 0.0000 0.0000 0.0000 0.0000
0.6552 0.0345 0.079097 0.996867 0.598307
0.6552 0.0690 0.197452 0.980313 0.479354
0.6552 0.1034 0.382069 0.924134 0.371592
0.6552 0.1379 0.657568 0.753395 0.287876
0.6552 0.1724 0.934190 0.356776 0.253292
0.6552 0.2069 0.991994 -0.126284 0.286239
0.6552 0.2414 0.897626 -0.440758 0.369054
0.6552 0.2759 0.794698 -0.607005 0.476404
0.6552 0.3103 0.715646 -0.698464 0.595157
0.6552 0.3448 0.0000 0.0000 0.0000
0.6552 0.3793 0.0000 0.0000 0.0000
0.6552 0.4138 0.0000 0.0000 0.0000
0.6552 0.4483 0.0000 0.0000 0.0000
0.6552 0.4828 0.0000 0.0000 0.0000
0.6552 0.5172 0.0000 0.0000 0.0000
0.6552 0.5517 0.0000 0.0000 0.0000
0.6552 0.5862 0.0000 0.0000 0.0000
0.6552 0.6207 0.0000 0.0000 0.0000
0.6552 0.6552 0.0000 0.0000 0.0000
0.6552 0.6897 0.0000 0.0000 0.0000
0.6552 0.7241 0.0000 0.0000 0.0000
0.6552 0.7586 0.0000 0.0000 0.0000
0.6552 0.7931 0.0000 0.0000 0.0000
0.6552 0.8276 0.0000 0.0000 0.0000
0.6552 0.8621 0.0000 0.0000 0.0000
0.6552 0.8966 0.0000 0.0000 0.0000
0.6552 0.9310 0.0000 0.0000 0.0000
0.6552 0.9655 0.0000 0.0000 0.0000
0.6552 1.0000 0.0000 0.0000 0.0000

0.6897 0.0000 0.0000 0.0000 0.0000
0.6897 0.0345 0.090574 0.995890 0.554001
0.6897 0.0690 0.233164 0.972437 0.430413
0.6897 0.1034 0.466566 0.884486 0.322644
0.6897 0.1379 0.796817 0.604221 0.251894
0.6897 0.1724 0.997137 0.075612 0.251612
0.6897 0.2069 0.935048 -0.354521 0.321984
0.6897 0.2414 0.817642 -0.575726 0.429587
0.6897 0.2759 0.725772 -0.687935 0.553103
0.6897 0.3103 0.0000 0.0000 0.0000
0.6897 0.3448 0.0000 0.0000 0.0000
0.6897 0.3793 0.0000 0.0000 0.0000
0.6897 0.4138 0.0000 0.0000 0.0000
0.6897 0.4483 0.0000 0.0000 0.0000
0.6897 0.4828 0.0000 0.0000 0.0000
0.6897 0.5172 0.0000 0.0000 0.0000
0.6897 0.5517 0.0000 0.0000 0.0000
0.6897 0.5862 0.0000 0.0000 0.0000
0.6897 0.6207 0.0000 0.0000 0.0000
0.6897 0.6552 0.0000 0.0000 0.0000
0.6897 0.6897 0.0000 0.0000 0.0000
0.6897 0.7241 0.0000 0.0000 0.0000
0.6897 0.7586 0.0000 0.0000 0.0000
0.6897 0.7931 0.0000 0.0000 0.0000
0.6897 0.8276 0.0000 0.0000 0.0000
0.6897 0.8621 0.0000 0.0000 0.0000
0.6897 0.8966 0.0000 0.0000 0.0000
0.6897 0.9310 0.0000 0.0000 0.0000
0.6897 0.9655 0.0000 0.0000 0.0000
0.6897 1.0000 0.0000 0.0000 0.0000

0.7241 0.0000 0.0000 0.0000 0.0000
0.7241 0.0345 0.105597 0.994409 0.502213
0.7241 0.0690 0.282922 0.959143 0.374889
0.7241 0.1034 0.586450 0.809985 0.271287
0.7241 0.1379 0.935811 0.352503 0.226679
0.7241 0.1724 0.975399 -0.220449 0.271848
0.7241 0.2069 0.846930 -0.531705 0.375701
0.7241 0.2414 0.737840 -0.674975 0.503123
0.7241 0.2759 0.0000 0.0000 0.0000
0.7241 0.3103 0.0000 0.0000 0.0000
0.7241 0.3448 0.0000 0.0000 0.0000
0.7241 0.3793 0.0000 0.0000 0.0000
0.7241 0.4138 0.0000 0.0000 0.0000
0.7241 0.4483 0.0000 0.0000 0.0000
0.7241 0.4828 0.0000 0.0000 0.0000
0.7241 0.5172 0.0000 0.0000 0.0000
0.7241 0.5517 0.0000 0.0000 0.0000
0.7241 0.5862 0.0000 0.0000 0.0000
0.7241 0.6207 0.0000 0.0000 0.0000
0.7241 0.6552 0.0000 0.0000 0.0000
0.7241 0.6897 0.0000 0.0000 0.0000
0.7241 0.7241 0.0000 0.0000 0.0000
0.7241 0.7586 0.0000 0.0000 0.0000
0.7241 0.7931 0.0000 0.0000 0.0000
0.7241 0.8276 0.0000 0.0000 0.0000
0.7241 0.8621 0.0000 0.0000 0.0000
0.7241 0.8966 0.0000 0.0000 0.0000
0.7241 0.9310 0.0000 0.0000 0.0000
0.7241 0.9655 0.0000 0.0000 0.0000
0.7241 1.0000 0.0000 0.0000 0.0000

0.7586 0.0000 0.0000 0.0000 0.0000
0.7586 0.0345 0.126149 0.992011 0.443016
0.7586 0.0690 0.356437 0.934319 0.313581
0.7586 0.1034 0.753040 0.657975 0.222641
0.7586 0.1379 1.000000 0.000000 0.223543
0.7586 0.1724 0.885669 -0.464317 0.315501
0.7586 0.2069 0.753040 -0.657975 0.445282
0.7586 0.2414 0.664891 -0.746941 0.588369
0.7586 0.2759 0.0000 0.0000 0.0000
0.7586 0.3103 0.0000 0.0000 0.0000
0.7586 0.3448 0.0000 0.0000 0.0000
0.7586 0.3793 0.0000 0.0000 0.0000
0.7586 0.4138 0.0000 0.0000 0.0000
0.7586 0.4483 0.0000 0.0000 0.0000
0.7586 0.4828 0.0000 0.0000 0.0000
0.7586 0.5172 0.0000 0.0000 0.0000
0.7586 0.5517 0.0000 0.0000 0.0000
0.7586 0.5862 0.0000 0.0000 0.0000
0.7586 0.6207 0.0000 0.0000 0.0000
0.7586 0.6552 0.0000 0.0000 0.0000
0.7586 0.6897 0.0000 0.0000 0.0000
0.7586 0.7241 0.0000 0.0000 0.0000
0.7586 0.7586 0.0000 0.0000 0.0000
0.7586 0.7931 0.0000 0.0000 0.0000
0.7586 0.8276 0.0000 0.0000 0.0000
0.7586 0.8621 0.0000 0.0000 0.0000
0.7586 0.8966 0.0000 0.0000 0.0000
0.7586 0.9310 0.0000 0.0000 0.0000
0.7586 0.9655 0.0000 0.0000 0.0000
0.7586 1.0000 0.0000 0.0000 0.0000

0.7931 0.0000 0.0000 0.0000 0.0000
0.7931 0.0345 0.155995 0.987758 0.376548
0.7931 0.0690 0.473072 0.881024 0.248333
0.7931 0.1034 0.937106 0.349044 0.188046
0.7931 0.1379 0.937106 -0.349044 0.250728
0.7931 0.1724 0.773483 -0.633817 0.379709
0.7931 0.2069 0.0000 0.0000 0.0000
0.7931 0.2414 0.0000 0.0000 0.0000
0.7931 0.2759 0.0000 0.0000 0.0000
0.7931 0.3103 0.0000 0.0000 0.0000
0.7931 0.3448 0.0000 0.0000 0.0000
0.7931 0.3793 0.0000 0.0000 0.0000
0.7931 0.4138 0.0000 0.0000 0.0000
0.7931 0.4483 0.0000 0.0000 0.0000
0.7931 0.4828 0.0000 0.0000 0.0000
0.7931 0.5172 0.0000 0.0000 0.0000
0.7931 0.5517 0.0000 0.0000 0.0000
0.7931 0.5862 0.0000 0.0000 0.0000
0.7931 0.6207 0.0000 0.0000 0.0000
0.7931 0.6552 0.0000 0.0000 0.0000
0.7931 0.6897 0.0000 0.0000 0.0000
0.7931 0.7241 0.0000 0.0000 0.0000
0.7931 0.7586 0.0000 0.0000 0.0000
0.7931 0.7931 0.0000 0.0000 0.0000
0.7931 0.8276 0.0000 0.0000 0.0000
0.7931 0.8621 0.0000 0.0000 0.0000
0.7931 0.8966 0.0000 0.0000 0.0000
0.7931 0.9310 0.0000 0.0000 0.0000
0.7931 0.9655 0.0000 0.0000 0.0000
0.7931 1.0000 0.0000 0.0000 0.0000

0.8276 0.0000 0.0000 0.0000 0.0000
0.8276 0.0345 0.203202 0.979137 0.303113
0.8276 0.0690 0.668679 0.743551 0.184224
0.8276 0.1034 0.992454 -0.122620 0.186185
0.8276 0.1379 0.803337 -0.595524 0.306687
0.8276 0.1724 0.0000 0.0000 0.0000
0.8276 0.2069 0.0000 0.0000 0.0000
0.8276 0.2414 0.0000 0.0000 0.0000
0.8276 0.2759 0.0000 0.0000 0.0000
0.8276 0.3103 0.0000 0.0000 0.0000
0.8276 0.3448 0.0000 0.0000 0.0000
0.8276 0.3793 0.0000 0.0000 0.0000
0.8276 0.4138 0.0000 0.0000 0.0000
0.8276 0.4483 0.0000 0.0000 0.0000
0.8276 0.4828 0.0000 0.0000 0.0000
0.8276 0.5172 0.0000 0.0000 0.0000
0.8276 0.5517 0.0000 0.0000 0.0000
0.8276 0.5862 0.0000 0.0000 0.0000
0.8276 0.6207 0.0000 0.0000 0.0000
0.8276 0.6552 0.0000 0.0000 0.0000
0.8276 0.6897 0.0000 0.0000 0.0000
0.8276 0.7241 0.0000 0.0000 0.0000
0.8276 0.7586 0.0000 0.0000 0.0000
0.8276 0.7931 0.0000 0.0000 0.0000
0.8276 0.8276 0.0000 0.0000 0.0000
0.8276 0.8621 0.0000 0.0000 0.0000
0.8276 0.8966 0.0000 0.0000 0.0000
0.8276 0.9310 0.0000 0.0000 0.0000
0.8276 0.9655 0.0000 0.0000 0.0000
0.8276 1.0000 0.0000 0.0000 0.0000

0.8621 0.0000 0.0000 0.0000 0.0000
0.8621 0.0345 0.288324 0.957533 0.223523
0.8621 0.0690 0.938166 0.346187 0.137390
0.8621 0.1034 0.851802 -0.523864 0.226979
0.8621 0.1379 0.670330 -0.742063 0.384569
0.8621 0.1724 0.0000 0.0000 0.0000
0.8621 0.2069 0.0000 0.0000 0.0000
0.8621 0.2414 0.0000 0.0000 0.0000
0.8621 0.2759 0.0000 0.0000 0.0000
0.8621 0.3103 0.0000 0.0000 0.0000
0.8621 0.3448 0.0000 0.0000 0.0000
0.8621 0.3793 0.0000 0.0000 0.0000
0.8621 0.4138 0.0000 0.0000 0.0000
0.8621 0.4483 0.0000 0.0000 0.0000
0.8621 0.4828 0.0000 0.0000 0.0000
0.8621 0.5172 0.0000 0.0000 0.0000
0.8621 0.5517 0.0000 0.0000 0.0000
0.8621 0.5862 0.0000 0.0000 0.0000
0.8621 0.6207 0.0000 0.0000 0.0000
0.8621 0.6552 0.0000 0.0000 0.0000
0.8621 0.6897 0.0000 0.0000 0.0000
0.8621 0.7241 0.0000 0.0000 0.0000
0.8621 0.7586 0.0000 0.0000 0.0000
0.8621 0.7931 0.0000 0.0000 0.0000
0.8621 0.8276 0.0000 0.0000 0.0000
0.8621 0.8621 0.0000 0.0000 0.0000
0.8621 0.8966 0.0000 0.0000 0.0000
0.8621 0.9310 0.0000 0.0000 0.0000
0.8621 0.9655 0.0000 0.0000 0.0000
0.8621 1.0000 0.0000 0.0000 0.0000

0.8966 0.0000 0.0000 0.0000 0.0000
0.8966 0.0345 0.478023 0.878347 0.140790
0.8966 0.0690 0.938626 -0.344937 0.143403
0.8966 0.1034 0.0000 0.0000 0.0000
0.8966 0.1379 0.0000 0.0000 0.0000
0.8966 0.1724 0.0000 0.0000 0.0000
0.8966 0.2069 0.0000 0.0000 0.0000
0.8966 0.2414 0.0000 0.0000 0.0000
0.8966 0.2759 0.0000 0.0000 0.0000
0.8966 0.3103 0.0000 0.0000 0.0000
0.8966 0.3448 0.0000 0.0000 0.0000
0.8966 0.3793 0.0000 0.0000 0.0000
0.8966 0.4138 0.0000 0.0000 0.0000
0.8966 0.4483 0.0000 0.0000 0.0000
0.8966 0.4828 0.0000 0.0000 0.0000
0.8966 0.5172 0.0000 0.0000 0.0000
0.8966 0.5517 0.0000 0.0000 0.0000
0.8966 0.5862 0.0000 0.0000 0.0000
0.8966 0.6207 0.0000 0.0000 0.0000
0.8966 0.6552 0.0000 0.0000 0.0000
0.8966 0.6897 0.0000 0.0000 0.0000
0.8966 0.7241 0.0000 0.0000 0.0000
0.8966 0.7586 0.0000 0.0000 0.0000
0.8966 0.7931 0.0000 0.0000 0.0000
0.8966 0.8276 0.0000 0.0000 0.0000
0.8966 0.8621 0.0000 0.0000 0.0000
0.8966 0.8966 0.0000 0.0000 0.0000
0.8966 0.9310 0.0000 0.0000 0.0000
0.8966 0.9655 0.0000 0.0000 0.0000
0.8966 1.0000 0.0000 0.0000 0.0000

0.9310 0.0000 0.0000 0.0000 0.0000
0.9310 0.0345 0.939048 0.343787 0.074708
0.9310 0.0690 0.673241 -0.739424 0.208409
0.9310 0.1034 0.0000 0.0000 0.0000
0.9310 0.1379 0.0000 0.0000 0.0000
0.9310 0.1724 0.0000 0.0000 0.0000
0.9310 0.2069 0.0000 0.0000 0.0000
0.9310 0.2414 0.0000 0.0000 0.0000
0.9310 0.2759 0.0000 0.0000 0.0000
0.9310 0.3103 0.0000 0.0000 0.0000
0.9310 0.3448 0.0000 0.0000 0.0000
0.9310 0.3793 0.0000 0.0000 0.0000
0.9310 0.4138 0.0000 0.0000 0.0000
0.9310 0.4483 0.0000 0.0000 0.0000
0.9310 0.4828 0.0000 0.0000 0.0000
0.9310 0.5172 0.0000 0.0000 0.0000
0.9310 0.5517 0.0000 0.0000 0.0000
0.9310 0.5862 0.0000 0.0000 0.0000
0.9310 0.6207 0.0000 0.0000 0.0000
0.9310 0.6552 0.0000 0.0000 0.0000
0.9310 0.6897 0.0000 0.0000 0.0000
0.9310 0.7241 0.0000 0.0000 0.0000
0.9310 0.7586 0.0000 0.0000 0.0000
0.9310 0.7931 0.0000 0.0000 0.0000
0.9310 0.8276 0.0000 0.0000 0.0000
0.9310 0.8621 0.0000 0.0000 0.0000
0.9310 0.8966 0.0000 0.0000 0.0000
0.9310 0.9310 0.0000 0.0000 0.0000
0.9310 0.9655 0.0000 0.0000 0.0000
0.9310 1.0000 0.0000 0.0000 0.0000

0.9655 0.0000 0.0000 0.0000 0.0000
0.9655 0.0345 0.0000 0.0000 0.0000
0.9655 0.0690 0.0000 0.0000 0.0000
0.9655 0.1034 0.0000 0.0000 0.0000
0.9655 0.1379 0.0000 0.0000 0.0000
0.9655 0.1724 0.0000 0.0000 0.0000
0.9655 0.2069 0.0000 0.0000 0.0000
0.9655 0.2414 0.0000 0.0000 0.0000
0.9655 0.2759 0.0000 0.0000 0.0000
0.9655 0.3103 0.0000 0.0000 0.0000
0.9655 0.3448 0.0000 0.0000 0.0000
0.9655 0.3793 0.0000 0.0000 0.0000
0.9655 0.4138 0.0000 0.0000 0.0000
0.9655 0.4483 0.0000 0.0000 0.0000
0.9655 0.4828 0.0000 0.0000 0.0000
0.9655 0.5172 0.0000 0.0000 0.0000
0.9655 0.5517 0.0000 0.0000 0.0000
0.9655 0.5862 0.0000 0.0000 0.0000
0.9655 0.6207 0.0000 0.0000 0.0000
0.9655 0.6552 0.0000 0.0000 0.0000
0.9655 0.6897 0.0000 0.0000 0.0000
0.9655 0.7241 0.0000 0.0000 0.0000
0.9655 0.7586 0.0000 0.0000 0.0000
0.9655 0.7931 0.0000 0.0000 0.0000
0.9655 0.8276 0.0000 0.0000 0.0000
0.9655 0.8621 0.0000 0.0000 0.0000
0.9655 0.8966 0.0000 0.0000 0.0000
0.9655 0.9310 0.0000 0.0000 0.0000
0.9655 0.9655 0.0000 0.0000 0.0000
0.9655 1.0000 0.0000 0.0000 0.0000

1.0000 0.0000 0.0000 0.0000 0.0000
1.0000 0.0345 0.0000 0.0000 0.0000
1.0000 0.0690 0.0000 0.0000 0.0000
1.0000 0.1034 0.0000 0.0000 0.0000
1.0000 0.1379 0.0000 0.0000 0.0000
1.0000 0.1724 0.0000 0.0000 0.0000
1.0000 0.2069 0.0000 0.0000 0.0000
1.0000 0.2414 0.0000 0.0000 0.0000
1.0000 0.2759 0.0000 0.0000 0.0000
1.0000 0.3103 0.0000 0.0000 0.0000
1.0000 0.3448 0.0000 0.0000 0.0000
1.0000 0.3793 0.0000 0.0000 0.0000
1.0000 0.4138 0.0000 0.0000 0.0000
1.0000 0.4483 0.0000 0.0000 0.0000
1.0000 0.4828 0.0000 0.0000 0.0000
1.0000 0.5172 0.0000 0.0000 0.0000
1.0000 0.5517 0.0000 0.0000 0.0000
1.0000 0.5862 0.0000 0.0000 0.0000
1.0000 0.6207 0.0000 0.0000 0.0000
1.0000 0.6552 0.0000 0.0000 0.0000
1.0000 0.6897 0.0000 0.0000 0.0000
1.0000 0.7241 0.0000 0.0000 0.0000
1.0000 0.7586 0.0000 0.0000 0.0000
1.0000 0.7931 0.0000 0.0000 0.0000
1.0000 0.8276 0.0000 0.0000 0.0000
1.0000 0.8621 0.0000 0.0000 0.0000
1.0000 0.8966 0.0000 0.0000 0.0000
1.0000 0.9310 0.0000 0.0000 0.0000
1.0000 0.9655 0.0000 0.0000 0.0000
1.0000 1.0000 0.0000 0.0000 0.0000

