0.0000 0.0000 0.000000 0.000000 0.000000
0.0000 0.0345 -1.000000 0.000000 0.006897
0.0000 0.0690 -1.000000 0.000000 0.013793
0.0000 0.1034 -1.000000 0.000000 0.020690
0.0000 0.1379 -1.000000 0.000000 0.027586
0.0000 0.1724 -1.000000 0.000000 0.034483
0.0000 0.2069 -1.000000 0.000000 0.041379
0.0000 0.2414 -1.000000 0.000000 0.048276
0.0000 0.2759 -1.000000 0.000000 0.055172
0.0000 0.3103 -1.000000 0.000000 0.062069
0.0000 0.3448 -1.000000 0.000000 0.068966
0.0000 0.3793 -1.000000 0.000000 0.075862
0.0000 0.4138 -1.000000 0.000000 0.082759
0.0000 0.4483 -1.000000 0.000000 0.089655
0.0000 0.4828 -1.000000 0.000000 0.096552
0.0000 0.5172 -1.000000 0.000000 0.103448
0.0000 0.5517 -1.000000 0.000000 0.110345
0.0000 0.5862 -1.000000 -0.000000 0.117241
0.0000 0.6207 -1.000000 -0.000000 0.124138
0.0000 0.6552 -1.000000 -0.000000 0.131034
0.0000 0.6897 -1.000000 -0.000000 0.137931
0.0000 0.7241 -1.000000 -0.000000 0.144828
0.0000 0.7586 -1.000000 -0.000000 0.151724
0.0000 0.7931 -1.000000 -0.000000 0.158621
0.0000 0.8276 -1.000000 -0.000000 0.165517
0.0000 0.8621 -1.000000 -0.000000 0.172414
0.0000 0.8966 -1.000000 -0.000000 0.179310
0.0000 0.9310 -1.000000 -0.000000 0.186207
0.0000 0.9655 -1.000000 -0.000000 0.193103
0.0000 1.0000 -1.000000 -0.000000 0.200000

0.0345 0.0000 0.000000 1.000000 0.013317
0.0345 0.0345 -0.464007 0.885832 0.014094
0.0345 0.0690 -0.746660 0.665206 0.017518
0.0345 0.1034 -0.875655 0.482937 0.022406
0.0345 0.1379 -0.934218 0.356702 0.028001
0.0345 0.1724 -0.962964 0.269630 0.033957
0.0345 0.2069 -0.978234 0.207504 0.040112
0.0345 0.2414 -0.986875 0.161489 0.046388
0.0345 0.2759 -0.991998 0.126254 0.052741
0.0345 0.3103 -0.995136 0.098508 0.059146
0.0345 0.3448 -0.997097 0.076142 0.065589
0.0345 0.3793 -0.998331 0.057755 0.072058
0.0345 0.4138 -0.999101 0.042386 0.078549
0.0345 0.4483 -0.999569 0.029358 0.085054
0.0345 0.4828 -0.999835 0.018179 0.091573
0.0345 0.5172 -0.999964 0.008485 0.098101
0.0345 0.5517 -1.000000 0.000000 0.104637
0.0345 0.5862 -0.999972 -0.007486 0.111180
0.0345 0.6207 -0.999900 -0.014140 0.117729
0.0345 0.6552 -0.999798 -0.020092 0.124282
0.0345 0.6897 -0.999676 -0.025446 0.130839
0.0345 0.7241 -0.999541 -0.030289 0.137400
0.0345 0.7586 -0.999398 -0.034690 0.143963
0.0345 0.7931 -0.999251 -0.038706 0.150529
0.0345 0.8276 -0.999101 -0.042386 0.157097
0.0345 0.8621 -0.998952 -0.045770 0.163667
0.0345 0.8966 -0.998804 -0.048893 0.170239
0.0345 0.9310 -0.998658 -0.051782 0.176813
0.0345 0.9655 -0.998516 -0.054464 0.183388
0.0345 1.0000 0.0000 0.0000 0.0000

0.0690 0.0000 0.000000 1.000000 0.025684
0.0690 0.0345 -0.249298 0.968427 0.024802
0.0690 0.0690 -0.484061 0.875034 0.025547
0.0690 0.1034 -0.667545 0.744569 0.027787
0.0690 0.1379 -0.792624 0.609711 0.031203
0.0690 0.1724 -0.871934 0.489624 0.035456
0.0690 0.2069 -0.920967 0.389640 0.040282
0.0690 0.2414 -0.951264 0.308377 0.045499
0.0690 0.2759 -0.970142 0.242536 0.050987
0.0690 0.3103 -0.982006 0.188847 0.056668
0.0690 0.3448 -0.989488 0.144617 0.062488
0.0690 0.3793 -0.994177 0.107760 0.068413
0.0690 0.4138 -0.997054 0.076696 0.074417
0.0690 0.4483 -0.998738 0.050232 0.080482
0.0690 0.4828 -0.999623 0.027462 0.086596
0.0690 0.5172 -0.999970 0.007692 0.092749
0.0690 0.5517 -0.999954 -0.009615 0.098934
0.0690 0.5862 -0.999690 -0.024879 0.105146
0.0690 0.6207 -0.999261 -0.038433 0.111378
0.0690 0.6552 -0.998722 -0.050543 0.117630
0.0690 0.6897 -0.998112 -0.061422 0.123896
0.0690 0.7241 -0.997459 -0.071247 0.130176
0.0690 0.7586 -0.996782 -0.080161 0.136468
0.0690 0.7931 -0.996095 -0.088283 0.142769
0.0690 0.8276 -0.995409 -0.095712 0.149079
0.0690 0.8621 -0.994730 -0.102534 0.155397
0.0690 0.8966 -0.994062 -0.108817 0.161721
0.0690 0.9310 -0.993409 -0.114624 0.168052
0.0690 0.9655 0.0000 0.0000 0.0000
0.0690 1.0000 0.0000 0.0000 0.0000

0.1034 0.0000 0.000000 1.000000 0.037099
0.1034 0.0345 -0.166047 0.986118 0.035089
0.1034 0.0690 -0.341184 0.939997 0.034154
0.1034 0.1034 -0.508380 0.861133 0.034382
0.1034 0.1379 -0.651886 0.758317 0.035751
0.1034 0.1724 -0.763859 0.645383 0.038138
0.1034 0.2069 -0.845079 0.534642 0.041367
0.1034 0.2414 -0.901154 0.433500 0.045258
0.1034 0.2759 -0.938670 0.344817 0.049657
0.1034 0.3103 -0.963236 0.268658 0.054439
0.1034 0.3448 -0.979014 0.203795 0.059513
0.1034 0.3793 -0.988896 0.148610 0.064810
0.1034 0.4138 -0.994834 0.101514 0.070280
0.1034 0.4483 -0.998131 0.061110 0.075885
0.1034 0.4828 -0.999656 0.026230 0.081598
0.1034 0.5172 -0.999992 -0.004082 0.087397
0.1034 0.5517 -0.999532 -0.030598 0.093266
0.1034 0.5862 -0.998544 -0.053943 0.099193
0.1034 0.6207 -0.997212 -0.074621 0.105168
0.1034 0.6552 -0.995662 -0.093043 0.111184
0.1034 0.6897 -0.993982 -0.109541 0.117233
0.1034 0.7241 -0.992233 -0.124391 0.123312
0.1034 0.7586 -0.990457 -0.137819 0.129416
0.1034 0.7931 -0.988684 -0.150013 0.135541
0.1034 0.8276 -0.986933 -0.161132 0.141685
0.1034 0.8621 -0.985218 -0.171307 0.147845
0.1034 0.8966 -0.983547 -0.180652 0.154020
0.1034 0.9310 0.0000 0.0000 0.0000
0.1034 0.9655 0.0000 0.0000 0.0000
0.1034 1.0000 0.0000 0.0000 0.0000

0.1379 0.0000 0.000000 1.000000 0.047562
0.1379 0.0345 -0.122721 0.992441 0.044570
0.1379 0.0690 -0.258362 0.966048 0.042341
0.1379 0.1034 -0.400210 0.916423 0.041001
0.1379 0.1379 -0.538389 0.842696 0.040637
0.1379 0.1724 -0.662574 0.748997 0.041276
0.1379 0.2069 -0.765486 0.643452 0.042872
0.1379 0.2414 -0.844740 0.535177 0.045325
0.1379 0.2759 -0.902134 0.431456 0.048504
0.1379 0.3103 -0.941639 0.336625 0.052278
0.1379 0.3448 -0.967617 0.252422 0.056527
0.1379 0.3793 -0.983870 0.178885 0.061153
0.1379 0.4138 -0.993346 0.115171 0.066076
0.1379 0.4483 -0.998193 0.060092 0.071235
0.1379 0.4828 -0.999923 0.012421 0.076581
0.1379 0.5172 -0.999580 -0.028973 0.082080
0.1379 0.5517 -0.997880 -0.065079 0.087701
0.1379 0.5862 -0.995311 -0.096731 0.093423
0.1379 0.6207 -0.992204 -0.124625 0.099228
0.1379 0.6552 -0.988786 -0.149336 0.105102
0.1379 0.6897 -0.985212 -0.171341 0.111036
0.1379 0.7241 -0.981584 -0.191033 0.117018
0.1379 0.7586 -0.977972 -0.208737 0.123043
0.1379 0.7931 -0.974422 -0.224725 0.129105
0.1379 0.8276 -0.970965 -0.239223 0.135198
0.1379 0.8621 -0.967617 -0.252422 0.141318
0.1379 0.8966 0.0000 0.0000 0.0000
0.1379 0.9310 0.0000 0.0000 0.0000
0.1379 0.9655 0.0000 0.0000 0.0000
0.1379 1.0000 0.0000 0.0000 0.0000

0.1724 0.0000 0.000000 1.000000 0.057075
0.1724 0.0345 -0.096181 0.995364 0.053160
0.1724 0.0690 -0.205289 0.978701 0.049812
0.1724 0.1034 -0.325291 0.945614 0.047154
0.1724 0.1379 -0.451408 0.892318 0.045307
0.1724 0.1724 -0.576157 0.817339 0.044371
0.1724 0.2069 -0.690858 0.722991 0.044405
0.1724 0.2414 -0.788223 0.615390 0.045407
0.1724 0.2759 -0.864507 0.502620 0.047314
0.1724 0.3103 -0.919881 0.392197 0.050025
0.1724 0.3448 -0.957211 0.289390 0.053415
0.1724 0.3793 -0.980421 0.196913 0.057366
0.1724 0.4138 -0.993307 0.115501 0.061769
0.1724 0.4483 -0.999001 0.044678 0.066535
0.1724 0.4828 -0.999862 -0.016609 0.071591
0.1724 0.5172 -0.997575 -0.069598 0.076881
0.1724 0.5517 -0.993307 -0.115501 0.082359
0.1724 0.5862 -0.987850 -0.155407 0.087989
0.1724 0.6207 -0.981734 -0.190259 0.093746
0.1724 0.6552 -0.975308 -0.220847 0.099606
0.1724 0.6897 -0.968803 -0.247833 0.105552
0.1724 0.7241 -0.962364 -0.271764 0.111571
0.1724 0.7586 -0.956084 -0.293091 0.117652
0.1724 0.7931 -0.950020 -0.312190 0.123785
0.1724 0.8276 -0.944200 -0.329372 0.129963
0.1724 0.8621 0.0000 0.0000 0.0000
0.1724 0.8966 0.0000 0.0000 0.0000
0.1724 0.9310 0.0000 0.0000 0.0000
0.1724 0.9655 0.0000 0.0000 0.0000
0.1724 1.0000 0.0000 0.0000 0.0000

0.2069 0.0000 0.000000 1.000000 0.065636
0.2069 0.0345 -0.078191 0.996938 0.060828
0.2069 0.0690 -0.168496 0.985702 0.056455
0.2069 0.1034 -0.271138 0.962540 0.052625
0.2069 0.1379 -0.384615 0.923077 0.049465
0.2069 0.1724 -0.504812 0.863229 0.047109
0.2069 0.2069 -0.624695 0.780869 0.045682
0.2069 0.2414 -0.735407 0.677625 0.045272
0.2069 0.2759 -0.828849 0.559473 0.045907
0.2069 0.3103 -0.900349 0.435169 0.047544
0.2069 0.3448 -0.949629 0.313377 0.050085
0.2069 0.3793 -0.979715 0.200396 0.053402
0.2069 0.4138 -0.995037 0.099504 0.057360
0.2069 0.4483 -0.999933 0.011538 0.061835
0.2069 0.4828 -0.997940 -0.064153 0.066725
0.2069 0.5172 -0.991656 -0.128915 0.071944
0.2069 0.5517 -0.982872 -0.184289 0.077426
0.2069 0.5862 -0.972776 -0.231749 0.083119
0.2069 0.6207 -0.962127 -0.272603 0.088982
0.2069 0.6552 -0.951401 -0.307954 0.094985
0.2069 0.6897 -0.940887 -0.338719 0.101101
0.2069 0.7241 -0.930751 -0.365652 0.107312
0.2069 0.7586 -0.921083 -0.389367 0.113603
0.2069 0.7931 -0.911922 -0.410365 0.119959
0.2069 0.8276 0.0000 0.0000 0.0000
0.2069 0.8621 0.0000 0.0000 0.0000
0.2069 0.8966 0.0000 0.0000 0.0000
0.2069 0.9310 0.0000 0.0000 0.0000
0.2069 0.9655 0.0000 0.0000 0.0000
0.2069 1.0000 0.0000 0.0000 0.0000

0.2414 0.0000 0.000000 1.000000 0.073246
0.2414 0.0345 -0.065117 0.997878 0.067563
0.2414 0.0690 -0.141421 0.989949 0.062219
0.2414 0.1034 -0.230311 0.973117 0.057308
0.2414 0.1379 -0.332350 0.943156 0.052950
0.2414 0.1724 -0.446248 0.894909 0.049295
0.2414 0.2069 -0.567613 0.823295 0.046505
0.2414 0.2414 -0.688260 0.725464 0.044746
0.2414 0.2759 -0.797406 0.603443 0.044138
0.2414 0.3103 -0.885206 0.465199 0.044730
0.2414 0.3448 -0.946617 0.322361 0.046476
0.2414 0.3793 -0.982570 0.185892 0.049253
0.2414 0.4138 -0.998017 0.062938 0.052899
0.2414 0.4483 -0.999048 -0.043617 0.057248
0.2414 0.4828 -0.990992 -0.133918 0.062153
0.2414 0.5172 -0.977777 -0.209649 0.067493
0.2414 0.5517 -0.962013 -0.273004 0.073172
0.2414 0.5862 -0.945325 -0.326130 0.079118
0.2414 0.6207 -0.928669 -0.370910 0.085274
0.2414 0.6552 -0.912576 -0.408907 0.091599
0.2414 0.6897 -0.897318 -0.441384 0.098059
0.2414 0.7241 -0.883013 -0.469349 0.104630
0.2414 0.7586 -0.869686 -0.493606 0.111293
0.2414 0.7931 0.0000 0.0000 0.0000
0.2414 0.8276 0.0000 0.0000 0.0000
0.2414 0.8621 0.0000 0.0000 0.0000
0.2414 0.8966 0.0000 0.0000 0.0000
0.2414 0.9310 0.0000 0.0000 0.0000
0.2414 0.9655 0.0000 0.0000 0.0000
0.2414 1.0000 0.0000 0.0000 0.0000

0.2759 0.0000 0.000000 1.000000 0.079905
0.2759 0.0345 -0.055111 0.998480 0.073358
0.2759 0.0690 -0.120543 0.992708 0.067077
0.2759 0.1034 -0.198360 0.980129 0.061144
0.2759 0.1379 -0.290482 0.956881 0.055670
0.2759 0.1724 -0.397870 0.917442 0.050806
0.2759 0.2069 -0.518978 0.854788 0.046740
0.2759 0.2414 -0.647648 0.761939 0.043696
0.2759 0.2759 -0.771930 0.635707 0.041898
0.2759 0.3103 -0.876579 0.481259 0.041508
0.2759 0.3448 -0.949795 0.312874 0.042565
0.2759 0.3793 -0.988975 0.148082 0.044967
0.2759 0.4138 -1.000000 0.000000 0.048514
0.2759 0.4483 -0.992069 -0.125692 0.052977
0.2759 0.4828 -0.973417 -0.229039 0.058145
0.2759 0.5172 -0.949795 -0.312874 0.063848
0.2759 0.5517 -0.924678 -0.380750 0.069954
0.2759 0.5862 -0.899962 -0.435968 0.076367
0.2759 0.6207 -0.876579 -0.481259 0.083017
0.2759 0.6552 -0.854913 -0.518771 0.089849
0.2759 0.6897 -0.835061 -0.550158 0.096827
0.2759 0.7241 -0.816968 -0.576683 0.103920
0.2759 0.7586 0.0000 0.0000 0.0000
0.2759 0.7931 0.0000 0.0000 0.0000
0.2759 0.8276 0.0000 0.0000 0.0000
0.2759 0.8621 0.0000 0.0000 0.0000
0.2759 0.8966 0.0000 0.0000 0.0000
0.2759 0.9310 0.0000 0.0000 0.0000
0.2759 0.9655 0.0000 0.0000 0.0000
0.2759 1.0000 0.0000 0.0000 0.0000

0.3103 0.0000 0.000000 1.000000 0.085612
0.3103 0.0345 -0.047132 0.998889 0.078208
0.3103 0.0690 -0.103813 0.994597 0.071014
0.3103 0.1034 -0.172515 0.985007 0.064100
0.3103 0.1379 -0.256120 0.966645 0.057568
0.3103 0.1724 -0.357433 0.933939 0.051563
0.3103 0.2069 -0.477772 0.878484 0.046291
0.3103 0.2414 -0.613941 0.789352 0.042028
0.3103 0.2759 -0.754082 0.656781 0.039105
0.3103 0.3103 -0.876812 0.480833 0.037836
0.3103 0.3448 -0.960346 0.278810 0.038383
0.3103 0.3793 -0.996880 0.078932 0.040674
0.3103 0.4138 -0.995350 -0.096324 0.044440
0.3103 0.4483 -0.971127 -0.238565 0.049344
0.3103 0.4828 -0.936860 -0.349704 0.055083
0.3103 0.5172 -0.900159 -0.435561 0.061424
0.3103 0.5517 -0.864789 -0.502136 0.068199
0.3103 0.5862 -0.832293 -0.554336 0.075290
0.3103 0.6207 -0.803098 -0.595847 0.082617
0.3103 0.6552 -0.777122 -0.629350 0.090122
0.3103 0.6897 -0.754082 -0.656781 0.097764
0.3103 0.7241 0.0000 0.0000 0.0000
0.3103 0.7586 0.0000 0.0000 0.0000
0.3103 0.7931 0.0000 0.0000 0.0000
0.3103 0.8276 0.0000 0.0000 0.0000
0.3103 0.8621 0.0000 0.0000 0.0000
0.3103 0.8966 0.0000 0.0000 0.0000
0.3103 0.9310 0.0000 0.0000 0.0000
0.3103 0.9655 0.0000 0.0000 0.0000
0.3103 1.0000 0.0000 0.0000 0.0000

0.3448 0.0000 0.000000 1.000000 0.090369
0.3448 0.0345 -0.040546 0.999178 0.082113
0.3448 0.0690 -0.089956 0.995946 0.074022
0.3448 0.1034 -0.150977 0.988537 0.066157
0.3448 0.1379 -0.227230 0.973841 0.058608
0.3448 0.1724 -0.323144 0.946350 0.051515
0.3448 0.2069 -0.442990 0.896527 0.045094
0.3448 0.2414 -0.587459 0.809254 0.039672
0.3448 0.2759 -0.745938 0.666016 0.035707
0.3448 0.3103 -0.888713 0.458463 0.033717
0.3448 0.3448 -0.977802 0.209529 0.034050
0.3448 0.3793 -0.999473 -0.032450 0.036642
0.3448 0.4138 -0.972806 -0.231621 0.041069
0.3448 0.4483 -0.924573 -0.381005 0.046813
0.3448 0.4828 -0.872050 -0.489416 0.053450
0.3448 0.5172 -0.822897 -0.568191 0.060689
0.3448 0.5517 -0.779509 -0.626391 0.068338
0.3448 0.5862 -0.742053 -0.670342 0.076274
0.3448 0.6207 -0.709918 -0.704284 0.084416
0.3448 0.6552 -0.682318 -0.731055 0.092710
0.3448 0.6897 0.0000 0.0000 0.0000
0.3448 0.7241 0.0000 0.0000 0.0000
0.3448 0.7586 0.0000 0.0000 0.0000
0.3448 0.7931 0.0000 0.0000 0.0000
0.3448 0.8276 0.0000 0.0000 0.0000
0.3448 0.8621 0.0000 0.0000 0.0000
0.3448 0.8966 0.0000 0.0000 0.0000
0.3448 0.9310 0.0000 0.0000 0.0000
0.3448 0.9655 0.0000 0.0000 0.0000
0.3448 1.0000 0.0000 0.0000 0.0000

0.3793 0.0000 0.000000 1.000000 0.094174
0.3793 0.0345 -0.034944 0.999389 0.085070
0.3793 0.0690 -0.078130 0.996943 0.076095
0.3793 0.1034 -0.132511 0.991182 0.067300
0.3793 0.1379 -0.202338 0.979316 0.058766
0.3793 0.1724 -0.293591 0.955931 0.050626
0.3793 0.2069 -0.413803 0.910366 0.043102
0.3793 0.2414 -0.568872 0.822426 0.036579
0.3793 0.2759 -0.750714 0.660628 0.031678
0.3793 0.3103 -0.915315 0.402739 0.029229
0.3793 0.3448 -0.996150 0.087661 0.029841
0.3793 0.3793 -0.980581 -0.196116 0.033347
0.3793 0.4138 -0.915315 -0.402739 0.038972
0.3793 0.4483 -0.841094 -0.540888 0.045945
0.3793 0.4828 -0.774351 -0.632756 0.053744
0.3793 0.5172 -0.718509 -0.695517 0.062059
0.3793 0.5517 -0.672673 -0.739940 0.070707
0.3793 0.5862 -0.635026 -0.772491 0.079580
0.3793 0.6207 -0.603858 -0.797092 0.088610
0.3793 0.6552 0.0000 0.0000 0.0000
0.3793 0.6897 0.0000 0.0000 0.0000
0.3793 0.7241 0.0000 0.0000 0.0000
0.3793 0.7586 0.0000 0.0000 0.0000
0.3793 0.7931 0.0000 0.0000 0.0000
0.3793 0.8276 0.0000 0.0000 0.0000
0.3793 0.8621 0.0000 0.0000 0.0000
0.3793 0.8966 0.0000 0.0000 0.0000
0.3793 0.9310 0.0000 0.0000 0.0000
0.3793 0.9655 0.0000 0.0000 0.0000
0.3793 1.0000 0.0000 0.0000 0.0000

0.4138 0.0000 0.000000 1.000000 0.097027
0.4138 0.0345 -0.030041 0.999549 0.087079
0.4138 0.0690 -0.067745 0.997703 0.077229
0.4138 0.1034 -0.116228 0.993223 0.067521
0.4138 0.1379 -0.180328 0.983607 0.058026
0.4138 0.1724 -0.267644 0.963518 0.048870
0.4138 0.2069 -0.389640 0.920967 0.040282
0.4138 0.2414 -0.559723 0.828680 0.032715
0.4138 0.2759 -0.773957 0.633238 0.027040
0.4138 0.3103 -0.957024 0.290007 0.024601
0.4138 0.3448 -0.994102 -0.108448 0.026315
0.4138 0.3793 -0.913188 -0.407538 0.031511
0.4138 0.4138 -0.808736 -0.588172 0.038815
0.4138 0.4483 -0.719575 -0.694415 0.047260
0.4138 0.4828 -0.650096 -0.759852 0.056335
0.4138 0.5172 -0.596524 -0.802595 0.065779
0.4138 0.5517 -0.554700 -0.832050 0.075455
0.4138 0.5862 -0.521450 -0.853282 0.085283
0.4138 0.6207 0.0000 0.0000 0.0000
0.4138 0.6552 0.0000 0.0000 0.0000
0.4138 0.6897 0.0000 0.0000 0.0000
0.4138 0.7241 0.0000 0.0000 0.0000
0.4138 0.7586 0.0000 0.0000 0.0000
0.4138 0.7931 0.0000 0.0000 0.0000
0.4138 0.8276 0.0000 0.0000 0.0000
0.4138 0.8621 0.0000 0.0000 0.0000
0.4138 0.8966 0.0000 0.0000 0.0000
0.4138 0.9310 0.0000 0.0000 0.0000
0.4138 0.9655 0.0000 0.0000 0.0000
0.4138 1.0000 0.0000 0.0000 0.0000

0.4483 0.0000 0.000000 1.000000 0.098930
0.4483 0.0345 -0.025633 0.999671 0.088138
0.4483 0.0690 -0.058362 0.998295 0.077421
0.4483 0.1034 -0.101442 0.994841 0.066813
0.4483 0.1379 -0.160293 0.987069 0.056377
0.4483 0.1724 -0.244351 0.969687 0.046229
0.4483 0.2069 -0.370270 0.928924 0.036609
0.4483 0.2414 -0.563468 0.826138 0.028066
0.4483 0.2759 -0.825307 0.564684 0.021899
0.4483 0.3103 -0.997123 0.075805 0.020392
0.4483 0.3448 -0.925081 -0.379770 0.024422
0.4483 0.3793 -0.777591 -0.628770 0.031959
0.4483 0.4138 -0.659323 -0.751860 0.041119
0.4483 0.4483 -0.575493 -0.817806 0.051034
0.4483 0.4828 -0.515636 -0.856808 0.061340
0.4483 0.5172 -0.471533 -0.881849 0.071868
0.4483 0.5517 -0.437969 -0.898990 0.082534
0.4483 0.5862 0.0000 0.0000 0.0000
0.4483 0.6207 0.0000 0.0000 0.0000
0.4483 0.6552 0.0000 0.0000 0.0000
0.4483 0.6897 0.0000 0.0000 0.0000
0.4483 0.7241 0.0000 0.0000 0.0000
0.4483 0.7586 0.0000 0.0000 0.0000
0.4483 0.7931 0.0000 0.0000 0.0000
0.4483 0.8276 0.0000 0.0000 0.0000
0.4483 0.8621 0.0000 0.0000 0.0000
0.4483 0.8966 0.0000 0.0000 0.0000
0.4483 0.9310 0.0000 0.0000 0.0000
0.4483 0.9655 0.0000 0.0000 0.0000
0.4483 1.0000 0.0000 0.0000 0.0000

0.4828 0.0000 0.000000 1.000000 0.099881
0.4828 0.0345 -0.021558 0.999768 0.088249
0.4828 0.0690 -0.049628 0.998768 0.076670
0.4828 0.1034 -0.087574 0.996158 0.065173
0.4828 0.1379 -0.141421 0.989949 0.053811
0.4828 0.1724 -0.222825 0.974859 0.042690
0.4828 0.2069 -0.355995 0.934488 0.032065
0.4828 0.2414 -0.588172 0.808736 0.022642
0.4828 0.2759 -0.916157 0.400819 0.016613
0.4828 0.3103 -0.960000 -0.280000 0.017836
0.4828 0.3448 -0.752577 -0.658505 0.025280
0.4828 0.3793 -0.594581 -0.804036 0.035197
0.4828 0.4138 -0.496139 -0.868243 0.046015
0.4828 0.4483 -0.432191 -0.901782 0.057226
0.4828 0.4828 -0.388057 -0.921635 0.068637
0.4828 0.5172 0.0000 0.0000 0.0000
0.4828 0.5517 0.0000 0.0000 0.0000
0.4828 0.5862 0.0000 0.0000 0.0000
0.4828 0.6207 0.0000 0.0000 0.0000
0.4828 0.6552 0.0000 0.0000 0.0000
0.4828 0.6897 0.0000 0.0000 0.0000
0.4828 0.7241 0.0000 0.0000 0.0000
0.4828 0.7586 0.0000 0.0000 0.0000
0.4828 0.7931 0.0000 0.0000 0.0000
0.4828 0.8276 0.0000 0.0000 0.0000
0.4828 0.8621 0.0000 0.0000 0.0000
0.4828 0.8966 0.0000 0.0000 0.0000
0.4828 0.9310 0.0000 0.0000 0.0000
0.4828 0.9655 0.0000 0.0000 0.0000
0.4828 1.0000 0.0000 0.0000 0.0000

0.5172 0.0000 0.000000 1.000000 0.099881
0.5172 0.0345 -0.017684 0.999844 0.087410
0.5172 0.0690 -0.041235 0.999149 0.074975
0.5172 0.1034 -0.074082 0.997252 0.062598
0.5172 0.1379 -0.122871 0.992423 0.050322
0.5172 0.1724 -0.202092 0.979367 0.038245
0.5172 0.2069 -0.348187 0.937425 0.026637
0.5172 0.2414 -0.654931 0.755689 0.016522
0.5172 0.2759 -1.000000 0.000000 0.012366
0.5172 0.3103 -0.744242 -0.667910 0.018693
0.5172 0.3448 -0.526355 -0.850265 0.029368
0.5172 0.3793 -0.413367 -0.910564 0.041134
0.5172 0.4138 -0.348187 -0.937425 0.053274
0.5172 0.4483 -0.306420 -0.951896 0.065580
0.5172 0.4828 0.0000 0.0000 0.0000
0.5172 0.5172 0.0000 0.0000 0.0000
0.5172 0.5517 0.0000 0.0000 0.0000
0.5172 0.5862 0.0000 0.0000 0.0000
0.5172 0.6207 0.0000 0.0000 0.0000
0.5172 0.6552 0.0000 0.0000 0.0000
0.5172 0.6897 0.0000 0.0000 0.0000
0.5172 0.7241 0.0000 0.0000 0.0000
0.5172 0.7586 0.0000 0.0000 0.0000
0.5172 0.7931 0.0000 0.0000 0.0000
0.5172 0.8276 0.0000 0.0000 0.0000
0.5172 0.8621 0.0000 0.0000 0.0000
0.5172 0.8966 0.0000 0.0000 0.0000
0.5172 0.9310 0.0000 0.0000 0.0000
0.5172 0.9655 0.0000 0.0000 0.0000
0.5172 1.0000 0.0000 0.0000 0.0000

0.5517 0.0000 0.000000 1.000000 0.098930
0.5517 0.0345 -0.013888 0.999904 0.085621
0.5517 0.0690 -0.032877 0.999459 0.072334
0.5517 0.1034 -0.060374 0.998176 0.059085
0.5517 0.1379 -0.103606 0.994618 0.045907
0.5517 0.1724 -0.180794 0.983521 0.032884
0.5517 0.2069 -0.351123 0.936329 0.020319
0.5517 0.2414 -0.824729 0.565528 0.010092
0.5517 0.2759 -0.780869 -0.624695 0.012182
0.5517 0.3103 -0.455289 -0.890344 0.023505
0.5517 0.3448 -0.328012 -0.944674 0.036251
0.5517 0.3793 -0.265156 -0.964205 0.049328
0.5517 0.4138 -0.228191 -0.973616 0.062530
0.5517 0.4483 -0.203954 -0.978980 0.075790
0.5517 0.4828 0.0000 0.0000 0.0000
0.5517 0.5172 0.0000 0.0000 0.0000
0.5517 0.5517 0.0000 0.0000 0.0000
0.5517 0.5862 0.0000 0.0000 0.0000
0.5517 0.6207 0.0000 0.0000 0.0000
0.5517 0.6552 0.0000 0.0000 0.0000
0.5517 0.6897 0.0000 0.0000 0.0000
0.5517 0.7241 0.0000 0.0000 0.0000
0.5517 0.7586 0.0000 0.0000 0.0000
0.5517 0.7931 0.0000 0.0000 0.0000
0.5517 0.8276 0.0000 0.0000 0.0000
0.5517 0.8621 0.0000 0.0000 0.0000
0.5517 0.8966 0.0000 0.0000 0.0000
0.5517 0.9310 0.0000 0.0000 0.0000
0.5517 0.9655 0.0000 0.0000 0.0000
0.5517 1.0000 0.0000 0.0000 0.0000

0.5862 0.0000 0.000000 1.000000 0.097027
0.5862 0.0345 -0.010043 0.999950 0.082882
0.5862 0.0690 -0.024214 0.999707 0.068748
0.5862 0.1034 -0.045704 0.998955 0.054635
0.5862 0.1379 -0.082075 0.996626 0.040565
0.5862 0.1724 -0.156422 0.987690 0.026606
0.5862 0.2069 -0.380750 0.924678 0.013116
0.5862 0.2414 -0.944757 -0.327773 0.006167
0.5862 0.2759 -0.380750 -0.924678 0.017488
0.5862 0.3103 -0.239847 -0.970811 0.031233
0.5862 0.3448 -0.183971 -0.982932 0.045243
0.5862 0.3793 -0.154316 -0.988022 0.059331
0.5862 0.4138 -0.135980 -0.990712 0.073453
0.5862 0.4483 0.0000 0.0000 0.0000
0.5862 0.4828 0.0000 0.0000 0.0000
0.5862 0.5172 0.0000 0.0000 0.0000
0.5862 0.5517 0.0000 0.0000 0.0000
0.5862 0.5862 0.0000 0.0000 0.0000
0.5862 0.6207 0.0000 0.0000 0.0000
0.5862 0.6552 0.0000 0.0000 0.0000
0.5862 0.6897 0.0000 0.0000 0.0000
0.5862 0.7241 0.0000 0.0000 0.0000
0.5862 0.7586 0.0000 0.0000 0.0000
0.5862 0.7931 0.0000 0.0000 0.0000
0.5862 0.8276 0.0000 0.0000 0.0000
0.5862 0.8621 0.0000 0.0000 0.0000
0.5862 0.8966 0.0000 0.0000 0.0000
0.5862 0.9310 0.0000 0.0000 0.0000
0.5862 0.9655 0.0000 0.0000 0.0000
0.5862 1.0000 0.0000 0.0000 0.0000

0.6207 0.0000 0.000000 1.000000 0.094174
0.6207 0.0345 -0.006006 0.999982 0.079193
0.6207 0.0690 -0.014813 0.999890 0.064216
0.6207 0.1034 -0.028973 0.999580 0.049248
0.6207 0.1379 -0.055470 0.998460 0.034298
0.6207 0.1724 -0.122527 0.992465 0.019409
0.6207 0.2069 -0.554700 0.832050 0.005145
0.6207 0.2414 -0.297067 -0.954857 0.011207
0.6207 0.2759 -0.146549 -0.989203 0.025964
0.6207 0.3103 -0.104685 -0.994505 0.040891
0.6207 0.3448 -0.085160 -0.996367 0.055851
0.6207 0.3793 -0.073872 -0.997268 0.070824
0.6207 0.4138 0.0000 0.0000 0.0000
0.6207 0.4483 0.0000 0.0000 0.0000
0.6207 0.4828 0.0000 0.0000 0.0000
0.6207 0.5172 0.0000 0.0000 0.0000
0.6207 0.5517 0.0000 0.0000 0.0000
0.6207 0.5862 0.0000 0.0000 0.0000
0.6207 0.6207 0.0000 0.0000 0.0000
0.6207 0.6552 0.0000 0.0000 0.0000
0.6207 0.6897 0.0000 0.0000 0.0000
0.6207 0.7241 0.0000 0.0000 0.0000
0.6207 0.7586 0.0000 0.0000 0.0000
0.6207 0.7931 0.0000 0.0000 0.0000
0.6207 0.8276 0.0000 0.0000 0.0000
0.6207 0.8621 0.0000 0.0000 0.0000
0.6207 0.8966 0.0000 0.0000 0.0000
0.6207 0.9310 0.0000 0.0000 0.0000
0.6207 0.9655 0.0000 0.0000 0.0000
0.6207 1.0000 0.0000 0.0000 0.0000

0.6552 0.0000 0.000000 1.000000 0.090369
0.6552 0.0345 -0.001595 0.999999 0.074554
0.6552 0.0690 -0.004049 0.999992 0.058740
0.6552 0.1034 -0.008310 0.999965 0.042927
0.6552 0.1379 -0.017541 0.999846 0.027115
0.6552 0.1724 -0.052559 0.998618 0.011312
0.6552 0.2069 -0.155962 -0.987763 0.004574
0.6552 0.2414 -0.040901 -0.999163 0.020350
0.6552 0.2759 -0.026307 -0.999654 0.036160
0.6552 0.3103 -0.020591 -0.999788 0.051973
0.6552 0.3448 -0.017541 -0.999846 0.067787
0.6552 0.3793 0.0000 0.0000 0.0000
0.6552 0.4138 0.0000 0.0000 0.0000
0.6552 0.4483 0.0000 0.0000 0.0000
0.6552 0.4828 0.0000 0.0000 0.0000
0.6552 0.5172 0.0000 0.0000 0.0000
0.6552 0.5517 0.0000 0.0000 0.0000
0.6552 0.5862 0.0000 0.0000 0.0000
0.6552 0.6207 0.0000 0.0000 0.0000
0.6552 0.6552 0.0000 0.0000 0.0000
0.6552 0.6897 0.0000 0.0000 0.0000
0.6552 0.7241 0.0000 0.0000 0.0000
0.6552 0.7586 0.0000 0.0000 0.0000
0.6552 0.7931 0.0000 0.0000 0.0000
0.6552 0.8276 0.0000 0.0000 0.0000
0.6552 0.8621 0.0000 0.0000 0.0000
0.6552 0.8966 0.0000 0.0000 0.0000
0.6552 0.9310 0.0000 0.0000 0.0000
0.6552 0.9655 0.0000 0.0000 0.0000
0.6552 1.0000 0.0000 0.0000 0.0000

0.6897 0.0000 0.000000 1.000000 0.085612
0.6897 0.0345 0.003448 0.999994 0.068966
0.6897 0.0690 0.009091 0.999959 0.052321
0.6897 0.1034 0.019996 0.999800 0.035679
0.6897 0.1379 0.049938 0.998752 0.019049
0.6897 0.1724 0.447214 0.894427 0.002659
0.6897 0.2069 0.099504 -0.995037 0.014340
0.6897 0.2414 0.053768 -0.998553 0.030960
0.6897 0.2759 0.039968 -0.999201 0.047600
0.6897 0.3103 0.0000 0.0000 0.0000
0.6897 0.3448 0.0000 0.0000 0.0000
0.6897 0.3793 0.0000 0.0000 0.0000
0.6897 0.4138 0.0000 0.0000 0.0000
0.6897 0.4483 0.0000 0.0000 0.0000
0.6897 0.4828 0.0000 0.0000 0.0000
0.6897 0.5172 0.0000 0.0000 0.0000
0.6897 0.5517 0.0000 0.0000 0.0000
0.6897 0.5862 0.0000 0.0000 0.0000
0.6897 0.6207 0.0000 0.0000 0.0000
0.6897 0.6552 0.0000 0.0000 0.0000
0.6897 0.6897 0.0000 0.0000 0.0000
0.6897 0.7241 0.0000 0.0000 0.0000
0.6897 0.7586 0.0000 0.0000 0.0000
0.6897 0.7931 0.0000 0.0000 0.0000
0.6897 0.8276 0.0000 0.0000 0.0000
0.6897 0.8621 0.0000 0.0000 0.0000
0.6897 0.8966 0.0000 0.0000 0.0000
0.6897 0.9310 0.0000 0.0000 0.0000
0.6897 0.9655 0.0000 0.0000 0.0000
0.6897 1.0000 0.0000 0.0000 0.0000

0.7241 0.0000 0.000000 1.000000 0.079905
0.7241 0.0345 0.009523 0.999955 0.062429
0.7241 0.0690 0.026446 0.999650 0.044962
0.7241 0.1034 0.064799 0.997898 0.027525
0.7241 0.1379 0.231621 0.972806 0.010267
0.7241 0.1724 0.368846 -0.929491 0.008059
0.7241 0.2069 0.141421 -0.989949 0.025224
0.7241 0.2414 0.097571 -0.995229 0.042653
0.7241 0.2759 0.079116 -0.996865 0.060117
0.7241 0.3103 0.0000 0.0000 0.0000
0.7241 0.3448 0.0000 0.0000 0.0000
0.7241 0.3793 0.0000 0.0000 0.0000
0.7241 0.4138 0.0000 0.0000 0.0000
0.7241 0.4483 0.0000 0.0000 0.0000
0.7241 0.4828 0.0000 0.0000 0.0000
0.7241 0.5172 0.0000 0.0000 0.0000
0.7241 0.5517 0.0000 0.0000 0.0000
0.7241 0.5862 0.0000 0.0000 0.0000
0.7241 0.6207 0.0000 0.0000 0.0000
0.7241 0.6552 0.0000 0.0000 0.0000
0.7241 0.6897 0.0000 0.0000 0.0000
0.7241 0.7241 0.0000 0.0000 0.0000
0.7241 0.7586 0.0000 0.0000 0.0000
0.7241 0.7931 0.0000 0.0000 0.0000
0.7241 0.8276 0.0000 0.0000 0.0000
0.7241 0.8621 0.0000 0.0000 0.0000
0.7241 0.8966 0.0000 0.0000 0.0000
0.7241 0.9310 0.0000 0.0000 0.0000
0.7241 0.9655 0.0000 0.0000 0.0000
0.7241 1.0000 0.0000 0.0000 0.0000

0.7586 0.0000 0.000000 1.000000 0.073246
0.7586 0.0345 0.017313 0.999850 0.054943
0.7586 0.0690 0.051878 0.998653 0.036672
0.7586 0.1034 0.153985 0.988073 0.018533
0.7586 0.1379 1.000000 0.000000 0.003805
0.7586 0.1724 0.251398 -0.967884 0.018919
0.7586 0.2069 0.153985 -0.988073 0.037065
0.7586 0.2414 0.120331 -0.992734 0.055337
0.7586 0.2759 0.0000 0.0000 0.0000
0.7586 0.3103 0.0000 0.0000 0.0000
0.7586 0.3448 0.0000 0.0000 0.0000
0.7586 0.3793 0.0000 0.0000 0.0000
0.7586 0.4138 0.0000 0.0000 0.0000
0.7586 0.4483 0.0000 0.0000 0.0000
0.7586 0.4828 0.0000 0.0000 0.0000
0.7586 0.5172 0.0000 0.0000 0.0000
0.7586 0.5517 0.0000 0.0000 0.0000
0.7586 0.5862 0.0000 0.0000 0.0000
0.7586 0.6207 0.0000 0.0000 0.0000
0.7586 0.6552 0.0000 0.0000 0.0000
0.7586 0.6897 0.0000 0.0000 0.0000
0.7586 0.7241 0.0000 0.0000 0.0000
0.7586 0.7586 0.0000 0.0000 0.0000
0.7586 0.7931 0.0000 0.0000 0.0000
0.7586 0.8276 0.0000 0.0000 0.0000
0.7586 0.8621 0.0000 0.0000 0.0000
0.7586 0.8966 0.0000 0.0000 0.0000
0.7586 0.9310 0.0000 0.0000 0.0000
0.7586 0.9655 0.0000 0.0000 0.0000
0.7586 1.0000 0.0000 0.0000 0.0000

0.7931 0.0000 0.000000 1.000000 0.065636
0.7931 0.0345 0.028122 0.999605 0.046511
0.7931 0.0690 0.095218 0.995456 0.027473
0.7931 0.1034 0.431456 0.902134 0.009095
0.7931 0.1379 0.431456 -0.902134 0.012126
0.7931 0.1724 0.212430 -0.977176 0.030786
0.7931 0.2069 0.0000 0.0000 0.0000
0.7931 0.2414 0.0000 0.0000 0.0000
0.7931 0.2759 0.0000 0.0000 0.0000
0.7931 0.3103 0.0000 0.0000 0.0000
0.7931 0.3448 0.0000 0.0000 0.0000
0.7931 0.3793 0.0000 0.0000 0.0000
0.7931 0.4138 0.0000 0.0000 0.0000
0.7931 0.4483 0.0000 0.0000 0.0000
0.7931 0.4828 0.0000 0.0000 0.0000
0.7931 0.5172 0.0000 0.0000 0.0000
0.7931 0.5517 0.0000 0.0000 0.0000
0.7931 0.5862 0.0000 0.0000 0.0000
0.7931 0.6207 0.0000 0.0000 0.0000
0.7931 0.6552 0.0000 0.0000 0.0000
0.7931 0.6897 0.0000 0.0000 0.0000
0.7931 0.7241 0.0000 0.0000 0.0000
0.7931 0.7586 0.0000 0.0000 0.0000
0.7931 0.7931 0.0000 0.0000 0.0000
0.7931 0.8276 0.0000 0.0000 0.0000
0.7931 0.8621 0.0000 0.0000 0.0000
0.7931 0.8966 0.0000 0.0000 0.0000
0.7931 0.9310 0.0000 0.0000 0.0000
0.7931 0.9655 0.0000 0.0000 0.0000
0.7931 1.0000 0.0000 0.0000 0.0000

0.8276 0.0000 0.000000 1.000000 0.057075
0.8276 0.0345 0.044827 0.998995 0.037136
0.8276 0.0690 0.190870 0.981615 0.017443
0.8276 0.1034 0.868243 -0.496139 0.005752
0.8276 0.1379 0.280000 -0.960000 0.023781
0.8276 0.1724 0.190870 -0.981615 0.043608
0.8276 0.2069 0.0000 0.0000 0.0000
0.8276 0.2414 0.0000 0.0000 0.0000
0.8276 0.2759 0.0000 0.0000 0.0000
0.8276 0.3103 0.0000 0.0000 0.0000
0.8276 0.3448 0.0000 0.0000 0.0000
0.8276 0.3793 0.0000 0.0000 0.0000
0.8276 0.4138 0.0000 0.0000 0.0000
0.8276 0.4483 0.0000 0.0000 0.0000
0.8276 0.4828 0.0000 0.0000 0.0000
0.8276 0.5172 0.0000 0.0000 0.0000
0.8276 0.5517 0.0000 0.0000 0.0000
0.8276 0.5862 0.0000 0.0000 0.0000
0.8276 0.6207 0.0000 0.0000 0.0000
0.8276 0.6552 0.0000 0.0000 0.0000
0.8276 0.6897 0.0000 0.0000 0.0000
0.8276 0.7241 0.0000 0.0000 0.0000
0.8276 0.7586 0.0000 0.0000 0.0000
0.8276 0.7931 0.0000 0.0000 0.0000
0.8276 0.8276 0.0000 0.0000 0.0000
0.8276 0.8621 0.0000 0.0000 0.0000
0.8276 0.8966 0.0000 0.0000 0.0000
0.8276 0.9310 0.0000 0.0000 0.0000
0.8276 0.9655 0.0000 0.0000 0.0000
0.8276 1.0000 0.0000 0.0000 0.0000

0.8621 0.0000 0.000000 1.000000 0.047562
0.8621 0.0345 0.075341 0.997158 0.026830
0.8621 0.0690 0.562310 0.826926 0.007190
0.8621 0.1034 0.377767 -0.925901 0.016053
0.8621 0.1379 0.221059 -0.975260 0.036577
0.8621 0.1724 0.0000 0.0000 0.0000
0.8621 0.2069 0.0000 0.0000 0.0000
0.8621 0.2414 0.0000 0.0000 0.0000
0.8621 0.2759 0.0000 0.0000 0.0000
0.8621 0.3103 0.0000 0.0000 0.0000
0.8621 0.3448 0.0000 0.0000 0.0000
0.8621 0.3793 0.0000 0.0000 0.0000
0.8621 0.4138 0.0000 0.0000 0.0000
0.8621 0.4483 0.0000 0.0000 0.0000
0.8621 0.4828 0.0000 0.0000 0.0000
0.8621 0.5172 0.0000 0.0000 0.0000
0.8621 0.5517 0.0000 0.0000 0.0000
0.8621 0.5862 0.0000 0.0000 0.0000
0.8621 0.6207 0.0000 0.0000 0.0000
0.8621 0.6552 0.0000 0.0000 0.0000
0.8621 0.6897 0.0000 0.0000 0.0000
0.8621 0.7241 0.0000 0.0000 0.0000
0.8621 0.7586 0.0000 0.0000 0.0000
0.8621 0.7931 0.0000 0.0000 0.0000
0.8621 0.8276 0.0000 0.0000 0.0000
0.8621 0.8621 0.0000 0.0000 0.0000
0.8621 0.8966 0.0000 0.0000 0.0000
0.8621 0.9310 0.0000 0.0000 0.0000
0.8621 0.9655 0.0000 0.0000 0.0000
0.8621 1.0000 0.0000 0.0000 0.0000

0.8966 0.0000 0.000000 1.000000 0.037099
0.8966 0.0345 0.152057 0.988372 0.015640
0.8966 0.0690 0.609711 -0.792624 0.007801
0.8966 0.1034 0.0000 0.0000 0.0000
0.8966 0.1379 0.0000 0.0000 0.0000
0.8966 0.1724 0.0000 0.0000 0.0000
0.8966 0.2069 0.0000 0.0000 0.0000
0.8966 0.2414 0.0000 0.0000 0.0000
0.8966 0.2759 0.0000 0.0000 0.0000
0.8966 0.3103 0.0000 0.0000 0.0000
0.8966 0.3448 0.0000 0.0000 0.0000
0.8966 0.3793 0.0000 0.0000 0.0000
0.8966 0.4138 0.0000 0.0000 0.0000
0.8966 0.4483 0.0000 0.0000 0.0000
0.8966 0.4828 0.0000 0.0000 0.0000
0.8966 0.5172 0.0000 0.0000 0.0000
0.8966 0.5517 0.0000 0.0000 0.0000
0.8966 0.5862 0.0000 0.0000 0.0000
0.8966 0.6207 0.0000 0.0000 0.0000
0.8966 0.6552 0.0000 0.0000 0.0000
0.8966 0.6897 0.0000 0.0000 0.0000
0.8966 0.7241 0.0000 0.0000 0.0000
0.8966 0.7586 0.0000 0.0000 0.0000
0.8966 0.7931 0.0000 0.0000 0.0000
0.8966 0.8276 0.0000 0.0000 0.0000
0.8966 0.8621 0.0000 0.0000 0.0000
0.8966 0.8966 0.0000 0.0000 0.0000
0.8966 0.9310 0.0000 0.0000 0.0000
0.8966 0.9655 0.0000 0.0000 0.0000
0.8966 1.0000 0.0000 0.0000 0.0000

0.9310 0.0000 0.000000 1.000000 0.025684
0.9310 0.0345 0.648466 0.761243 0.004217
0.9310 0.0690 0.273152 -0.961971 0.020024
0.9310 0.1034 0.0000 0.0000 0.0000
0.9310 0.1379 0.0000 0.0000 0.0000
0.9310 0.1724 0.0000 0.0000 0.0000
0.9310 0.2069 0.0000 0.0000 0.0000
0.9310 0.2414 0.0000 0.0000 0.0000
0.9310 0.2759 0.0000 0.0000 0.0000
0.9310 0.3103 0.0000 0.0000 0.0000
0.9310 0.3448 0.0000 0.0000 0.0000
0.9310 0.3793 0.0000 0.0000 0.0000
0.9310 0.4138 0.0000 0.0000 0.0000
0.9310 0.4483 0.0000 0.0000 0.0000
0.9310 0.4828 0.0000 0.0000 0.0000
0.9310 0.5172 0.0000 0.0000 0.0000
0.9310 0.5517 0.0000 0.0000 0.0000
0.9310 0.5862 0.0000 0.0000 0.0000
0.9310 0.6207 0.0000 0.0000 0.0000
0.9310 0.6552 0.0000 0.0000 0.0000
0.9310 0.6897 0.0000 0.0000 0.0000
0.9310 0.7241 0.0000 0.0000 0.0000
0.9310 0.7586 0.0000 0.0000 0.0000
0.9310 0.7931 0.0000 0.0000 0.0000
0.9310 0.8276 0.0000 0.0000 0.0000
0.9310 0.8621 0.0000 0.0000 0.0000
0.9310 0.8966 0.0000 0.0000 0.0000
0.9310 0.9310 0.0000 0.0000 0.0000
0.9310 0.9655 0.0000 0.0000 0.0000
0.9310 1.0000 0.0000 0.0000 0.0000

0.9655 0.0000 0.000000 1.000000 0.013317
0.9655 0.0345 0.0000 0.0000 0.0000
0.9655 0.0690 0.0000 0.0000 0.0000
0.9655 0.1034 0.0000 0.0000 0.0000
0.9655 0.1379 0.0000 0.0000 0.0000
0.9655 0.1724 0.0000 0.0000 0.0000
0.9655 0.2069 0.0000 0.0000 0.0000
0.9655 0.2414 0.0000 0.0000 0.0000
0.9655 0.2759 0.0000 0.0000 0.0000
0.9655 0.3103 0.0000 0.0000 0.0000
0.9655 0.3448 0.0000 0.0000 0.0000
0.9655 0.3793 0.0000 0.0000 0.0000
0.9655 0.4138 0.0000 0.0000 0.0000
0.9655 0.4483 0.0000 0.0000 0.0000
0.9655 0.4828 0.0000 0.0000 0.0000
0.9655 0.5172 0.0000 0.0000 0.0000
0.9655 0.5517 0.0000 0.0000 0.0000
0.9655 0.5862 0.0000 0.0000 0.0000
0.9655 0.6207 0.0000 0.0000 0.0000
0.9655 0.6552 0.0000 0.0000 0.0000
0.9655 0.6897 0.0000 0.0000 0.0000
0.9655 0.7241 0.0000 0.0000 0.0000
0.9655 0.7586 0.0000 0.0000 0.0000
0.9655 0.7931 0.0000 0.0000 0.0000
0.9655 0.8276 0.0000 0.0000 0.0000
0.9655 0.8621 0.0000 0.0000 0.0000
0.9655 0.8966 0.0000 0.0000 0.0000
0.9655 0.9310 0.0000 0.0000 0.0000
0.9655 0.9655 0.0000 0.0000 0.0000
0.9655 1.0000 0.0000 0.0000 0.0000

1.0000 0.0000 0.000000 0.000000 0.000000
1.0000 0.0345 0.0000 0.0000 0.0000
1.0000 0.0690 0.0000 0.0000 0.0000
1.0000 0.1034 0.0000 0.0000 0.0000
1.0000 0.1379 0.0000 0.0000 0.0000
1.0000 0.1724 0.0000 0.0000 0.0000
1.0000 0.2069 0.0000 0.0000 0.0000
1.0000 0.2414 0.0000 0.0000 0.0000
1.0000 0.2759 0.0000 0.0000 0.0000
1.0000 0.3103 0.0000 0.0000 0.0000
1.0000 0.3448 0.0000 0.0000 0.0000
1.0000 0.3793 0.0000 0.0000 0.0000
1.0000 0.4138 0.0000 0.0000 0.0000
1.0000 0.4483 0.0000 0.0000 0.0000
1.0000 0.4828 0.0000 0.0000 0.0000
1.0000 0.5172 0.0000 0.0000 0.0000
1.0000 0.5517 0.0000 0.0000 0.0000
1.0000 0.5862 0.0000 0.0000 0.0000
1.0000 0.6207 0.0000 0.0000 0.0000
1.0000 0.6552 0.0000 0.0000 0.0000
1.0000 0.6897 0.0000 0.0000 0.0000
1.0000 0.7241 0.0000 0.0000 0.0000
1.0000 0.7586 0.0000 0.0000 0.0000
1.0000 0.7931 0.0000 0.0000 0.0000
1.0000 0.8276 0.0000 0.0000 0.0000
1.0000 0.8621 0.0000 0.0000 0.0000
1.0000 0.8966 0.0000 0.0000 0.0000
1.0000 0.9310 0.0000 0.0000 0.0000
1.0000 0.9655 0.0000 0.0000 0.0000
1.0000 1.0000 0.0000 0.0000 0.0000

