0.0000 0.0000 0.000000 0.000000 0.000000
0.0000 0.0345 -1.000000 0.000000 0.006897
0.0000 0.0690 -1.000000 0.000000 0.013793
0.0000 0.1034 -1.000000 0.000000 0.020690
0.0000 0.1379 -1.000000 0.000000 0.027586
0.0000 0.1724 -1.000000 0.000000 0.034483
0.0000 0.2069 -1.000000 0.000000 0.041379
0.0000 0.2414 -1.000000 0.000000 0.048276
0.0000 0.2759 -1.000000 0.000000 0.055172
0.0000 0.3103 -1.000000 0.000000 0.062069
0.0000 0.3448 -1.000000 0.000000 0.068966
0.0000 0.3793 -1.000000 0.000000 0.075862
0.0000 0.4138 -1.000000 0.000000 0.082759
0.0000 0.4483 -1.000000 0.000000 0.089655
0.0000 0.4828 -1.000000 0.000000 0.096552
0.0000 0.5172 -1.000000 0.000000 0.103448
0.0000 0.5517 -1.000000 0.000000 0.110345
0.0000 0.5862 -1.000000 -0.000000 0.117241
0.0000 0.6207 -1.000000 -0.000000 0.124138
0.0000 0.6552 -1.000000 -0.000000 0.131034
0.0000 0.6897 -1.000000 -0.000000 0.137931
0.0000 0.7241 -1.000000 -0.000000 0.144828
0.0000 0.7586 -1.000000 -0.000000 0.151724
0.0000 0.7931 -1.000000 -0.000000 0.158621
0.0000 0.8276 -1.000000 -0.000000 0.165517
0.0000 0.8621 -1.000000 -0.000000 0.172414
0.0000 0.8966 -1.000000 -0.000000 0.179310
0.0000 0.9310 -1.000000 -0.000000 0.186207
0.0000 0.9655 -1.000000 -0.000000 0.193103
0.0000 1.0000 -1.000000 -0.000000 0.200000

0.0345 0.0000 0.000000 1.000000 0.519382
0.0345 0.0345 0.014406 0.999896 0.486971
0.0345 0.0690 0.030859 0.999524 0.454676
0.0345 0.1034 0.049811 0.998759 0.422522
0.0345 0.1379 0.071853 0.997415 0.390546
0.0345 0.1724 0.097765 0.995210 0.358794
0.0345 0.2069 0.128594 0.991697 0.327331
0.0345 0.2414 0.165766 0.986165 0.296251
0.0345 0.2759 0.211240 0.977434 0.265686
0.0345 0.3103 0.267722 0.963496 0.235838
0.0345 0.3448 0.338882 0.940829 0.207018
0.0345 0.3793 0.429394 0.903117 0.179718
0.0345 0.4138 0.544016 0.839075 0.154748
0.0345 0.4483 0.683556 0.729898 0.133421
0.0345 0.4828 0.834219 0.551433 0.117735
0.0345 0.5172 0.955569 0.294769 0.110125
0.0345 0.5517 1.000000 0.000000 0.112247
0.0345 0.5862 0.964897 -0.262629 0.123602
0.0345 0.6207 0.889346 -0.457234 0.141990
0.0345 0.6552 0.807457 -0.589926 0.165078
0.0345 0.6897 0.733944 -0.679210 0.191171
0.0345 0.7241 0.672106 -0.740455 0.219199
0.0345 0.7586 0.621071 -0.783755 0.248507
0.0345 0.7931 0.578976 -0.815345 0.278691
0.0345 0.8276 0.544016 -0.839075 0.309497
0.0345 0.8621 0.514701 -0.857370 0.340754
0.0345 0.8966 0.489867 -0.871797 0.372350
0.0345 0.9310 0.468617 -0.883401 0.404205
0.0345 0.9655 0.450264 -0.892896 0.436262
0.0345 1.0000 0.0000 0.0000 0.0000

0.0690 0.0000 0.000000 1.000000 1.001665
0.0690 0.0345 0.022335 0.999751 0.936976
0.0690 0.0690 0.047953 0.998850 0.872823
0.0690 0.1034 0.077573 0.996987 0.809335
0.0690 0.1379 0.112109 0.993696 0.746681
0.0690 0.1724 0.152735 0.988267 0.685089
0.0690 0.2069 0.200944 0.979603 0.624874
0.0690 0.2414 0.258603 0.965984 0.566475
0.0690 0.2759 0.327942 0.944698 0.510516
0.0690 0.3103 0.411336 0.911484 0.457891
0.0690 0.3448 0.510566 0.859839 0.409888
0.0690 0.3793 0.625010 0.780617 0.368318
0.0690 0.4138 0.748347 0.663308 0.335579
0.0690 0.4483 0.865202 0.501424 0.314443
0.0690 0.4828 0.953372 0.301798 0.307314
0.0690 0.5172 0.996095 0.088290 0.315143
0.0690 0.5517 0.993918 -0.110122 0.336888
0.0690 0.5862 0.961257 -0.275655 0.370106
0.0690 0.6207 0.914239 -0.405174 0.412030
0.0690 0.6552 0.863854 -0.503743 0.460288
0.0690 0.6897 0.815733 -0.578429 0.513096
0.0690 0.7241 0.772111 -0.635488 0.569189
0.0690 0.7586 0.733495 -0.679695 0.627686
0.0690 0.7931 0.699636 -0.714500 0.687975
0.0690 0.8276 0.670016 -0.742347 0.749623
0.0690 0.8621 0.644064 -0.764972 0.812321
0.0690 0.8966 0.621245 -0.783616 0.875844
0.0690 0.9310 0.601092 -0.799180 0.940025
0.0690 0.9655 0.0000 0.0000 0.0000
0.0690 1.0000 0.0000 0.0000 0.0000

0.1034 0.0000 0.000000 1.000000 1.446849
0.1034 0.0345 0.025809 0.999667 1.349915
0.1034 0.0690 0.055565 0.998455 1.254018
0.1034 0.1034 0.090147 0.995928 1.159417
0.1034 0.1379 0.130674 0.991425 1.066457
0.1034 0.1724 0.178553 0.983930 0.975606
0.1034 0.2069 0.235531 0.971867 0.887513
0.1034 0.2414 0.303674 0.952776 0.803086
0.1034 0.2759 0.385175 0.922843 0.723608
0.1034 0.3103 0.481729 0.876320 0.650895
0.1034 0.3448 0.593047 0.805168 0.587466
0.1034 0.3793 0.714162 0.699981 0.536621
0.1034 0.4138 0.832487 0.554044 0.502198
0.1034 0.4483 0.928695 0.370844 0.487688
0.1034 0.4828 0.985670 0.168684 0.494844
0.1034 0.5172 0.999646 -0.026612 0.522777
0.1034 0.5517 0.980645 -0.195794 0.568434
0.1034 0.5862 0.943168 -0.332315 0.627959
0.1034 0.6207 0.898680 -0.438605 0.697813
0.1034 0.6552 0.853899 -0.520438 0.775209
0.1034 0.6897 0.812007 -0.583647 0.858108
0.1034 0.7241 0.774159 -0.632991 0.945063
0.1034 0.7586 0.740512 -0.672044 1.035053
0.1034 0.7931 0.710789 -0.703406 1.127350
0.1034 0.8276 0.684563 -0.728954 1.221433
0.1034 0.8621 0.661383 -0.750049 1.316918
0.1034 0.8966 0.640830 -0.767683 1.413522
0.1034 0.9310 0.0000 0.0000 0.0000
0.1034 0.9655 0.0000 0.0000 0.0000
0.1034 1.0000 0.0000 0.0000 0.0000

0.1379 0.0000 0.000000 1.000000 1.854935
0.1379 0.0345 0.028249 0.999601 1.725778
0.1379 0.0690 0.061007 0.998137 1.598221
0.1379 0.1034 0.099312 0.995056 1.472679
0.1379 0.1379 0.144479 0.989508 1.349714
0.1379 0.1724 0.198161 0.980170 1.230101
0.1379 0.2069 0.262359 0.964970 1.114917
0.1379 0.2414 0.339331 0.940667 1.005687
0.1379 0.2759 0.431158 0.902277 0.904569
0.1379 0.3103 0.538631 0.842542 0.814590
0.1379 0.3448 0.658960 0.752178 0.739825
0.1379 0.3793 0.782559 0.622577 0.685273
0.1379 0.4138 0.891802 0.452426 0.655995
0.1379 0.4483 0.967013 0.254725 0.655388
0.1379 0.4828 0.998526 0.054275 0.683528
0.1379 0.5172 0.992053 -0.125821 0.737130
0.1379 0.5517 0.961612 -0.274411 0.811162
0.1379 0.5862 0.920248 -0.391336 0.900600
0.1379 0.6207 0.876366 -0.481645 1.001324
0.1379 0.6552 0.834284 -0.551334 1.110267
0.1379 0.6897 0.795788 -0.605575 1.225238
0.1379 0.7241 0.761350 -0.648341 1.344692
0.1379 0.7586 0.730840 -0.682549 1.467535
0.1379 0.7931 0.703890 -0.710309 1.592983
0.1379 0.8276 0.680069 -0.733148 1.720465
0.1379 0.8621 0.658960 -0.752178 1.849563
0.1379 0.8966 0.0000 0.0000 0.0000
0.1379 0.9310 0.0000 0.0000 0.0000
0.1379 0.9655 0.0000 0.0000 0.0000
0.1379 1.0000 0.0000 0.0000 0.0000

0.1724 0.0000 0.000000 1.000000 2.225922
0.1724 0.0345 0.030352 0.999539 2.064566
0.1724 0.0690 0.065773 0.997835 1.905434
0.1724 0.1034 0.107476 0.994208 1.749133
0.1724 0.1379 0.157003 0.987598 1.596494
0.1724 0.1724 0.216279 0.976332 1.448675
0.1724 0.2069 0.287598 0.957751 1.307313
0.1724 0.2414 0.373397 0.927672 1.174741
0.1724 0.2759 0.475498 0.879717 1.054280
0.1724 0.3103 0.593314 0.804971 0.950544
0.1724 0.3448 0.720649 0.693300 0.869542
0.1724 0.3793 0.842606 0.538530 0.818055
0.1724 0.4138 0.937856 0.347025 0.801788
0.1724 0.4483 0.990024 0.140895 0.822834
0.1724 0.4828 0.998606 -0.052786 0.878514
0.1724 0.5172 0.976231 -0.216734 0.962839
0.1724 0.5517 0.937856 -0.347025 1.069051
0.1724 0.5862 0.894207 -0.447653 1.191311
0.1724 0.6207 0.851159 -0.524908 1.325185
0.1724 0.6552 0.811318 -0.584606 1.467497
0.1724 0.6897 0.775528 -0.631313 1.616021
0.1724 0.7241 0.743805 -0.668396 1.769191
0.1724 0.7586 0.715820 -0.698285 1.925900
0.1724 0.7931 0.691136 -0.722725 2.085350
0.1724 0.8276 0.669316 -0.742978 2.246958
0.1724 0.8621 0.0000 0.0000 0.0000
0.1724 0.8966 0.0000 0.0000 0.0000
0.1724 0.9310 0.0000 0.0000 0.0000
0.1724 0.9655 0.0000 0.0000 0.0000
0.1724 1.0000 0.0000 0.0000 0.0000

0.2069 0.0000 0.000000 1.000000 2.559810
0.2069 0.0345 0.032361 0.999476 2.366281
0.2069 0.0690 0.070393 0.997519 2.175671
0.2069 0.1034 0.115509 0.993306 1.988818
0.2069 0.1379 0.169519 0.985527 1.806889
0.2069 0.1724 0.234674 0.972074 1.631531
0.2069 0.2069 0.313597 0.949556 1.465107
0.2069 0.2414 0.408863 0.912596 1.311022
0.2069 0.2759 0.521745 0.853102 1.174145
0.2069 0.3103 0.649462 0.760394 1.061155
0.2069 0.3448 0.781105 0.624399 0.980348
0.2069 0.3793 0.896040 0.443973 0.940059
0.2069 0.4138 0.971892 0.235427 0.945482
0.2069 0.4483 0.999610 0.027939 0.995870
0.2069 0.4828 0.988091 -0.153869 1.084978
0.2069 0.5172 0.953824 -0.300366 1.204239
0.2069 0.5517 0.910487 -0.413537 1.345662
0.2069 0.5862 0.866122 -0.499832 1.503002
0.2069 0.6207 0.824490 -0.565877 1.671772
0.2069 0.6552 0.786943 -0.617026 1.848844
0.2069 0.6897 0.753678 -0.657244 2.032049
0.2069 0.7241 0.724405 -0.689374 2.219870
0.2069 0.7586 0.698674 -0.715440 2.411227
0.2069 0.7931 0.676010 -0.736893 2.605342
0.2069 0.8276 0.0000 0.0000 0.0000
0.2069 0.8621 0.0000 0.0000 0.0000
0.2069 0.8966 0.0000 0.0000 0.0000
0.2069 0.9310 0.0000 0.0000 0.0000
0.2069 0.9655 0.0000 0.0000 0.0000
0.2069 1.0000 0.0000 0.0000 0.0000

0.2414 0.0000 0.000000 1.000000 2.856599
0.2414 0.0345 0.034394 0.999408 2.630926
0.2414 0.0690 0.075126 0.997174 2.408948
0.2414 0.1034 0.123854 0.992300 2.191787
0.2414 0.1379 0.182708 0.983167 1.981028
0.2414 0.1724 0.254329 0.967118 1.778948
0.2414 0.2069 0.341707 0.939807 1.588861
0.2414 0.2414 0.447449 0.894310 1.415609
0.2414 0.2759 0.571747 0.820430 1.266120
0.2414 0.3103 0.708347 0.705865 1.149702
0.2414 0.3448 0.840079 0.542464 1.077131
0.2414 0.3793 0.941265 0.337668 1.057473
0.2414 0.4138 0.992926 0.118734 1.093586
0.2414 0.4483 0.996591 -0.082504 1.180362
0.2414 0.4828 0.968703 -0.248222 1.307754
0.2414 0.5172 0.926363 -0.376632 1.465206
0.2414 0.5517 0.880601 -0.473858 1.644105
0.2414 0.5862 0.836845 -0.547439 1.838198
0.2414 0.6207 0.797184 -0.603737 2.043162
0.2414 0.6552 0.762073 -0.647491 2.256034
0.2414 0.6897 0.731279 -0.682079 2.474774
0.2414 0.7241 0.704325 -0.709878 2.697957
0.2414 0.7586 0.680691 -0.732570 2.924564
0.2414 0.7931 0.0000 0.0000 0.0000
0.2414 0.8276 0.0000 0.0000 0.0000
0.2414 0.8621 0.0000 0.0000 0.0000
0.2414 0.8966 0.0000 0.0000 0.0000
0.2414 0.9310 0.0000 0.0000 0.0000
0.2414 0.9655 0.0000 0.0000 0.0000
0.2414 1.0000 0.0000 0.0000 0.0000

0.2759 0.0000 0.000000 1.000000 3.116290
0.2759 0.0345 0.036522 0.999333 2.858506
0.2759 0.0690 0.080144 0.996783 2.605289
0.2759 0.1034 0.132818 0.991140 2.358109
0.2759 0.1379 0.197066 0.980390 2.119081
0.2759 0.1724 0.276000 0.961158 1.891298
0.2759 0.2069 0.373002 0.927831 1.679342
0.2759 0.2414 0.490473 0.871456 1.489982
0.2759 0.2759 0.626608 0.779335 1.332885
0.2759 0.3103 0.769800 0.638285 1.220571
0.2759 0.3448 0.895323 0.445418 1.166055
0.2759 0.3793 0.975372 0.220565 1.177391
0.2759 0.4138 1.000000 0.000000 1.252794
0.2759 0.4483 0.982182 -0.187935 1.381816
0.2759 0.4828 0.942275 -0.334840 1.551133
0.2759 0.5172 0.895323 -0.445418 1.749082
0.2759 0.5517 0.849192 -0.528085 1.967038
0.2759 0.5862 0.807068 -0.590458 2.199061
0.2759 0.6207 0.769800 -0.638285 2.441143
0.2759 0.6552 0.737239 -0.675633 2.690569
0.2759 0.6897 0.708881 -0.705328 2.945475
0.2759 0.7241 0.684148 -0.729343 3.204553
0.2759 0.7586 0.0000 0.0000 0.0000
0.2759 0.7931 0.0000 0.0000 0.0000
0.2759 0.8276 0.0000 0.0000 0.0000
0.2759 0.8621 0.0000 0.0000 0.0000
0.2759 0.8966 0.0000 0.0000 0.0000
0.2759 0.9310 0.0000 0.0000 0.0000
0.2759 0.9655 0.0000 0.0000 0.0000
0.2759 1.0000 0.0000 0.0000 0.0000

0.3103 0.0000 0.000000 1.000000 3.338882
0.3103 0.0345 0.038803 0.999247 3.049026
0.3103 0.0690 0.085587 0.996331 2.764722
0.3103 0.1034 0.142666 0.989771 2.487874
0.3103 0.1379 0.213052 0.977041 2.221272
0.3103 0.1724 0.300423 0.953806 1.969081
0.3103 0.2069 0.408537 0.912742 1.737588
0.3103 0.2414 0.539117 0.842231 1.536179
0.3103 0.2759 0.686806 0.726841 1.378107
0.3103 0.3103 0.832179 0.554507 1.279537
0.3103 0.3448 0.943043 0.332671 1.254572
0.3103 0.3793 0.995404 0.095766 1.307436
0.3103 0.4138 0.993157 -0.116783 1.429520
0.3103 0.4483 0.958223 -0.286022 1.605107
0.3103 0.4828 0.910706 -0.413054 1.818765
0.3103 0.5172 0.862046 -0.506831 2.058677
0.3103 0.5517 0.817104 -0.576490 2.316699
0.3103 0.5862 0.777337 -0.629085 2.587419
0.3103 0.6207 0.742737 -0.669583 2.867243
0.3103 0.6552 0.712777 -0.701391 3.153748
0.3103 0.6897 0.686806 -0.726841 3.445268
0.3103 0.7241 0.0000 0.0000 0.0000
0.3103 0.7586 0.0000 0.0000 0.0000
0.3103 0.7931 0.0000 0.0000 0.0000
0.3103 0.8276 0.0000 0.0000 0.0000
0.3103 0.8621 0.0000 0.0000 0.0000
0.3103 0.8966 0.0000 0.0000 0.0000
0.3103 0.9310 0.0000 0.0000 0.0000
0.3103 0.9655 0.0000 0.0000 0.0000
0.3103 1.0000 0.0000 0.0000 0.0000

0.3448 0.0000 0.000000 1.000000 3.524376
0.3448 0.0345 0.041288 0.999147 3.202493
0.3448 0.0690 0.091590 0.995797 2.887285
0.3448 0.1034 0.153677 0.988121 2.581197
0.3448 0.1379 0.231171 0.972913 2.287893
0.3448 0.1724 0.328429 0.944529 2.012970
0.3448 0.2069 0.449476 0.893293 1.765037
0.3448 0.2414 0.594438 0.804141 1.557041
0.3448 0.2759 0.751906 0.659270 1.406809
0.3448 0.3103 0.892062 0.451914 1.334002
0.3448 0.3448 0.978568 0.205922 1.351194
0.3448 0.3793 0.999492 -0.031867 1.455198
0.3448 0.4138 0.973738 -0.227672 1.629476
0.3448 0.4483 0.926974 -0.375125 1.854319
0.3448 0.4828 0.875797 -0.482679 2.113650
0.3448 0.5172 0.827673 -0.561210 2.396299
0.3448 0.5517 0.785018 -0.619473 2.694939
0.3448 0.5862 0.748068 -0.663622 3.004806
0.3448 0.6207 0.716279 -0.697814 3.322760
0.3448 0.6552 0.688912 -0.724845 3.646687
0.3448 0.6897 0.0000 0.0000 0.0000
0.3448 0.7241 0.0000 0.0000 0.0000
0.3448 0.7586 0.0000 0.0000 0.0000
0.3448 0.7931 0.0000 0.0000 0.0000
0.3448 0.8276 0.0000 0.0000 0.0000
0.3448 0.8621 0.0000 0.0000 0.0000
0.3448 0.8966 0.0000 0.0000 0.0000
0.3448 0.9310 0.0000 0.0000 0.0000
0.3448 0.9655 0.0000 0.0000 0.0000
0.3448 1.0000 0.0000 0.0000 0.0000

0.3793 0.0000 0.000000 1.000000 3.672771
0.3793 0.0345 0.044031 0.999030 3.318914
0.3793 0.0690 0.098308 0.995156 2.973022
0.3793 0.1034 0.166175 0.986096 2.638227
0.3793 0.1379 0.252030 0.967720 2.319340
0.3793 0.1724 0.361025 0.932556 2.023896
0.3793 0.2069 0.497141 0.867670 1.763713
0.3793 0.2414 0.657179 0.753735 1.556577
0.3793 0.2759 0.819952 0.572432 1.425796
0.3793 0.3103 0.944133 0.329563 1.393045
0.3793 0.3448 0.997572 0.069643 1.464912
0.3793 0.3793 0.987645 -0.156705 1.627599
0.3793 0.4138 0.944133 -0.329563 1.857393
0.3793 0.4483 0.890774 -0.454447 2.132710
0.3793 0.4828 0.839109 -0.543963 2.438178
0.3793 0.5172 0.793118 -0.609068 2.763818
0.3793 0.5517 0.753450 -0.657506 3.103285
0.3793 0.5862 0.719566 -0.694424 3.452505
0.3793 0.6207 0.690623 -0.723215 3.808794
0.3793 0.6552 0.0000 0.0000 0.0000
0.3793 0.6897 0.0000 0.0000 0.0000
0.3793 0.7241 0.0000 0.0000 0.0000
0.3793 0.7586 0.0000 0.0000 0.0000
0.3793 0.7931 0.0000 0.0000 0.0000
0.3793 0.8276 0.0000 0.0000 0.0000
0.3793 0.8621 0.0000 0.0000 0.0000
0.3793 0.8966 0.0000 0.0000 0.0000
0.3793 0.9310 0.0000 0.0000 0.0000
0.3793 0.9655 0.0000 0.0000 0.0000
0.3793 1.0000 0.0000 0.0000 0.0000

0.4138 0.0000 0.000000 1.000000 3.784067
0.4138 0.0345 0.047096 0.998890 3.398301
0.4138 0.0690 0.105922 0.994374 3.021994
0.4138 0.1034 0.180561 0.983564 2.659165
0.4138 0.1379 0.276402 0.961042 2.316154
0.4138 0.1724 0.399486 0.916739 2.003170
0.4138 0.2069 0.552992 0.833186 1.736525
0.4138 0.2414 0.727266 0.686356 1.540473
0.4138 0.2759 0.886655 0.462431 1.444057
0.4138 0.3103 0.981850 0.189659 1.467055
0.4138 0.3448 0.997591 -0.069372 1.604341
0.4138 0.3793 0.961837 -0.273623 1.830376
0.4138 0.4138 0.907248 -0.420596 2.116920
0.4138 0.4483 0.851745 -0.523956 2.442771
0.4138 0.4828 0.801896 -0.597464 2.794211
0.4138 0.5172 0.759065 -0.651014 3.162722
0.4138 0.5517 0.722770 -0.691089 3.542981
0.4138 0.5862 0.692039 -0.721860 3.931581
0.4138 0.6207 0.0000 0.0000 0.0000
0.4138 0.6552 0.0000 0.0000 0.0000
0.4138 0.6897 0.0000 0.0000 0.0000
0.4138 0.7241 0.0000 0.0000 0.0000
0.4138 0.7586 0.0000 0.0000 0.0000
0.4138 0.7931 0.0000 0.0000 0.0000
0.4138 0.8276 0.0000 0.0000 0.0000
0.4138 0.8621 0.0000 0.0000 0.0000
0.4138 0.8966 0.0000 0.0000 0.0000
0.4138 0.9310 0.0000 0.0000 0.0000
0.4138 0.9655 0.0000 0.0000 0.0000
0.4138 1.0000 0.0000 0.0000 0.0000

0.4483 0.0000 0.000000 1.000000 3.858264
0.4483 0.0345 0.050560 0.998721 3.440667
0.4483 0.0690 0.114663 0.993404 3.034281
0.4483 0.1034 0.197361 0.980331 2.644282
0.4483 0.1379 0.305313 0.952252 2.279096
0.4483 0.1724 0.445435 0.895314 1.952695
0.4483 0.2069 0.618437 0.785834 1.687733
0.4483 0.2414 0.802841 0.596193 1.516759
0.4483 0.2759 0.944871 0.327443 1.472875
0.4483 0.3103 0.999259 0.038477 1.566796
0.4483 0.3448 0.979059 -0.203575 1.776803
0.4483 0.3793 0.925396 -0.379002 2.067824
0.4483 0.4138 0.865939 -0.500149 2.410695
0.4483 0.4483 0.811629 -0.584173 2.786340
0.4483 0.4828 0.765095 -0.643917 3.183178
0.4483 0.5172 0.726002 -0.687692 3.594195
0.4483 0.5517 0.693232 -0.720715 4.015040
0.4483 0.5862 0.0000 0.0000 0.0000
0.4483 0.6207 0.0000 0.0000 0.0000
0.4483 0.6552 0.0000 0.0000 0.0000
0.4483 0.6897 0.0000 0.0000 0.0000
0.4483 0.7241 0.0000 0.0000 0.0000
0.4483 0.7586 0.0000 0.0000 0.0000
0.4483 0.7931 0.0000 0.0000 0.0000
0.4483 0.8276 0.0000 0.0000 0.0000
0.4483 0.8621 0.0000 0.0000 0.0000
0.4483 0.8966 0.0000 0.0000 0.0000
0.4483 0.9310 0.0000 0.0000 0.0000
0.4483 0.9655 0.0000 0.0000 0.0000
0.4483 1.0000 0.0000 0.0000 0.0000

0.4828 0.0000 0.000000 1.000000 3.895363
0.4828 0.0345 0.054518 0.998513 3.446029
0.4828 0.0690 0.124832 0.992178 3.009989
0.4828 0.1034 0.217280 0.976109 2.593957
0.4828 0.1379 0.340152 0.940370 2.209264
0.4828 0.1724 0.500911 0.865499 1.875298
0.4828 0.2069 0.694249 0.719735 1.623667
0.4828 0.2414 0.878787 0.477215 1.496496
0.4828 0.2759 0.985399 0.170262 1.525243
0.4828 0.3103 0.993431 -0.114433 1.702025
0.4828 0.3448 0.945157 -0.326617 1.987730
0.4828 0.3793 0.882086 -0.471089 2.342842
0.4828 0.4138 0.822642 -0.568560 2.740511
0.4828 0.4483 0.771733 -0.635947 3.164736
0.4828 0.4828 0.729364 -0.684125 3.606156
0.4828 0.5172 0.0000 0.0000 0.0000
0.4828 0.5517 0.0000 0.0000 0.0000
0.4828 0.5862 0.0000 0.0000 0.0000
0.4828 0.6207 0.0000 0.0000 0.0000
0.4828 0.6552 0.0000 0.0000 0.0000
0.4828 0.6897 0.0000 0.0000 0.0000
0.4828 0.7241 0.0000 0.0000 0.0000
0.4828 0.7586 0.0000 0.0000 0.0000
0.4828 0.7931 0.0000 0.0000 0.0000
0.4828 0.8276 0.0000 0.0000 0.0000
0.4828 0.8621 0.0000 0.0000 0.0000
0.4828 0.8966 0.0000 0.0000 0.0000
0.4828 0.9310 0.0000 0.0000 0.0000
0.4828 0.9655 0.0000 0.0000 0.0000
0.4828 1.0000 0.0000 0.0000 0.0000

0.5172 0.0000 0.000000 1.000000 3.895363
0.5172 0.0345 0.059098 0.998252 3.414410
0.5172 0.0690 0.136837 0.990594 2.949264
0.5172 0.1034 0.241298 0.970451 2.508732
0.5172 0.1379 0.382837 0.923816 2.108300
0.5172 0.1724 0.568304 0.822819 1.775314
0.5172 0.2069 0.779209 0.626765 1.553758
0.5172 0.2414 0.945403 0.325905 1.494057
0.5172 0.2759 1.000000 -0.000000 1.614269
0.5172 0.3103 0.965885 -0.258973 1.880196
0.5172 0.3448 0.900602 -0.434645 2.240542
0.5172 0.3793 0.835333 -0.549744 2.657166
0.5172 0.4138 0.779209 -0.626765 3.107516
0.5172 0.4483 0.732963 -0.680269 3.578882
0.5172 0.4828 0.0000 0.0000 0.0000
0.5172 0.5172 0.0000 0.0000 0.0000
0.5172 0.5517 0.0000 0.0000 0.0000
0.5172 0.5862 0.0000 0.0000 0.0000
0.5172 0.6207 0.0000 0.0000 0.0000
0.5172 0.6552 0.0000 0.0000 0.0000
0.5172 0.6897 0.0000 0.0000 0.0000
0.5172 0.7241 0.0000 0.0000 0.0000
0.5172 0.7586 0.0000 0.0000 0.0000
0.5172 0.7931 0.0000 0.0000 0.0000
0.5172 0.8276 0.0000 0.0000 0.0000
0.5172 0.8621 0.0000 0.0000 0.0000
0.5172 0.8966 0.0000 0.0000 0.0000
0.5172 0.9310 0.0000 0.0000 0.0000
0.5172 0.9655 0.0000 0.0000 0.0000
0.5172 1.0000 0.0000 0.0000 0.0000

0.5517 0.0000 0.000000 1.000000 3.858264
0.5517 0.0345 0.064467 0.997920 3.345842
0.5517 0.0690 0.151243 0.988497 2.852312
0.5517 0.1034 0.270815 0.962631 2.389408
0.5517 0.1379 0.436026 0.899934 1.978742
0.5517 0.1724 0.649859 0.760055 1.659558
0.5517 0.2069 0.867536 0.497375 1.491781
0.5517 0.2414 0.989307 0.145848 1.526189
0.5517 0.2759 0.985529 -0.169507 1.750902
0.5517 0.3103 0.921839 -0.387572 2.105856
0.5517 0.3448 0.850213 -0.526439 2.536959
0.5517 0.3793 0.787815 -0.615912 3.011687
0.5517 0.4138 0.736918 -0.675982 3.512395
0.5517 0.4483 0.695894 -0.718144 4.029410
0.5517 0.4828 0.0000 0.0000 0.0000
0.5517 0.5172 0.0000 0.0000 0.0000
0.5517 0.5517 0.0000 0.0000 0.0000
0.5517 0.5862 0.0000 0.0000 0.0000
0.5517 0.6207 0.0000 0.0000 0.0000
0.5517 0.6552 0.0000 0.0000 0.0000
0.5517 0.6897 0.0000 0.0000 0.0000
0.5517 0.7241 0.0000 0.0000 0.0000
0.5517 0.7586 0.0000 0.0000 0.0000
0.5517 0.7931 0.0000 0.0000 0.0000
0.5517 0.8276 0.0000 0.0000 0.0000
0.5517 0.8621 0.0000 0.0000 0.0000
0.5517 0.8966 0.0000 0.0000 0.0000
0.5517 0.9310 0.0000 0.0000 0.0000
0.5517 0.9655 0.0000 0.0000 0.0000
0.5517 1.0000 0.0000 0.0000 0.0000

0.5862 0.0000 0.000000 1.000000 3.784067
0.5862 0.0345 0.070858 0.997486 3.240369
0.5862 0.0690 0.168864 0.985639 2.719433
0.5862 0.1034 0.307892 0.951421 2.237219
0.5862 0.1379 0.503336 0.864091 1.824686
0.5862 0.1724 0.745997 0.665950 1.538932
0.5862 0.2069 0.945804 0.324738 1.456587
0.5862 0.2414 0.998799 -0.048990 1.609186
0.5862 0.2759 0.945804 -0.324738 1.942115
0.5862 0.3103 0.867939 -0.496671 2.380892
0.5862 0.3448 0.797942 -0.602734 2.877496
0.5862 0.3793 0.741380 -0.671085 3.406732
0.5862 0.4138 0.696568 -0.717491 3.955523
0.5862 0.4483 0.0000 0.0000 0.0000
0.5862 0.4828 0.0000 0.0000 0.0000
0.5862 0.5172 0.0000 0.0000 0.0000
0.5862 0.5517 0.0000 0.0000 0.0000
0.5862 0.5862 0.0000 0.0000 0.0000
0.5862 0.6207 0.0000 0.0000 0.0000
0.5862 0.6552 0.0000 0.0000 0.0000
0.5862 0.6897 0.0000 0.0000 0.0000
0.5862 0.7241 0.0000 0.0000 0.0000
0.5862 0.7586 0.0000 0.0000 0.0000
0.5862 0.7931 0.0000 0.0000 0.0000
0.5862 0.8276 0.0000 0.0000 0.0000
0.5862 0.8621 0.0000 0.0000 0.0000
0.5862 0.8966 0.0000 0.0000 0.0000
0.5862 0.9310 0.0000 0.0000 0.0000
0.5862 0.9655 0.0000 0.0000 0.0000
0.5862 1.0000 0.0000 0.0000 0.0000

0.6207 0.0000 0.000000 1.000000 3.672771
0.6207 0.0345 0.078604 0.996906 3.098052
0.6207 0.0690 0.190915 0.981607 2.551085
0.6207 0.1034 0.355649 0.934620 2.054159
0.6207 0.1379 0.589266 0.807939 1.653037
0.6207 0.1724 0.851047 0.525089 1.430706
0.6207 0.2069 0.993536 0.113519 1.470624
0.6207 0.2414 0.971311 -0.237814 1.754987
0.6207 0.2759 0.889333 -0.457260 2.190582
0.6207 0.3103 0.810136 -0.586241 2.705318
0.6207 0.3448 0.746548 -0.665332 3.261942
0.6207 0.3793 0.697166 -0.716910 3.842293
0.6207 0.4138 0.0000 0.0000 0.0000
0.6207 0.4483 0.0000 0.0000 0.0000
0.6207 0.4828 0.0000 0.0000 0.0000
0.6207 0.5172 0.0000 0.0000 0.0000
0.6207 0.5517 0.0000 0.0000 0.0000
0.6207 0.5862 0.0000 0.0000 0.0000
0.6207 0.6207 0.0000 0.0000 0.0000
0.6207 0.6552 0.0000 0.0000 0.0000
0.6207 0.6897 0.0000 0.0000 0.0000
0.6207 0.7241 0.0000 0.0000 0.0000
0.6207 0.7586 0.0000 0.0000 0.0000
0.6207 0.7931 0.0000 0.0000 0.0000
0.6207 0.8276 0.0000 0.0000 0.0000
0.6207 0.8621 0.0000 0.0000 0.0000
0.6207 0.8966 0.0000 0.0000 0.0000
0.6207 0.9310 0.0000 0.0000 0.0000
0.6207 0.9655 0.0000 0.0000 0.0000
0.6207 1.0000 0.0000 0.0000 0.0000

0.6552 0.0000 0.000000 1.000000 3.524376
0.6552 0.0345 0.088192 0.996103 2.918984
0.6552 0.0690 0.219278 0.975662 2.347989
0.6552 0.1034 0.418899 0.908033 1.843632
0.6552 0.1379 0.697699 0.716391 1.475889
0.6552 0.1724 0.946118 0.323822 1.360462
0.6552 0.2069 0.993555 -0.113352 1.554610
0.6552 0.2414 0.915297 -0.402779 1.968783
0.6552 0.2759 0.825186 -0.564862 2.495745
0.6552 0.3103 0.752699 -0.658365 3.078104
0.6552 0.3448 0.697699 -0.716391 3.689721
0.6552 0.3793 0.0000 0.0000 0.0000
0.6552 0.4138 0.0000 0.0000 0.0000
0.6552 0.4483 0.0000 0.0000 0.0000
0.6552 0.4828 0.0000 0.0000 0.0000
0.6552 0.5172 0.0000 0.0000 0.0000
0.6552 0.5517 0.0000 0.0000 0.0000
0.6552 0.5862 0.0000 0.0000 0.0000
0.6552 0.6207 0.0000 0.0000 0.0000
0.6552 0.6552 0.0000 0.0000 0.0000
0.6552 0.6897 0.0000 0.0000 0.0000
0.6552 0.7241 0.0000 0.0000 0.0000
0.6552 0.7586 0.0000 0.0000 0.0000
0.6552 0.7931 0.0000 0.0000 0.0000
0.6552 0.8276 0.0000 0.0000 0.0000
0.6552 0.8621 0.0000 0.0000 0.0000
0.6552 0.8966 0.0000 0.0000 0.0000
0.6552 0.9310 0.0000 0.0000 0.0000
0.6552 0.9655 0.0000 0.0000 0.0000
0.6552 1.0000 0.0000 0.0000 0.0000

0.6897 0.0000 0.000000 1.000000 3.338882
0.6897 0.0345 0.100375 0.994950 2.703308
0.6897 0.0690 0.257032 0.966403 2.111364
0.6897 0.1034 0.505026 0.863104 1.611858
0.6897 0.1379 0.825538 0.564347 1.314748
0.6897 0.1724 0.997672 0.068202 1.359885
0.6897 0.2069 0.946251 -0.323434 1.720539
0.6897 0.2414 0.844266 -0.535924 2.249772
0.6897 0.2759 0.760243 -0.649638 2.855334
0.6897 0.3103 0.0000 0.0000 0.0000
0.6897 0.3448 0.0000 0.0000 0.0000
0.6897 0.3793 0.0000 0.0000 0.0000
0.6897 0.4138 0.0000 0.0000 0.0000
0.6897 0.4483 0.0000 0.0000 0.0000
0.6897 0.4828 0.0000 0.0000 0.0000
0.6897 0.5172 0.0000 0.0000 0.0000
0.6897 0.5517 0.0000 0.0000 0.0000
0.6897 0.5862 0.0000 0.0000 0.0000
0.6897 0.6207 0.0000 0.0000 0.0000
0.6897 0.6552 0.0000 0.0000 0.0000
0.6897 0.6897 0.0000 0.0000 0.0000
0.6897 0.7241 0.0000 0.0000 0.0000
0.6897 0.7586 0.0000 0.0000 0.0000
0.6897 0.7931 0.0000 0.0000 0.0000
0.6897 0.8276 0.0000 0.0000 0.0000
0.6897 0.8621 0.0000 0.0000 0.0000
0.6897 0.8966 0.0000 0.0000 0.0000
0.6897 0.9310 0.0000 0.0000 0.0000
0.6897 0.9655 0.0000 0.0000 0.0000
0.6897 1.0000 0.0000 0.0000 0.0000

0.7241 0.0000 0.000000 1.000000 3.116290
0.7241 0.0345 0.116371 0.993206 2.451256
0.7241 0.0690 0.309486 0.950904 1.843417
0.7241 0.1034 0.624156 0.781300 1.371080
0.7241 0.1379 0.946370 0.323084 1.205683
0.7241 0.1724 0.979659 -0.200669 1.455892
0.7241 0.2069 0.869156 -0.494538 1.969191
0.7241 0.2414 0.769823 -0.638257 2.593828
0.7241 0.2759 0.698611 -0.715501 3.266545
0.7241 0.3103 0.0000 0.0000 0.0000
0.7241 0.3448 0.0000 0.0000 0.0000
0.7241 0.3793 0.0000 0.0000 0.0000
0.7241 0.4138 0.0000 0.0000 0.0000
0.7241 0.4483 0.0000 0.0000 0.0000
0.7241 0.4828 0.0000 0.0000 0.0000
0.7241 0.5172 0.0000 0.0000 0.0000
0.7241 0.5517 0.0000 0.0000 0.0000
0.7241 0.5862 0.0000 0.0000 0.0000
0.7241 0.6207 0.0000 0.0000 0.0000
0.7241 0.6552 0.0000 0.0000 0.0000
0.7241 0.6897 0.0000 0.0000 0.0000
0.7241 0.7241 0.0000 0.0000 0.0000
0.7241 0.7586 0.0000 0.0000 0.0000
0.7241 0.7931 0.0000 0.0000 0.0000
0.7241 0.8276 0.0000 0.0000 0.0000
0.7241 0.8621 0.0000 0.0000 0.0000
0.7241 0.8966 0.0000 0.0000 0.0000
0.7241 0.9310 0.0000 0.0000 0.0000
0.7241 0.9655 0.0000 0.0000 0.0000
0.7241 1.0000 0.0000 0.0000 0.0000

0.7586 0.0000 0.000000 1.000000 2.856599
0.7586 0.0345 0.138296 0.990391 2.163236
0.7586 0.0690 0.386381 0.922339 1.548562
0.7586 0.1034 0.782505 0.622645 1.146962
0.7586 0.1379 1.000000 0.000000 1.196671
0.7586 0.1724 0.902428 -0.430841 1.657571
0.7586 0.2069 0.782505 -0.622645 2.293924
0.7586 0.2414 0.699004 -0.715118 2.995939
0.7586 0.2759 0.0000 0.0000 0.0000
0.7586 0.3103 0.0000 0.0000 0.0000
0.7586 0.3448 0.0000 0.0000 0.0000
0.7586 0.3793 0.0000 0.0000 0.0000
0.7586 0.4138 0.0000 0.0000 0.0000
0.7586 0.4483 0.0000 0.0000 0.0000
0.7586 0.4828 0.0000 0.0000 0.0000
0.7586 0.5172 0.0000 0.0000 0.0000
0.7586 0.5517 0.0000 0.0000 0.0000
0.7586 0.5862 0.0000 0.0000 0.0000
0.7586 0.6207 0.0000 0.0000 0.0000
0.7586 0.6552 0.0000 0.0000 0.0000
0.7586 0.6897 0.0000 0.0000 0.0000
0.7586 0.7241 0.0000 0.0000 0.0000
0.7586 0.7586 0.0000 0.0000 0.0000
0.7586 0.7931 0.0000 0.0000 0.0000
0.7586 0.8276 0.0000 0.0000 0.0000
0.7586 0.8621 0.0000 0.0000 0.0000
0.7586 0.8966 0.0000 0.0000 0.0000
0.7586 0.9310 0.0000 0.0000 0.0000
0.7586 0.9655 0.0000 0.0000 0.0000
0.7586 1.0000 0.0000 0.0000 0.0000

0.7931 0.0000 0.000000 1.000000 2.559810
0.7931 0.0345 0.170149 0.985418 1.840029
0.7931 0.0690 0.506272 0.862374 1.236804
0.7931 0.1034 0.946578 0.322476 0.992247
0.7931 0.1379 0.946578 -0.322476 1.322996
0.7931 0.1724 0.800197 -0.599737 1.956266
0.7931 0.2069 0.0000 0.0000 0.0000
0.7931 0.2414 0.0000 0.0000 0.0000
0.7931 0.2759 0.0000 0.0000 0.0000
0.7931 0.3103 0.0000 0.0000 0.0000
0.7931 0.3448 0.0000 0.0000 0.0000
0.7931 0.3793 0.0000 0.0000 0.0000
0.7931 0.4138 0.0000 0.0000 0.0000
0.7931 0.4483 0.0000 0.0000 0.0000
0.7931 0.4828 0.0000 0.0000 0.0000
0.7931 0.5172 0.0000 0.0000 0.0000
0.7931 0.5517 0.0000 0.0000 0.0000
0.7931 0.5862 0.0000 0.0000 0.0000
0.7931 0.6207 0.0000 0.0000 0.0000
0.7931 0.6552 0.0000 0.0000 0.0000
0.7931 0.6897 0.0000 0.0000 0.0000
0.7931 0.7241 0.0000 0.0000 0.0000
0.7931 0.7586 0.0000 0.0000 0.0000
0.7931 0.7931 0.0000 0.0000 0.0000
0.7931 0.8276 0.0000 0.0000 0.0000
0.7931 0.8621 0.0000 0.0000 0.0000
0.7931 0.8966 0.0000 0.0000 0.0000
0.7931 0.9310 0.0000 0.0000 0.0000
0.7931 0.9655 0.0000 0.0000 0.0000
0.7931 1.0000 0.0000 0.0000 0.0000

0.8276 0.0000 0.000000 1.000000 2.225922
0.8276 0.0345 0.220443 0.975400 1.483339
0.8276 0.0690 0.699690 0.714447 0.934676
0.8276 0.1034 0.993626 -0.112731 0.987268
0.8276 0.1379 0.826647 -0.562721 1.582256
0.8276 0.1724 0.699690 -0.714447 2.336691
0.8276 0.2069 0.0000 0.0000 0.0000
0.8276 0.2414 0.0000 0.0000 0.0000
0.8276 0.2759 0.0000 0.0000 0.0000
0.8276 0.3103 0.0000 0.0000 0.0000
0.8276 0.3448 0.0000 0.0000 0.0000
0.8276 0.3793 0.0000 0.0000 0.0000
0.8276 0.4138 0.0000 0.0000 0.0000
0.8276 0.4483 0.0000 0.0000 0.0000
0.8276 0.4828 0.0000 0.0000 0.0000
0.8276 0.5172 0.0000 0.0000 0.0000
0.8276 0.5517 0.0000 0.0000 0.0000
0.8276 0.5862 0.0000 0.0000 0.0000
0.8276 0.6207 0.0000 0.0000 0.0000
0.8276 0.6552 0.0000 0.0000 0.0000
0.8276 0.6897 0.0000 0.0000 0.0000
0.8276 0.7241 0.0000 0.0000 0.0000
0.8276 0.7586 0.0000 0.0000 0.0000
0.8276 0.7931 0.0000 0.0000 0.0000
0.8276 0.8276 0.0000 0.0000 0.0000
0.8276 0.8621 0.0000 0.0000 0.0000
0.8276 0.8966 0.0000 0.0000 0.0000
0.8276 0.9310 0.0000 0.0000 0.0000
0.8276 0.9655 0.0000 0.0000 0.0000
0.8276 1.0000 0.0000 0.0000 0.0000

0.8621 0.0000 0.000000 1.000000 1.854935
0.8621 0.0345 0.310568 0.950551 1.097680
0.8621 0.0690 0.946751 0.321968 0.720155
0.8621 0.1034 0.869974 -0.493097 1.175564
0.8621 0.1379 0.699991 -0.714152 1.948047
0.8621 0.1724 0.0000 0.0000 0.0000
0.8621 0.2069 0.0000 0.0000 0.0000
0.8621 0.2414 0.0000 0.0000 0.0000
0.8621 0.2759 0.0000 0.0000 0.0000
0.8621 0.3103 0.0000 0.0000 0.0000
0.8621 0.3448 0.0000 0.0000 0.0000
0.8621 0.3793 0.0000 0.0000 0.0000
0.8621 0.4138 0.0000 0.0000 0.0000
0.8621 0.4483 0.0000 0.0000 0.0000
0.8621 0.4828 0.0000 0.0000 0.0000
0.8621 0.5172 0.0000 0.0000 0.0000
0.8621 0.5517 0.0000 0.0000 0.0000
0.8621 0.5862 0.0000 0.0000 0.0000
0.8621 0.6207 0.0000 0.0000 0.0000
0.8621 0.6552 0.0000 0.0000 0.0000
0.8621 0.6897 0.0000 0.0000 0.0000
0.8621 0.7241 0.0000 0.0000 0.0000
0.8621 0.7586 0.0000 0.0000 0.0000
0.8621 0.7931 0.0000 0.0000 0.0000
0.8621 0.8276 0.0000 0.0000 0.0000
0.8621 0.8621 0.0000 0.0000 0.0000
0.8621 0.8966 0.0000 0.0000 0.0000
0.8621 0.9310 0.0000 0.0000 0.0000
0.8621 0.9655 0.0000 0.0000 0.0000
0.8621 1.0000 0.0000 0.0000 0.0000

0.8966 0.0000 0.000000 1.000000 1.446849
0.8966 0.0345 0.507228 0.861812 0.699519
0.8966 0.0690 0.946827 -0.321743 0.749484
0.8966 0.1034 0.0000 0.0000 0.0000
0.8966 0.1379 0.0000 0.0000 0.0000
0.8966 0.1724 0.0000 0.0000 0.0000
0.8966 0.2069 0.0000 0.0000 0.0000
0.8966 0.2414 0.0000 0.0000 0.0000
0.8966 0.2759 0.0000 0.0000 0.0000
0.8966 0.3103 0.0000 0.0000 0.0000
0.8966 0.3448 0.0000 0.0000 0.0000
0.8966 0.3793 0.0000 0.0000 0.0000
0.8966 0.4138 0.0000 0.0000 0.0000
0.8966 0.4483 0.0000 0.0000 0.0000
0.8966 0.4828 0.0000 0.0000 0.0000
0.8966 0.5172 0.0000 0.0000 0.0000
0.8966 0.5517 0.0000 0.0000 0.0000
0.8966 0.5862 0.0000 0.0000 0.0000
0.8966 0.6207 0.0000 0.0000 0.0000
0.8966 0.6552 0.0000 0.0000 0.0000
0.8966 0.6897 0.0000 0.0000 0.0000
0.8966 0.7241 0.0000 0.0000 0.0000
0.8966 0.7586 0.0000 0.0000 0.0000
0.8966 0.7931 0.0000 0.0000 0.0000
0.8966 0.8276 0.0000 0.0000 0.0000
0.8966 0.8621 0.0000 0.0000 0.0000
0.8966 0.8966 0.0000 0.0000 0.0000
0.8966 0.9310 0.0000 0.0000 0.0000
0.8966 0.9655 0.0000 0.0000 0.0000
0.8966 1.0000 0.0000 0.0000 0.0000

0.9310 0.0000 0.000000 1.000000 1.001665
0.9310 0.0345 0.946897 0.321536 0.389406
0.9310 0.0690 0.700525 -0.713628 1.052718
0.9310 0.1034 0.0000 0.0000 0.0000
0.9310 0.1379 0.0000 0.0000 0.0000
0.9310 0.1724 0.0000 0.0000 0.0000
0.9310 0.2069 0.0000 0.0000 0.0000
0.9310 0.2414 0.0000 0.0000 0.0000
0.9310 0.2759 0.0000 0.0000 0.0000
0.9310 0.3103 0.0000 0.0000 0.0000
0.9310 0.3448 0.0000 0.0000 0.0000
0.9310 0.3793 0.0000 0.0000 0.0000
0.9310 0.4138 0.0000 0.0000 0.0000
0.9310 0.4483 0.0000 0.0000 0.0000
0.9310 0.4828 0.0000 0.0000 0.0000
0.9310 0.5172 0.0000 0.0000 0.0000
0.9310 0.5517 0.0000 0.0000 0.0000
0.9310 0.5862 0.0000 0.0000 0.0000
0.9310 0.6207 0.0000 0.0000 0.0000
0.9310 0.6552 0.0000 0.0000 0.0000
0.9310 0.6897 0.0000 0.0000 0.0000
0.9310 0.7241 0.0000 0.0000 0.0000
0.9310 0.7586 0.0000 0.0000 0.0000
0.9310 0.7931 0.0000 0.0000 0.0000
0.9310 0.8276 0.0000 0.0000 0.0000
0.9310 0.8621 0.0000 0.0000 0.0000
0.9310 0.8966 0.0000 0.0000 0.0000
0.9310 0.9310 0.0000 0.0000 0.0000
0.9310 0.9655 0.0000 0.0000 0.0000
0.9310 1.0000 0.0000 0.0000 0.0000

0.9655 0.0000 0.000000 1.000000 0.519382
0.9655 0.0345 0.0000 0.0000 0.0000
0.9655 0.0690 0.0000 0.0000 0.0000
0.9655 0.1034 0.0000 0.0000 0.0000
0.9655 0.1379 0.0000 0.0000 0.0000
0.9655 0.1724 0.0000 0.0000 0.0000
0.9655 0.2069 0.0000 0.0000 0.0000
0.9655 0.2414 0.0000 0.0000 0.0000
0.9655 0.2759 0.0000 0.0000 0.0000
0.9655 0.3103 0.0000 0.0000 0.0000
0.9655 0.3448 0.0000 0.0000 0.0000
0.9655 0.3793 0.0000 0.0000 0.0000
0.9655 0.4138 0.0000 0.0000 0.0000
0.9655 0.4483 0.0000 0.0000 0.0000
0.9655 0.4828 0.0000 0.0000 0.0000
0.9655 0.5172 0.0000 0.0000 0.0000
0.9655 0.5517 0.0000 0.0000 0.0000
0.9655 0.5862 0.0000 0.0000 0.0000
0.9655 0.6207 0.0000 0.0000 0.0000
0.9655 0.6552 0.0000 0.0000 0.0000
0.9655 0.6897 0.0000 0.0000 0.0000
0.9655 0.7241 0.0000 0.0000 0.0000
0.9655 0.7586 0.0000 0.0000 0.0000
0.9655 0.7931 0.0000 0.0000 0.0000
0.9655 0.8276 0.0000 0.0000 0.0000
0.9655 0.8621 0.0000 0.0000 0.0000
0.9655 0.8966 0.0000 0.0000 0.0000
0.9655 0.9310 0.0000 0.0000 0.0000
0.9655 0.9655 0.0000 0.0000 0.0000
0.9655 1.0000 0.0000 0.0000 0.0000

1.0000 0.0000 0.000000 0.000000 0.000000
1.0000 0.0345 0.0000 0.0000 0.0000
1.0000 0.0690 0.0000 0.0000 0.0000
1.0000 0.1034 0.0000 0.0000 0.0000
1.0000 0.1379 0.0000 0.0000 0.0000
1.0000 0.1724 0.0000 0.0000 0.0000
1.0000 0.2069 0.0000 0.0000 0.0000
1.0000 0.2414 0.0000 0.0000 0.0000
1.0000 0.2759 0.0000 0.0000 0.0000
1.0000 0.3103 0.0000 0.0000 0.0000
1.0000 0.3448 0.0000 0.0000 0.0000
1.0000 0.3793 0.0000 0.0000 0.0000
1.0000 0.4138 0.0000 0.0000 0.0000
1.0000 0.4483 0.0000 0.0000 0.0000
1.0000 0.4828 0.0000 0.0000 0.0000
1.0000 0.5172 0.0000 0.0000 0.0000
1.0000 0.5517 0.0000 0.0000 0.0000
1.0000 0.5862 0.0000 0.0000 0.0000
1.0000 0.6207 0.0000 0.0000 0.0000
1.0000 0.6552 0.0000 0.0000 0.0000
1.0000 0.6897 0.0000 0.0000 0.0000
1.0000 0.7241 0.0000 0.0000 0.0000
1.0000 0.7586 0.0000 0.0000 0.0000
1.0000 0.7931 0.0000 0.0000 0.0000
1.0000 0.8276 0.0000 0.0000 0.0000
1.0000 0.8621 0.0000 0.0000 0.0000
1.0000 0.8966 0.0000 0.0000 0.0000
1.0000 0.9310 0.0000 0.0000 0.0000
1.0000 0.9655 0.0000 0.0000 0.0000
1.0000 1.0000 0.0000 0.0000 0.0000

