0.0000 0.0000 0.0000 0.0000 0.0000
0.0000 0.0345 0.0000 0.0000 0.0000
0.0000 0.0690 0.0000 0.0000 0.0000
0.0000 0.1034 0.0000 0.0000 0.0000
0.0000 0.1379 0.0000 0.0000 0.0000
0.0000 0.1724 0.0000 0.0000 0.0000
0.0000 0.2069 0.0000 0.0000 0.0000
0.0000 0.2414 0.0000 0.0000 0.0000
0.0000 0.2759 0.0000 0.0000 0.0000
0.0000 0.3103 0.0000 0.0000 0.0000
0.0000 0.3448 0.0000 0.0000 0.0000
0.0000 0.3793 0.0000 0.0000 0.0000
0.0000 0.4138 0.0000 0.0000 0.0000
0.0000 0.4483 0.0000 0.0000 0.0000
0.0000 0.4828 0.0000 0.0000 0.0000
0.0000 0.5172 0.0000 0.0000 0.0000
0.0000 0.5517 0.0000 0.0000 0.0000
0.0000 0.5862 0.0000 0.0000 0.0000
0.0000 0.6207 0.0000 0.0000 0.0000
0.0000 0.6552 0.0000 0.0000 0.0000
0.0000 0.6897 0.0000 0.0000 0.0000
0.0000 0.7241 0.0000 0.0000 0.0000
0.0000 0.7586 0.0000 0.0000 0.0000
0.0000 0.7931 0.0000 0.0000 0.0000
0.0000 0.8276 0.0000 0.0000 0.0000
0.0000 0.8621 0.0000 0.0000 0.0000
0.0000 0.8966 0.0000 0.0000 0.0000
0.0000 0.9310 0.0000 0.0000 0.0000
0.0000 0.9655 0.0000 0.0000 0.0000
0.0000 1.0000 0.0000 0.0000 0.0000

0.0345 0.0000 0.0000 0.0000 0.0000
0.0345 0.0345 0.012324 0.999924 0.424527
0.0345 0.0690 0.026401 0.999651 0.396333
0.0345 0.1034 0.042624 0.999091 0.368230
0.0345 0.1379 0.061508 0.998107 0.340240
0.0345 0.1724 0.083738 0.996488 0.312393
0.0345 0.2069 0.110248 0.993904 0.284732
0.0345 0.2414 0.142327 0.989820 0.257316
0.0345 0.2759 0.181793 0.983337 0.230234
0.0345 0.3103 0.231252 0.972894 0.203617
0.0345 0.3448 0.294462 0.955663 0.177675
0.0345 0.3793 0.376753 0.926314 0.152754
0.0345 0.4138 0.485019 0.874504 0.129443
0.0345 0.4483 0.625228 0.780442 0.108783
0.0345 0.4828 0.791285 0.611448 0.092566
0.0345 0.5172 0.940706 0.339224 0.083425
0.0345 0.5517 1.000000 0.000000 0.083710
0.0345 0.5862 0.952926 -0.303204 0.093335
0.0345 0.6207 0.857111 -0.515132 0.109873
0.0345 0.6552 0.760411 -0.649442 0.130726
0.0345 0.6897 0.678793 -0.734330 0.154152
0.0345 0.7241 0.613297 -0.789852 0.179145
0.0345 0.7586 0.561104 -0.827745 0.205133
0.0345 0.7931 0.519166 -0.854674 0.231781
0.0345 0.8276 0.485019 -0.874504 0.258886
0.0345 0.8621 0.456822 -0.889558 0.286318
0.0345 0.8966 0.433223 -0.901287 0.313992
0.0345 0.9310 0.413226 -0.910628 0.341848
0.0345 0.9655 0.0000 0.0000 0.0000
0.0345 1.0000 0.0000 0.0000 0.0000

0.0690 0.0000 0.0000 0.0000 0.0000
0.0690 0.0345 0.021253 0.999774 0.816831
0.0690 0.0690 0.045635 0.998958 0.760840
0.0690 0.1034 0.073834 0.997271 0.705374
0.0690 0.1379 0.106740 0.994287 0.650566
0.0690 0.1724 0.145494 0.989359 0.596598
0.0690 0.2069 0.191572 0.981479 0.543721
0.0690 0.2414 0.246852 0.969053 0.492286
0.0690 0.2759 0.313649 0.949539 0.442796
0.0690 0.3103 0.394572 0.918865 0.395980
0.0690 0.3448 0.491924 0.870638 0.352906
0.0690 0.3793 0.606020 0.795449 0.315110
0.0690 0.4138 0.731722 0.681604 0.284703
0.0690 0.4483 0.854059 0.520175 0.264248
0.0690 0.4828 0.948869 0.315671 0.256141
0.0690 0.5172 0.995690 0.092749 0.261532
0.0690 0.5517 0.993289 -0.115657 0.279641
0.0690 0.5862 0.957465 -0.288551 0.308236
0.0690 0.6207 0.906500 -0.422206 0.344716
0.0690 0.6552 0.852628 -0.522519 0.386857
0.0690 0.6897 0.801842 -0.597537 0.433010
0.0690 0.7241 0.756324 -0.654198 0.482024
0.0690 0.7586 0.716413 -0.697677 0.533109
0.0690 0.7931 0.681696 -0.731636 0.585725
0.0690 0.8276 0.651526 -0.758626 0.639494
0.0690 0.8621 0.625238 -0.780434 0.694147
0.0690 0.8966 0.602231 -0.798322 0.749492
0.0690 0.9310 0.0000 0.0000 0.0000
0.0690 0.9655 0.0000 0.0000 0.0000
0.0690 1.0000 0.0000 0.0000 0.0000

0.1034 0.0000 0.0000 0.0000 0.0000
0.1034 0.0345 0.025058 0.999686 1.176826
0.1034 0.0690 0.053952 0.998544 1.093150
0.1034 0.1034 0.087544 0.996161 1.010538
0.1034 0.1379 0.126932 0.991911 0.929276
0.1034 0.1724 0.173514 0.984831 0.849750
0.1034 0.2069 0.229039 0.973417 0.772497
0.1034 0.2414 0.295617 0.955307 0.698271
0.1034 0.2759 0.375564 0.926796 0.628147
0.1034 0.3103 0.470851 0.882213 0.563657
0.1034 0.3448 0.581682 0.813416 0.506956
0.1034 0.3793 0.703745 0.710452 0.460928
0.1034 0.4138 0.824817 0.565399 0.429022
0.1034 0.4483 0.924832 0.380375 0.414511
0.1034 0.4828 0.984818 0.173591 0.419206
0.1034 0.5172 0.999624 -0.027409 0.442497
0.1034 0.5517 0.979503 -0.201430 0.481693
0.1034 0.5862 0.940015 -0.341134 0.533298
0.1034 0.6207 0.893464 -0.449134 0.594088
0.1034 0.6552 0.846946 -0.531678 0.661536
0.1034 0.6897 0.803718 -0.595011 0.733807
0.1034 0.7241 0.764888 -0.644163 0.809612
0.1034 0.7586 0.730539 -0.682871 0.888045
0.1034 0.7931 0.700322 -0.713827 0.968469
0.1034 0.8276 0.673754 -0.738956 1.050426
0.1034 0.8621 0.650342 -0.759641 1.133584
0.1034 0.8966 0.0000 0.0000 0.0000
0.1034 0.9310 0.0000 0.0000 0.0000
0.1034 0.9655 0.0000 0.0000 0.0000
0.1034 1.0000 0.0000 0.0000 0.0000

0.1379 0.0000 0.0000 0.0000 0.0000
0.1379 0.0345 0.027662 0.999617 1.504500
0.1379 0.0690 0.059743 0.998214 1.393214
0.1379 0.1034 0.097266 0.995258 1.283613
0.1379 0.1379 0.141535 0.989933 1.176168
0.1379 0.1724 0.194195 0.980963 1.071528
0.1379 0.2069 0.257266 0.966341 0.970601
0.1379 0.2414 0.333062 0.942905 0.874672
0.1379 0.2759 0.423813 0.905750 0.785575
0.1379 0.3103 0.530604 0.847620 0.705901
0.1379 0.3448 0.651098 0.758994 0.639184
0.1379 0.3793 0.776126 0.630577 0.589837
0.1379 0.4138 0.887908 0.460021 0.562452
0.1379 0.4483 0.965669 0.259776 0.560257
0.1379 0.4828 0.998463 0.055425 0.583537
0.1379 0.5172 0.991716 -0.128451 0.629471
0.1379 0.5517 0.960061 -0.279789 0.693574
0.1379 0.5862 0.917237 -0.398343 0.771329
0.1379 0.6207 0.872034 -0.489446 0.859036
0.1379 0.6552 0.828892 -0.559409 0.953955
0.1379 0.6897 0.789595 -0.613628 1.054138
0.1379 0.7241 0.754570 -0.656219 1.158222
0.1379 0.7586 0.723637 -0.690181 1.265243
0.1379 0.7931 0.696386 -0.717667 1.374516
0.1379 0.8276 0.672354 -0.740230 1.485543
0.1379 0.8621 0.0000 0.0000 0.0000
0.1379 0.8966 0.0000 0.0000 0.0000
0.1379 0.9310 0.0000 0.0000 0.0000
0.1379 0.9655 0.0000 0.0000 0.0000
0.1379 1.0000 0.0000 0.0000 0.0000

0.1724 0.0000 0.0000 0.0000 0.0000
0.1724 0.0345 0.029861 0.999554 1.799851
0.1724 0.0690 0.064713 0.997904 1.661032
0.1724 0.1034 0.105757 0.994392 1.524602
0.1724 0.1379 0.154523 0.987989 1.391264
0.1724 0.1724 0.212938 0.977066 1.261999
0.1724 0.2069 0.283320 0.959025 1.138195
0.1724 0.2414 0.368178 0.929755 1.021838
0.1724 0.2759 0.469510 0.882927 0.915773
0.1724 0.3103 0.587039 0.809559 0.823983
0.1724 0.3448 0.714972 0.699154 0.751716
0.1724 0.3793 0.838582 0.544775 0.705000
0.1724 0.4138 0.935988 0.352031 0.689054
0.1724 0.4483 0.989699 0.143166 0.705964
0.1724 0.4828 0.998560 -0.053652 0.753523
0.1724 0.5172 0.975471 -0.220128 0.826455
0.1724 0.5517 0.935988 -0.352031 0.918739
0.1724 0.5862 0.891250 -0.453512 1.025160
0.1724 0.6207 0.847295 -0.531122 1.141774
0.1724 0.6552 0.806757 -0.590883 1.265765
0.1724 0.6897 0.770452 -0.637498 1.395169
0.1724 0.7241 0.738354 -0.674413 1.528611
0.1724 0.7586 0.710100 -0.704101 1.665121
0.1724 0.7931 0.685225 -0.728332 1.804003
0.1724 0.8276 0.0000 0.0000 0.0000
0.1724 0.8621 0.0000 0.0000 0.0000
0.1724 0.8966 0.0000 0.0000 0.0000
0.1724 0.9310 0.0000 0.0000 0.0000
0.1724 0.9655 0.0000 0.0000 0.0000
0.1724 1.0000 0.0000 0.0000 0.0000

0.2069 0.0000 0.0000 0.0000 0.0000
0.2069 0.0345 0.031933 0.999490 2.062883
0.2069 0.0690 0.069465 0.997584 1.896615
0.2069 0.1034 0.113999 0.993481 1.733537
0.2069 0.1379 0.167337 0.985900 1.574640
0.2069 0.1724 0.231734 0.972779 1.421329
0.2069 0.2069 0.309845 0.950787 1.275619
0.2069 0.2414 0.404338 0.914609 1.140425
0.2069 0.2759 0.516689 0.856173 1.019941
0.2069 0.3103 0.644446 0.764650 0.919961
0.2069 0.3448 0.777023 0.629473 0.847774
0.2069 0.3793 0.893663 0.448738 0.810835
0.2069 0.4138 0.971165 0.238409 0.813958
0.2069 0.4483 0.999599 0.028314 0.856705
0.2069 0.4828 0.987775 -0.155884 0.933649
0.2069 0.5172 0.952663 -0.304027 1.037207
0.2069 0.5517 0.908391 -0.418122 1.160275
0.2069 0.5862 0.863213 -0.504840 1.297312
0.2069 0.6207 0.820945 -0.571007 1.444348
0.2069 0.6552 0.782925 -0.622116 1.598626
0.2069 0.6897 0.749317 -0.662212 1.758241
0.2069 0.7241 0.719798 -0.694184 1.921863
0.2069 0.7586 0.693891 -0.720080 2.088551
0.2069 0.7931 0.0000 0.0000 0.0000
0.2069 0.8276 0.0000 0.0000 0.0000
0.2069 0.8621 0.0000 0.0000 0.0000
0.2069 0.8966 0.0000 0.0000 0.0000
0.2069 0.9310 0.0000 0.0000 0.0000
0.2069 0.9655 0.0000 0.0000 0.0000
0.2069 1.0000 0.0000 0.0000 0.0000

0.2414 0.0000 0.0000 0.0000 0.0000
0.2414 0.0345 0.034009 0.999422 2.293598
0.2414 0.0690 0.074289 0.997237 2.099976
0.2414 0.1034 0.122487 0.992470 1.910462
0.2414 0.1379 0.180728 0.983533 1.726407
0.2414 0.1724 0.251660 0.967816 1.549759
0.2414 0.2069 0.338318 0.941032 1.383357
0.2414 0.2414 0.443424 0.896312 1.231364
0.2414 0.2759 0.567410 0.823436 1.099768
0.2414 0.3103 0.704358 0.709845 0.996683
0.2414 0.3448 0.837275 0.546782 0.931622
0.2414 0.3793 0.940044 0.341053 0.912751
0.2414 0.4138 0.992767 0.120060 0.942849
0.2414 0.4483 0.996513 -0.083432 1.017579
0.2414 0.4828 0.968023 -0.250860 1.128106
0.2414 0.5172 0.924869 -0.380286 1.265083
0.2414 0.5517 0.878356 -0.478008 1.420880
0.2414 0.5862 0.834001 -0.551763 1.589975
0.2414 0.6207 0.793892 -0.608059 1.768557
0.2414 0.6552 0.758457 -0.651723 1.954026
0.2414 0.6897 0.727431 -0.686181 2.144598
0.2414 0.7241 0.700313 -0.713836 2.339024
0.2414 0.7586 0.0000 0.0000 0.0000
0.2414 0.7931 0.0000 0.0000 0.0000
0.2414 0.8276 0.0000 0.0000 0.0000
0.2414 0.8621 0.0000 0.0000 0.0000
0.2414 0.8966 0.0000 0.0000 0.0000
0.2414 0.9310 0.0000 0.0000 0.0000
0.2414 0.9655 0.0000 0.0000 0.0000
0.2414 1.0000 0.0000 0.0000 0.0000

0.2759 0.0000 0.0000 0.0000 0.0000
0.2759 0.0345 0.036168 0.999346 2.491999
0.2759 0.0690 0.079371 0.996845 2.271136
0.2759 0.1034 0.131550 0.991310 2.055437
0.2759 0.1379 0.195225 0.980759 1.846710
0.2759 0.1724 0.273520 0.961866 1.647609
0.2759 0.2069 0.369876 0.929081 1.462071
0.2759 0.2414 0.486842 0.873490 1.295934
0.2759 0.2759 0.622890 0.782310 1.157583
0.2759 0.3103 0.766727 0.641974 1.057974
0.2759 0.3448 0.893577 0.448910 1.008652
0.2759 0.3793 0.974905 0.222622 1.016959
0.2759 0.4138 1.000000 0.000000 1.081570
0.2759 0.4483 0.981840 -0.189712 1.193372
0.2759 0.4828 0.941235 -0.337752 1.340612
0.2759 0.5172 0.893577 -0.448910 1.512978
0.2759 0.5517 0.846867 -0.531805 1.702857
0.2759 0.5862 0.804308 -0.594212 1.905020
0.2759 0.6207 0.766727 -0.641974 2.115948
0.2759 0.6552 0.733943 -0.679211 2.333267
0.2759 0.6897 0.705430 -0.708780 2.555345
0.2759 0.7241 0.0000 0.0000 0.0000
0.2759 0.7586 0.0000 0.0000 0.0000
0.2759 0.7931 0.0000 0.0000 0.0000
0.2759 0.8276 0.0000 0.0000 0.0000
0.2759 0.8621 0.0000 0.0000 0.0000
0.2759 0.8966 0.0000 0.0000 0.0000
0.2759 0.9310 0.0000 0.0000 0.0000
0.2759 0.9655 0.0000 0.0000 0.0000
0.2759 1.0000 0.0000 0.0000 0.0000

0.3103 0.0000 0.0000 0.0000 0.0000
0.3103 0.0345 0.038471 0.999260 2.658091
0.3103 0.0690 0.084858 0.996393 2.410120
0.3103 0.1034 0.141467 0.989943 2.168539
0.3103 0.1379 0.211307 0.977420 1.935743
0.3103 0.1724 0.298078 0.954542 1.715312
0.3103 0.2069 0.405613 0.914045 1.512661
0.3103 0.2414 0.535827 0.844328 1.335906
0.3103 0.2759 0.683677 0.729785 1.196580
0.3103 0.3103 0.829966 0.557814 1.108881
0.3103 0.3448 0.942138 0.335226 1.085395
0.3103 0.3793 0.995325 0.096586 1.130135
0.3103 0.4138 0.993040 -0.117779 1.235711
0.3103 0.4483 0.957543 -0.288291 1.388313
0.3103 0.4828 0.909360 -0.416010 1.574326
0.3103 0.5172 0.860129 -0.510077 1.783323
0.3103 0.5517 0.814756 -0.579803 2.008143
0.3103 0.5862 0.774679 -0.632354 2.244034
0.3103 0.6207 0.739862 -0.672758 2.487850
0.3103 0.6552 0.709751 -0.704452 2.737473
0.3103 0.6897 0.0000 0.0000 0.0000
0.3103 0.7241 0.0000 0.0000 0.0000
0.3103 0.7586 0.0000 0.0000 0.0000
0.3103 0.7931 0.0000 0.0000 0.0000
0.3103 0.8276 0.0000 0.0000 0.0000
0.3103 0.8621 0.0000 0.0000 0.0000
0.3103 0.8966 0.0000 0.0000 0.0000
0.3103 0.9310 0.0000 0.0000 0.0000
0.3103 0.9655 0.0000 0.0000 0.0000
0.3103 1.0000 0.0000 0.0000 0.0000

0.3448 0.0000 0.0000 0.0000 0.0000
0.3448 0.0345 0.040972 0.999160 2.791881
0.3448 0.0690 0.090894 0.995861 2.516958
0.3448 0.1034 0.152526 0.988299 2.249868
0.3448 0.1379 0.229491 0.973311 1.993759
0.3448 0.1724 0.326179 0.945308 1.753450
0.3448 0.2069 0.446718 0.894675 1.536373
0.3448 0.2414 0.591478 0.806321 1.353750
0.3448 0.2759 0.749383 0.662137 1.221139
0.3448 0.3103 0.890651 0.454687 1.155883
0.3448 0.3448 0.978247 0.207445 1.169313
0.3448 0.3793 0.999484 -0.032113 1.258913
0.3448 0.4138 0.973346 -0.229340 1.410240
0.3448 0.4483 0.925964 -0.377612 1.605936
0.3448 0.4828 0.874219 -0.485533 1.831838
0.3448 0.5172 0.825658 -0.564171 2.078118
0.3448 0.5517 0.782691 -0.622410 2.338345
0.3448 0.5862 0.745525 -0.666478 2.608349
0.3448 0.6207 0.713588 -0.700566 2.885387
0.3448 0.6552 0.0000 0.0000 0.0000
0.3448 0.6897 0.0000 0.0000 0.0000
0.3448 0.7241 0.0000 0.0000 0.0000
0.3448 0.7586 0.0000 0.0000 0.0000
0.3448 0.7931 0.0000 0.0000 0.0000
0.3448 0.8276 0.0000 0.0000 0.0000
0.3448 0.8621 0.0000 0.0000 0.0000
0.3448 0.8966 0.0000 0.0000 0.0000
0.3448 0.9310 0.0000 0.0000 0.0000
0.3448 0.9655 0.0000 0.0000 0.0000
0.3448 1.0000 0.0000 0.0000 0.0000

0.3793 0.0000 0.0000 0.0000 0.0000
0.3793 0.0345 0.043726 0.999044 2.893374
0.3793 0.0690 0.097632 0.995223 2.591692
0.3793 0.1034 0.165053 0.986285 2.299553
0.3793 0.1379 0.250390 0.968145 2.021100
0.3793 0.1724 0.358843 0.933398 1.762831
0.3793 0.2069 0.494536 0.869157 1.534966
0.3793 0.2414 0.654576 0.755996 1.352956
0.3793 0.2759 0.818074 0.575112 1.237208
0.3793 0.3103 0.943415 0.331614 1.206939
0.3793 0.3448 0.997538 0.070128 1.268283
0.3793 0.3793 0.987475 -0.157773 1.409328
0.3793 0.4138 0.943415 -0.331614 1.609252
0.3793 0.4483 0.889486 -0.456961 1.849054
0.3793 0.4828 0.837373 -0.546631 2.115215
0.3793 0.5172 0.791063 -0.611735 2.398977
0.3793 0.5517 0.751176 -0.660103 2.694785
0.3793 0.5862 0.717145 -0.696924 2.999078
0.3793 0.6207 0.0000 0.0000 0.0000
0.3793 0.6552 0.0000 0.0000 0.0000
0.3793 0.6897 0.0000 0.0000 0.0000
0.3793 0.7241 0.0000 0.0000 0.0000
0.3793 0.7586 0.0000 0.0000 0.0000
0.3793 0.7931 0.0000 0.0000 0.0000
0.3793 0.8276 0.0000 0.0000 0.0000
0.3793 0.8621 0.0000 0.0000 0.0000
0.3793 0.8966 0.0000 0.0000 0.0000
0.3793 0.9310 0.0000 0.0000 0.0000
0.3793 0.9655 0.0000 0.0000 0.0000
0.3793 1.0000 0.0000 0.0000 0.0000

0.4138 0.0000 0.0000 0.0000 0.0000
0.4138 0.0345 0.046799 0.998904 2.962580
0.4138 0.0690 0.105258 0.994445 2.634372
0.4138 0.1034 0.179454 0.983766 2.317769
0.4138 0.1379 0.274783 0.961506 2.018237
0.4138 0.1724 0.397355 0.917665 1.744592
0.4138 0.2069 0.550553 0.834800 1.510967
0.4138 0.2414 0.725084 0.688661 1.338482
0.4138 0.2759 0.885445 0.464745 1.252654
0.4138 0.3103 0.981624 0.190825 1.271159
0.4138 0.3448 0.997560 -0.069812 1.389836
0.4138 0.3793 0.961377 -0.275236 1.586360
0.4138 0.4138 0.906223 -0.422800 1.835899
0.4138 0.4483 0.850253 -0.526374 2.119813
0.4138 0.4828 0.800071 -0.599906 2.426064
0.4138 0.5172 0.757016 -0.653397 2.747192
0.4138 0.5517 0.720572 -0.693380 3.078543
0.4138 0.5862 0.689744 -0.724054 3.417147
0.4138 0.6207 0.0000 0.0000 0.0000
0.4138 0.6552 0.0000 0.0000 0.0000
0.4138 0.6897 0.0000 0.0000 0.0000
0.4138 0.7241 0.0000 0.0000 0.0000
0.4138 0.7586 0.0000 0.0000 0.0000
0.4138 0.7931 0.0000 0.0000 0.0000
0.4138 0.8276 0.0000 0.0000 0.0000
0.4138 0.8621 0.0000 0.0000 0.0000
0.4138 0.8966 0.0000 0.0000 0.0000
0.4138 0.9310 0.0000 0.0000 0.0000
0.4138 0.9655 0.0000 0.0000 0.0000
0.4138 1.0000 0.0000 0.0000 0.0000

0.4483 0.0000 0.0000 0.0000 0.0000
0.4483 0.0345 0.050266 0.998736 2.999511
0.4483 0.0690 0.114003 0.993480 2.645069
0.4483 0.1034 0.196255 0.980553 2.304749
0.4483 0.1379 0.303698 0.952768 1.985827
0.4483 0.1724 0.443349 0.896349 1.700385
0.4483 0.2069 0.616203 0.787587 1.468082
0.4483 0.2414 0.801168 0.598439 1.317339
0.4483 0.2759 0.944276 0.329156 1.277363
0.4483 0.3103 0.999251 0.038702 1.357973
0.4483 0.3448 0.978821 -0.204719 1.540352
0.4483 0.3793 0.924615 -0.380903 1.793722
0.4483 0.4138 0.864668 -0.502344 2.092450
0.4483 0.4483 0.810005 -0.586423 2.419797
0.4483 0.4828 0.763236 -0.646120 2.765619
0.4483 0.5172 0.723991 -0.689809 3.123785
0.4483 0.5517 0.0000 0.0000 0.0000
0.4483 0.5862 0.0000 0.0000 0.0000
0.4483 0.6207 0.0000 0.0000 0.0000
0.4483 0.6552 0.0000 0.0000 0.0000
0.4483 0.6897 0.0000 0.0000 0.0000
0.4483 0.7241 0.0000 0.0000 0.0000
0.4483 0.7586 0.0000 0.0000 0.0000
0.4483 0.7931 0.0000 0.0000 0.0000
0.4483 0.8276 0.0000 0.0000 0.0000
0.4483 0.8621 0.0000 0.0000 0.0000
0.4483 0.8966 0.0000 0.0000 0.0000
0.4483 0.9310 0.0000 0.0000 0.0000
0.4483 0.9655 0.0000 0.0000 0.0000
0.4483 1.0000 0.0000 0.0000 0.0000

0.4828 0.0000 0.0000 0.0000 0.0000
0.4828 0.0345 0.054225 0.998529 3.004182
0.4828 0.0690 0.124169 0.992261 2.623873
0.4828 0.1034 0.216162 0.976358 2.260824
0.4828 0.1379 0.338527 0.940957 1.924825
0.4828 0.1724 0.498882 0.866670 1.632665
0.4828 0.2069 0.692300 0.721609 1.411826
0.4828 0.2414 0.877700 0.479211 1.299202
0.4828 0.2759 0.985243 0.171159 1.322729
0.4828 0.3103 0.993360 -0.115046 1.475912
0.4828 0.3448 0.944608 -0.328200 1.724538
0.4828 0.3793 0.881022 -0.473075 2.033903
0.4828 0.4138 0.821198 -0.570643 2.380443
0.4828 0.4483 0.770040 -0.637996 2.750140
0.4828 0.4828 0.727514 -0.686093 3.134812
0.4828 0.5172 0.0000 0.0000 0.0000
0.4828 0.5517 0.0000 0.0000 0.0000
0.4828 0.5862 0.0000 0.0000 0.0000
0.4828 0.6207 0.0000 0.0000 0.0000
0.4828 0.6552 0.0000 0.0000 0.0000
0.4828 0.6897 0.0000 0.0000 0.0000
0.4828 0.7241 0.0000 0.0000 0.0000
0.4828 0.7586 0.0000 0.0000 0.0000
0.4828 0.7931 0.0000 0.0000 0.0000
0.4828 0.8276 0.0000 0.0000 0.0000
0.4828 0.8621 0.0000 0.0000 0.0000
0.4828 0.8966 0.0000 0.0000 0.0000
0.4828 0.9310 0.0000 0.0000 0.0000
0.4828 0.9655 0.0000 0.0000 0.0000
0.4828 1.0000 0.0000 0.0000 0.0000

0.5172 0.0000 0.0000 0.0000 0.0000
0.5172 0.0345 0.058802 0.998270 2.976613
0.5172 0.0690 0.136162 0.990687 2.570912
0.5172 0.1034 0.240155 0.970735 2.186461
0.5172 0.1379 0.381193 0.924496 1.836654
0.5172 0.1724 0.566366 0.824154 1.545201
0.5172 0.2069 0.777663 0.628681 1.350429
0.5172 0.2414 0.944894 0.327375 1.296661
0.5172 0.2759 1.000000 0.000000 1.400238
0.5172 0.3103 0.965557 -0.260193 1.631461
0.5172 0.3448 0.899741 -0.436423 1.945334
0.5172 0.3793 0.834058 -0.551677 2.308386
0.5172 0.4138 0.777663 -0.628681 2.700857
0.5172 0.4483 0.731251 -0.682109 3.111636
0.5172 0.4828 0.0000 0.0000 0.0000
0.5172 0.5172 0.0000 0.0000 0.0000
0.5172 0.5517 0.0000 0.0000 0.0000
0.5172 0.5862 0.0000 0.0000 0.0000
0.5172 0.6207 0.0000 0.0000 0.0000
0.5172 0.6552 0.0000 0.0000 0.0000
0.5172 0.6897 0.0000 0.0000 0.0000
0.5172 0.7241 0.0000 0.0000 0.0000
0.5172 0.7586 0.0000 0.0000 0.0000
0.5172 0.7931 0.0000 0.0000 0.0000
0.5172 0.8276 0.0000 0.0000 0.0000
0.5172 0.8621 0.0000 0.0000 0.0000
0.5172 0.8966 0.0000 0.0000 0.0000
0.5172 0.9310 0.0000 0.0000 0.0000
0.5172 0.9655 0.0000 0.0000 0.0000
0.5172 1.0000 0.0000 0.0000 0.0000

0.5517 0.0000 0.0000 0.0000 0.0000
0.5517 0.0345 0.064165 0.997939 2.916831
0.5517 0.0690 0.150548 0.988603 2.486364
0.5517 0.1034 0.269634 0.962963 2.082356
0.5517 0.1379 0.434363 0.900738 1.723518
0.5517 0.1724 0.648088 0.761565 1.443925
0.5517 0.2069 0.866521 0.499140 1.295927
0.5517 0.2414 0.989207 0.146523 1.324401
0.5517 0.2759 0.985395 -0.170284 1.519457
0.5517 0.3103 0.921184 -0.389127 1.828541
0.5517 0.3448 0.849100 -0.528233 2.204195
0.5517 0.3793 0.786403 -0.617713 2.617918
0.5517 0.4138 0.735329 -0.677711 3.054278
0.5517 0.4483 0.0000 0.0000 0.0000
0.5517 0.4828 0.0000 0.0000 0.0000
0.5517 0.5172 0.0000 0.0000 0.0000
0.5517 0.5517 0.0000 0.0000 0.0000
0.5517 0.5862 0.0000 0.0000 0.0000
0.5517 0.6207 0.0000 0.0000 0.0000
0.5517 0.6552 0.0000 0.0000 0.0000
0.5517 0.6897 0.0000 0.0000 0.0000
0.5517 0.7241 0.0000 0.0000 0.0000
0.5517 0.7586 0.0000 0.0000 0.0000
0.5517 0.7931 0.0000 0.0000 0.0000
0.5517 0.8276 0.0000 0.0000 0.0000
0.5517 0.8621 0.0000 0.0000 0.0000
0.5517 0.8966 0.0000 0.0000 0.0000
0.5517 0.9310 0.0000 0.0000 0.0000
0.5517 0.9655 0.0000 0.0000 0.0000
0.5517 1.0000 0.0000 0.0000 0.0000

0.5862 0.0000 0.0000 0.0000 0.0000
0.5862 0.0345 0.070547 0.997508 2.824874
0.5862 0.0690 0.168140 0.985763 2.370490
0.5862 0.1034 0.306661 0.951819 1.949581
0.5862 0.1379 0.501673 0.865057 1.588975
0.5862 0.1724 0.744530 0.667589 1.338338
0.5862 0.2069 0.945361 0.326025 1.264828
0.5862 0.2414 0.998789 -0.049207 1.396698
0.5862 0.2759 0.945361 -0.326025 1.686438
0.5862 0.3103 0.866988 -0.498329 2.068747
0.5862 0.3448 0.796657 -0.604432 2.501537
0.5862 0.3793 0.739900 -0.672717 2.962768
0.5862 0.4138 0.694979 -0.719030 3.441022
0.5862 0.4483 0.0000 0.0000 0.0000
0.5862 0.4828 0.0000 0.0000 0.0000
0.5862 0.5172 0.0000 0.0000 0.0000
0.5862 0.5517 0.0000 0.0000 0.0000
0.5862 0.5862 0.0000 0.0000 0.0000
0.5862 0.6207 0.0000 0.0000 0.0000
0.5862 0.6552 0.0000 0.0000 0.0000
0.5862 0.6897 0.0000 0.0000 0.0000
0.5862 0.7241 0.0000 0.0000 0.0000
0.5862 0.7586 0.0000 0.0000 0.0000
0.5862 0.7931 0.0000 0.0000 0.0000
0.5862 0.8276 0.0000 0.0000 0.0000
0.5862 0.8621 0.0000 0.0000 0.0000
0.5862 0.8966 0.0000 0.0000 0.0000
0.5862 0.9310 0.0000 0.0000 0.0000
0.5862 0.9655 0.0000 0.0000 0.0000
0.5862 1.0000 0.0000 0.0000 0.0000

0.6207 0.0000 0.0000 0.0000 0.0000
0.6207 0.0345 0.078279 0.996932 2.700796
0.6207 0.0690 0.190148 0.981755 2.223686
0.6207 0.1034 0.354354 0.935111 1.789863
0.6207 0.1379 0.587661 0.809108 1.439028
0.6207 0.1724 0.850065 0.526677 1.243522
0.6207 0.2069 0.993482 0.113988 1.276812
0.6207 0.2414 0.971081 -0.238752 1.523977
0.6207 0.2759 0.888555 -0.458770 1.903450
0.6207 0.3103 0.808972 -0.587847 2.352040
0.6207 0.3448 0.745167 -0.666878 2.837150
0.6207 0.3793 0.0000 0.0000 0.0000
0.6207 0.4138 0.0000 0.0000 0.0000
0.6207 0.4483 0.0000 0.0000 0.0000
0.6207 0.4828 0.0000 0.0000 0.0000
0.6207 0.5172 0.0000 0.0000 0.0000
0.6207 0.5517 0.0000 0.0000 0.0000
0.6207 0.5862 0.0000 0.0000 0.0000
0.6207 0.6207 0.0000 0.0000 0.0000
0.6207 0.6552 0.0000 0.0000 0.0000
0.6207 0.6897 0.0000 0.0000 0.0000
0.6207 0.7241 0.0000 0.0000 0.0000
0.6207 0.7586 0.0000 0.0000 0.0000
0.6207 0.7931 0.0000 0.0000 0.0000
0.6207 0.8276 0.0000 0.0000 0.0000
0.6207 0.8621 0.0000 0.0000 0.0000
0.6207 0.8966 0.0000 0.0000 0.0000
0.6207 0.9310 0.0000 0.0000 0.0000
0.6207 0.9655 0.0000 0.0000 0.0000
0.6207 1.0000 0.0000 0.0000 0.0000

0.6552 0.0000 0.0000 0.0000 0.0000
0.6552 0.0345 0.087847 0.996134 2.544677
0.6552 0.0690 0.218456 0.975847 2.046578
0.6552 0.1034 0.417537 0.908660 1.606159
0.6552 0.1379 0.696285 0.717766 1.284207
0.6552 0.1724 0.945725 0.324967 1.181862
0.6552 0.2069 0.993504 -0.113795 1.350030
0.6552 0.2414 0.914709 -0.404112 1.710712
0.6552 0.2759 0.824144 -0.566380 2.169944
0.6552 0.3103 0.751409 -0.659837 2.677490
0.6552 0.3448 0.0000 0.0000 0.0000
0.6552 0.3793 0.0000 0.0000 0.0000
0.6552 0.4138 0.0000 0.0000 0.0000
0.6552 0.4483 0.0000 0.0000 0.0000
0.6552 0.4828 0.0000 0.0000 0.0000
0.6552 0.5172 0.0000 0.0000 0.0000
0.6552 0.5517 0.0000 0.0000 0.0000
0.6552 0.5862 0.0000 0.0000 0.0000
0.6552 0.6207 0.0000 0.0000 0.0000
0.6552 0.6552 0.0000 0.0000 0.0000
0.6552 0.6897 0.0000 0.0000 0.0000
0.6552 0.7241 0.0000 0.0000 0.0000
0.6552 0.7586 0.0000 0.0000 0.0000
0.6552 0.7931 0.0000 0.0000 0.0000
0.6552 0.8276 0.0000 0.0000 0.0000
0.6552 0.8621 0.0000 0.0000 0.0000
0.6552 0.8966 0.0000 0.0000 0.0000
0.6552 0.9310 0.0000 0.0000 0.0000
0.6552 0.9655 0.0000 0.0000 0.0000
0.6552 1.0000 0.0000 0.0000 0.0000

0.6897 0.0000 0.0000 0.0000 0.0000
0.6897 0.0345 0.100003 0.994987 2.356641
0.6897 0.0690 0.256134 0.966641 1.840222
0.6897 0.1034 0.503618 0.863926 1.403872
0.6897 0.1379 0.824551 0.565787 1.143273
0.6897 0.1724 0.997654 0.068457 1.181130
0.6897 0.2069 0.945879 -0.324520 1.494938
0.6897 0.2414 0.843356 -0.537355 1.956117
0.6897 0.2759 0.759040 -0.651044 2.483893
0.6897 0.3103 0.0000 0.0000 0.0000
0.6897 0.3448 0.0000 0.0000 0.0000
0.6897 0.3793 0.0000 0.0000 0.0000
0.6897 0.4138 0.0000 0.0000 0.0000
0.6897 0.4483 0.0000 0.0000 0.0000
0.6897 0.4828 0.0000 0.0000 0.0000
0.6897 0.5172 0.0000 0.0000 0.0000
0.6897 0.5517 0.0000 0.0000 0.0000
0.6897 0.5862 0.0000 0.0000 0.0000
0.6897 0.6207 0.0000 0.0000 0.0000
0.6897 0.6552 0.0000 0.0000 0.0000
0.6897 0.6897 0.0000 0.0000 0.0000
0.6897 0.7241 0.0000 0.0000 0.0000
0.6897 0.7586 0.0000 0.0000 0.0000
0.6897 0.7931 0.0000 0.0000 0.0000
0.6897 0.8276 0.0000 0.0000 0.0000
0.6897 0.8621 0.0000 0.0000 0.0000
0.6897 0.8966 0.0000 0.0000 0.0000
0.6897 0.9310 0.0000 0.0000 0.0000
0.6897 0.9655 0.0000 0.0000 0.0000
0.6897 1.0000 0.0000 0.0000 0.0000

0.7241 0.0000 0.0000 0.0000 0.0000
0.7241 0.0345 0.115963 0.993254 2.136890
0.7241 0.0690 0.308490 0.951228 1.606535
0.7241 0.1034 0.622798 0.782383 1.193646
0.7241 0.1379 0.946018 0.324115 1.047762
0.7241 0.1724 0.979518 -0.201356 1.264909
0.7241 0.2069 0.868397 -0.495870 1.712122
0.7241 0.2414 0.768705 -0.639604 2.256525
0.7241 0.2759 0.0000 0.0000 0.0000
0.7241 0.3103 0.0000 0.0000 0.0000
0.7241 0.3448 0.0000 0.0000 0.0000
0.7241 0.3793 0.0000 0.0000 0.0000
0.7241 0.4138 0.0000 0.0000 0.0000
0.7241 0.4483 0.0000 0.0000 0.0000
0.7241 0.4828 0.0000 0.0000 0.0000
0.7241 0.5172 0.0000 0.0000 0.0000
0.7241 0.5517 0.0000 0.0000 0.0000
0.7241 0.5862 0.0000 0.0000 0.0000
0.7241 0.6207 0.0000 0.0000 0.0000
0.7241 0.6552 0.0000 0.0000 0.0000
0.7241 0.6897 0.0000 0.0000 0.0000
0.7241 0.7241 0.0000 0.0000 0.0000
0.7241 0.7586 0.0000 0.0000 0.0000
0.7241 0.7931 0.0000 0.0000 0.0000
0.7241 0.8276 0.0000 0.0000 0.0000
0.7241 0.8621 0.0000 0.0000 0.0000
0.7241 0.8966 0.0000 0.0000 0.0000
0.7241 0.9310 0.0000 0.0000 0.0000
0.7241 0.9655 0.0000 0.0000 0.0000
0.7241 1.0000 0.0000 0.0000 0.0000

0.7586 0.0000 0.0000 0.0000 0.0000
0.7586 0.0345 0.137836 0.990455 1.885776
0.7586 0.0690 0.385266 0.922806 1.349346
0.7586 0.1034 0.781473 0.623939 0.997841
0.7586 0.1379 1.000000 0.000000 1.039715
0.7586 0.1724 0.901858 -0.432034 1.441074
0.7586 0.2069 0.781473 -0.623939 1.995682
0.7586 0.2414 0.697789 -0.716303 2.607522
0.7586 0.2759 0.0000 0.0000 0.0000
0.7586 0.3103 0.0000 0.0000 0.0000
0.7586 0.3448 0.0000 0.0000 0.0000
0.7586 0.3793 0.0000 0.0000 0.0000
0.7586 0.4138 0.0000 0.0000 0.0000
0.7586 0.4483 0.0000 0.0000 0.0000
0.7586 0.4828 0.0000 0.0000 0.0000
0.7586 0.5172 0.0000 0.0000 0.0000
0.7586 0.5517 0.0000 0.0000 0.0000
0.7586 0.5862 0.0000 0.0000 0.0000
0.7586 0.6207 0.0000 0.0000 0.0000
0.7586 0.6552 0.0000 0.0000 0.0000
0.7586 0.6897 0.0000 0.0000 0.0000
0.7586 0.7241 0.0000 0.0000 0.0000
0.7586 0.7586 0.0000 0.0000 0.0000
0.7586 0.7931 0.0000 0.0000 0.0000
0.7586 0.8276 0.0000 0.0000 0.0000
0.7586 0.8621 0.0000 0.0000 0.0000
0.7586 0.8966 0.0000 0.0000 0.0000
0.7586 0.9310 0.0000 0.0000 0.0000
0.7586 0.9655 0.0000 0.0000 0.0000
0.7586 1.0000 0.0000 0.0000 0.0000

0.7931 0.0000 0.0000 0.0000 0.0000
0.7931 0.0345 0.169614 0.985511 1.603978
0.7931 0.0690 0.505051 0.863090 1.077345
0.7931 0.1034 0.946257 0.323415 0.862526
0.7931 0.1379 0.946257 -0.323415 1.150034
0.7931 0.1724 0.799262 -0.600983 1.701928
0.7931 0.2069 0.0000 0.0000 0.0000
0.7931 0.2414 0.0000 0.0000 0.0000
0.7931 0.2759 0.0000 0.0000 0.0000
0.7931 0.3103 0.0000 0.0000 0.0000
0.7931 0.3448 0.0000 0.0000 0.0000
0.7931 0.3793 0.0000 0.0000 0.0000
0.7931 0.4138 0.0000 0.0000 0.0000
0.7931 0.4483 0.0000 0.0000 0.0000
0.7931 0.4828 0.0000 0.0000 0.0000
0.7931 0.5172 0.0000 0.0000 0.0000
0.7931 0.5517 0.0000 0.0000 0.0000
0.7931 0.5862 0.0000 0.0000 0.0000
0.7931 0.6207 0.0000 0.0000 0.0000
0.7931 0.6552 0.0000 0.0000 0.0000
0.7931 0.6897 0.0000 0.0000 0.0000
0.7931 0.7241 0.0000 0.0000 0.0000
0.7931 0.7586 0.0000 0.0000 0.0000
0.7931 0.7931 0.0000 0.0000 0.0000
0.7931 0.8276 0.0000 0.0000 0.0000
0.7931 0.8621 0.0000 0.0000 0.0000
0.7931 0.8966 0.0000 0.0000 0.0000
0.7931 0.9310 0.0000 0.0000 0.0000
0.7931 0.9655 0.0000 0.0000 0.0000
0.7931 1.0000 0.0000 0.0000 0.0000

0.8276 0.0000 0.0000 0.0000 0.0000
0.8276 0.0345 0.219792 0.975547 1.292973
0.8276 0.0690 0.698579 0.715532 0.813610
0.8276 0.1034 0.993586 -0.113078 0.858060
0.8276 0.1379 0.825832 -0.563916 1.376480
0.8276 0.1724 0.0000 0.0000 0.0000
0.8276 0.2069 0.0000 0.0000 0.0000
0.8276 0.2414 0.0000 0.0000 0.0000
0.8276 0.2759 0.0000 0.0000 0.0000
0.8276 0.3103 0.0000 0.0000 0.0000
0.8276 0.3448 0.0000 0.0000 0.0000
0.8276 0.3793 0.0000 0.0000 0.0000
0.8276 0.4138 0.0000 0.0000 0.0000
0.8276 0.4483 0.0000 0.0000 0.0000
0.8276 0.4828 0.0000 0.0000 0.0000
0.8276 0.5172 0.0000 0.0000 0.0000
0.8276 0.5517 0.0000 0.0000 0.0000
0.8276 0.5862 0.0000 0.0000 0.0000
0.8276 0.6207 0.0000 0.0000 0.0000
0.8276 0.6552 0.0000 0.0000 0.0000
0.8276 0.6897 0.0000 0.0000 0.0000
0.8276 0.7241 0.0000 0.0000 0.0000
0.8276 0.7586 0.0000 0.0000 0.0000
0.8276 0.7931 0.0000 0.0000 0.0000
0.8276 0.8276 0.0000 0.0000 0.0000
0.8276 0.8621 0.0000 0.0000 0.0000
0.8276 0.8966 0.0000 0.0000 0.0000
0.8276 0.9310 0.0000 0.0000 0.0000
0.8276 0.9655 0.0000 0.0000 0.0000
0.8276 1.0000 0.0000 0.0000 0.0000

0.8621 0.0000 0.0000 0.0000 0.0000
0.8621 0.0345 0.309732 0.950824 0.956677
0.8621 0.0690 0.946457 0.322829 0.626154
0.8621 0.1034 0.869343 -0.494209 1.022544
0.8621 0.1379 0.698926 -0.715194 1.695823
0.8621 0.1724 0.0000 0.0000 0.0000
0.8621 0.2069 0.0000 0.0000 0.0000
0.8621 0.2414 0.0000 0.0000 0.0000
0.8621 0.2759 0.0000 0.0000 0.0000
0.8621 0.3103 0.0000 0.0000 0.0000
0.8621 0.3448 0.0000 0.0000 0.0000
0.8621 0.3793 0.0000 0.0000 0.0000
0.8621 0.4138 0.0000 0.0000 0.0000
0.8621 0.4483 0.0000 0.0000 0.0000
0.8621 0.4828 0.0000 0.0000 0.0000
0.8621 0.5172 0.0000 0.0000 0.0000
0.8621 0.5517 0.0000 0.0000 0.0000
0.8621 0.5862 0.0000 0.0000 0.0000
0.8621 0.6207 0.0000 0.0000 0.0000
0.8621 0.6552 0.0000 0.0000 0.0000
0.8621 0.6897 0.0000 0.0000 0.0000
0.8621 0.7241 0.0000 0.0000 0.0000
0.8621 0.7586 0.0000 0.0000 0.0000
0.8621 0.7931 0.0000 0.0000 0.0000
0.8621 0.8276 0.0000 0.0000 0.0000
0.8621 0.8621 0.0000 0.0000 0.0000
0.8621 0.8966 0.0000 0.0000 0.0000
0.8621 0.9310 0.0000 0.0000 0.0000
0.8621 0.9655 0.0000 0.0000 0.0000
0.8621 1.0000 0.0000 0.0000 0.0000

0.8966 0.0000 0.0000 0.0000 0.0000
0.8966 0.0345 0.506150 0.862445 0.609389
0.8966 0.0690 0.946546 -0.322570 0.651722
0.8966 0.1034 0.0000 0.0000 0.0000
0.8966 0.1379 0.0000 0.0000 0.0000
0.8966 0.1724 0.0000 0.0000 0.0000
0.8966 0.2069 0.0000 0.0000 0.0000
0.8966 0.2414 0.0000 0.0000 0.0000
0.8966 0.2759 0.0000 0.0000 0.0000
0.8966 0.3103 0.0000 0.0000 0.0000
0.8966 0.3448 0.0000 0.0000 0.0000
0.8966 0.3793 0.0000 0.0000 0.0000
0.8966 0.4138 0.0000 0.0000 0.0000
0.8966 0.4483 0.0000 0.0000 0.0000
0.8966 0.4828 0.0000 0.0000 0.0000
0.8966 0.5172 0.0000 0.0000 0.0000
0.8966 0.5517 0.0000 0.0000 0.0000
0.8966 0.5862 0.0000 0.0000 0.0000
0.8966 0.6207 0.0000 0.0000 0.0000
0.8966 0.6552 0.0000 0.0000 0.0000
0.8966 0.6897 0.0000 0.0000 0.0000
0.8966 0.7241 0.0000 0.0000 0.0000
0.8966 0.7586 0.0000 0.0000 0.0000
0.8966 0.7931 0.0000 0.0000 0.0000
0.8966 0.8276 0.0000 0.0000 0.0000
0.8966 0.8621 0.0000 0.0000 0.0000
0.8966 0.8966 0.0000 0.0000 0.0000
0.8966 0.9310 0.0000 0.0000 0.0000
0.8966 0.9655 0.0000 0.0000 0.0000
0.8966 1.0000 0.0000 0.0000 0.0000

0.9310 0.0000 0.0000 0.0000 0.0000
0.9310 0.0345 0.946627 0.322331 0.338645
0.9310 0.0690 0.699542 -0.714591 0.916516
0.9310 0.1034 0.0000 0.0000 0.0000
0.9310 0.1379 0.0000 0.0000 0.0000
0.9310 0.1724 0.0000 0.0000 0.0000
0.9310 0.2069 0.0000 0.0000 0.0000
0.9310 0.2414 0.0000 0.0000 0.0000
0.9310 0.2759 0.0000 0.0000 0.0000
0.9310 0.3103 0.0000 0.0000 0.0000
0.9310 0.3448 0.0000 0.0000 0.0000
0.9310 0.3793 0.0000 0.0000 0.0000
0.9310 0.4138 0.0000 0.0000 0.0000
0.9310 0.4483 0.0000 0.0000 0.0000
0.9310 0.4828 0.0000 0.0000 0.0000
0.9310 0.5172 0.0000 0.0000 0.0000
0.9310 0.5517 0.0000 0.0000 0.0000
0.9310 0.5862 0.0000 0.0000 0.0000
0.9310 0.6207 0.0000 0.0000 0.0000
0.9310 0.6552 0.0000 0.0000 0.0000
0.9310 0.6897 0.0000 0.0000 0.0000
0.9310 0.7241 0.0000 0.0000 0.0000
0.9310 0.7586 0.0000 0.0000 0.0000
0.9310 0.7931 0.0000 0.0000 0.0000
0.9310 0.8276 0.0000 0.0000 0.0000
0.9310 0.8621 0.0000 0.0000 0.0000
0.9310 0.8966 0.0000 0.0000 0.0000
0.9310 0.9310 0.0000 0.0000 0.0000
0.9310 0.9655 0.0000 0.0000 0.0000
0.9310 1.0000 0.0000 0.0000 0.0000

0.9655 0.0000 0.0000 0.0000 0.0000
0.9655 0.0345 0.0000 0.0000 0.0000
0.9655 0.0690 0.0000 0.0000 0.0000
0.9655 0.1034 0.0000 0.0000 0.0000
0.9655 0.1379 0.0000 0.0000 0.0000
0.9655 0.1724 0.0000 0.0000 0.0000
0.9655 0.2069 0.0000 0.0000 0.0000
0.9655 0.2414 0.0000 0.0000 0.0000
0.9655 0.2759 0.0000 0.0000 0.0000
0.9655 0.3103 0.0000 0.0000 0.0000
0.9655 0.3448 0.0000 0.0000 0.0000
0.9655 0.3793 0.0000 0.0000 0.0000
0.9655 0.4138 0.0000 0.0000 0.0000
0.9655 0.4483 0.0000 0.0000 0.0000
0.9655 0.4828 0.0000 0.0000 0.0000
0.9655 0.5172 0.0000 0.0000 0.0000
0.9655 0.5517 0.0000 0.0000 0.0000
0.9655 0.5862 0.0000 0.0000 0.0000
0.9655 0.6207 0.0000 0.0000 0.0000
0.9655 0.6552 0.0000 0.0000 0.0000
0.9655 0.6897 0.0000 0.0000 0.0000
0.9655 0.7241 0.0000 0.0000 0.0000
0.9655 0.7586 0.0000 0.0000 0.0000
0.9655 0.7931 0.0000 0.0000 0.0000
0.9655 0.8276 0.0000 0.0000 0.0000
0.9655 0.8621 0.0000 0.0000 0.0000
0.9655 0.8966 0.0000 0.0000 0.0000
0.9655 0.9310 0.0000 0.0000 0.0000
0.9655 0.9655 0.0000 0.0000 0.0000
0.9655 1.0000 0.0000 0.0000 0.0000

1.0000 0.0000 0.0000 0.0000 0.0000
1.0000 0.0345 0.0000 0.0000 0.0000
1.0000 0.0690 0.0000 0.0000 0.0000
1.0000 0.1034 0.0000 0.0000 0.0000
1.0000 0.1379 0.0000 0.0000 0.0000
1.0000 0.1724 0.0000 0.0000 0.0000
1.0000 0.2069 0.0000 0.0000 0.0000
1.0000 0.2414 0.0000 0.0000 0.0000
1.0000 0.2759 0.0000 0.0000 0.0000
1.0000 0.3103 0.0000 0.0000 0.0000
1.0000 0.3448 0.0000 0.0000 0.0000
1.0000 0.3793 0.0000 0.0000 0.0000
1.0000 0.4138 0.0000 0.0000 0.0000
1.0000 0.4483 0.0000 0.0000 0.0000
1.0000 0.4828 0.0000 0.0000 0.0000
1.0000 0.5172 0.0000 0.0000 0.0000
1.0000 0.5517 0.0000 0.0000 0.0000
1.0000 0.5862 0.0000 0.0000 0.0000
1.0000 0.6207 0.0000 0.0000 0.0000
1.0000 0.6552 0.0000 0.0000 0.0000
1.0000 0.6897 0.0000 0.0000 0.0000
1.0000 0.7241 0.0000 0.0000 0.0000
1.0000 0.7586 0.0000 0.0000 0.0000
1.0000 0.7931 0.0000 0.0000 0.0000
1.0000 0.8276 0.0000 0.0000 0.0000
1.0000 0.8621 0.0000 0.0000 0.0000
1.0000 0.8966 0.0000 0.0000 0.0000
1.0000 0.9310 0.0000 0.0000 0.0000
1.0000 0.9655 0.0000 0.0000 0.0000
1.0000 1.0000 0.0000 0.0000 0.0000

