0.0000 0.0000 0.000000 0.000000 0.000000
0.0000 0.0345 -1.000000 0.000000 0.006897
0.0000 0.0690 -1.000000 0.000000 0.013793
0.0000 0.1034 -1.000000 0.000000 0.020690
0.0000 0.1379 -1.000000 0.000000 0.027586
0.0000 0.1724 -1.000000 0.000000 0.034483
0.0000 0.2069 -1.000000 0.000000 0.041379
0.0000 0.2414 -1.000000 0.000000 0.048276
0.0000 0.2759 -1.000000 0.000000 0.055172
0.0000 0.3103 -1.000000 0.000000 0.062069
0.0000 0.3448 -1.000000 0.000000 0.068966
0.0000 0.3793 -1.000000 0.000000 0.075862
0.0000 0.4138 -1.000000 0.000000 0.082759
0.0000 0.4483 -1.000000 0.000000 0.089655
0.0000 0.4828 -1.000000 0.000000 0.096552
0.0000 0.5172 -1.000000 0.000000 0.103448
0.0000 0.5517 -1.000000 0.000000 0.110345
0.0000 0.5862 -1.000000 -0.000000 0.117241
0.0000 0.6207 -1.000000 -0.000000 0.124138
0.0000 0.6552 -1.000000 -0.000000 0.131034
0.0000 0.6897 -1.000000 -0.000000 0.137931
0.0000 0.7241 -1.000000 -0.000000 0.144828
0.0000 0.7586 -1.000000 -0.000000 0.151724
0.0000 0.7931 -1.000000 -0.000000 0.158621
0.0000 0.8276 -1.000000 -0.000000 0.165517
0.0000 0.8621 -1.000000 -0.000000 0.172414
0.0000 0.8966 -1.000000 -0.000000 0.179310
0.0000 0.9310 -1.000000 -0.000000 0.186207
0.0000 0.9655 -1.000000 -0.000000 0.193103
0.0000 1.0000 -1.000000 -0.000000 0.200000

0.0345 0.0000 0.000000 1.000000 0.625922
0.0345 0.0345 0.016816 0.999859 0.586884
0.0345 0.0690 0.036017 0.999351 0.548037
0.0345 0.1034 0.058120 0.998310 0.509422
0.0345 0.1379 0.083797 0.996483 0.471098
0.0345 0.1724 0.113926 0.993489 0.433141
0.0345 0.2069 0.149663 0.988737 0.395657
0.0345 0.2414 0.192546 0.981288 0.358795
0.0345 0.2759 0.244615 0.969620 0.322766
0.0345 0.3103 0.308535 0.951213 0.287886
0.0345 0.3448 0.387598 0.921829 0.254625
0.0345 0.3793 0.485282 0.874358 0.223708
0.0345 0.4138 0.603484 0.797375 0.196244
0.0345 0.4483 0.737863 0.674950 0.173880
0.0345 0.4828 0.870172 0.492748 0.158783
0.0345 0.5172 0.966812 0.255487 0.153120
0.0345 0.5517 1.000000 0.000000 0.157907
0.0345 0.5862 0.973877 -0.227077 0.172277
0.0345 0.6207 0.915170 -0.403067 0.194112
0.0345 0.6552 0.847666 -0.530530 0.221213
0.0345 0.6897 0.783624 -0.621235 0.251886
0.0345 0.7241 0.727256 -0.686366 0.284980
0.0345 0.7586 0.679052 -0.734090 0.319744
0.0345 0.7931 0.638176 -0.769890 0.355688
0.0345 0.8276 0.603484 -0.797375 0.392489
0.0345 0.8621 0.573889 -0.818933 0.429926
0.0345 0.8966 0.548468 -0.836172 0.467848
0.0345 0.9310 0.526468 -0.850195 0.506144
0.0345 0.9655 0.507287 -0.861777 0.544736
0.0345 1.0000 0.0000 0.0000 0.0000

0.0690 0.0000 0.000000 1.000000 1.207134
0.0690 0.0345 0.023587 0.999722 1.129208
0.0690 0.0690 0.050637 0.998717 1.052004
0.0690 0.1034 0.081896 0.996641 0.975691
0.0690 0.1379 0.118312 0.992976 0.900498
0.0690 0.1724 0.161086 0.986940 0.826730
0.0690 0.2069 0.211723 0.977330 0.754805
0.0690 0.2414 0.272062 0.962280 0.685303
0.0690 0.2759 0.344210 0.938893 0.619041
0.0690 0.3103 0.430232 0.902718 0.557176
0.0690 0.3448 0.531278 0.847198 0.501338
0.0690 0.3793 0.645684 0.763605 0.453759
0.0690 0.4138 0.765974 0.642871 0.417272
0.0690 0.4483 0.876673 0.481086 0.394964
0.0690 0.4828 0.957894 0.287124 0.389281
0.0690 0.5172 0.996496 0.083635 0.400929
0.0690 0.5517 0.994542 -0.104338 0.428498
0.0690 0.5862 0.965056 -0.262045 0.469190
0.0690 0.6207 0.922100 -0.386953 0.519932
0.0690 0.6552 0.875416 -0.483371 0.578085
0.0690 0.6897 0.830221 -0.557434 0.641635
0.0690 0.7241 0.788756 -0.614706 0.709135
0.0690 0.7586 0.751669 -0.659541 0.779557
0.0690 0.7931 0.718868 -0.695147 0.852179
0.0690 0.8276 0.689963 -0.723845 0.926483
0.0690 0.8621 0.664482 -0.747305 1.002095
0.0690 0.8966 0.641961 -0.766737 1.078740
0.0690 0.9310 0.621982 -0.783031 1.156213
0.0690 0.9655 0.0000 0.0000 0.0000
0.0690 1.0000 0.0000 0.0000 0.0000

0.1034 0.0000 0.000000 1.000000 1.743639
0.1034 0.0345 0.026678 0.999644 1.626857
0.1034 0.0690 0.057431 0.998349 1.511413
0.1034 0.1034 0.093159 0.995651 1.397636
0.1034 0.1379 0.134998 0.990846 1.285969
0.1034 0.1724 0.184368 0.982857 1.177014
0.1034 0.2069 0.243006 0.970025 1.071598
0.1034 0.2414 0.312919 0.949780 0.970874
0.1034 0.2759 0.396145 0.918188 0.876461
0.1034 0.3103 0.494048 0.869435 0.790624
0.1034 0.3448 0.605773 0.795637 0.716452
0.1034 0.3793 0.725653 0.688060 0.657901
0.1034 0.4138 0.840804 0.541340 0.619417
0.1034 0.4483 0.932818 0.360349 0.604844
0.1034 0.4828 0.986571 0.163334 0.615881
0.1034 0.5172 0.999669 -0.025745 0.651227
0.1034 0.5517 0.981853 -0.189646 0.707246
0.1034 0.5862 0.946526 -0.322627 0.779495
0.1034 0.6207 0.904275 -0.426950 0.863911
0.1034 0.6552 0.861413 -0.507905 0.957280
0.1034 0.6897 0.821024 -0.570893 1.057233
0.1034 0.7241 0.784301 -0.620381 1.162073
0.1034 0.7586 0.751474 -0.659763 1.270590
0.1034 0.7931 0.722341 -0.691537 1.381919
0.1034 0.8276 0.696533 -0.717525 1.495431
0.1034 0.8621 0.673646 -0.739054 1.610665
0.1034 0.8966 0.653294 -0.757105 1.727276
0.1034 0.9310 0.0000 0.0000 0.0000
0.1034 0.9655 0.0000 0.0000 0.0000
0.1034 1.0000 0.0000 0.0000 0.0000

0.1379 0.0000 0.000000 1.000000 2.235434
0.1379 0.0345 0.028929 0.999581 2.079824
0.1379 0.0690 0.062471 0.998047 1.926236
0.1379 0.1034 0.101679 0.994817 1.775193
0.1379 0.1379 0.147883 0.989005 1.627406
0.1379 0.1724 0.202738 0.979233 1.483847
0.1379 0.2069 0.268227 0.963356 1.345870
0.1379 0.2414 0.346530 0.938039 1.215378
0.1379 0.2759 0.439553 0.898217 1.095049
0.1379 0.3103 0.547742 0.836647 0.988601
0.1379 0.3448 0.667797 0.744343 0.900969
0.1379 0.3793 0.789704 0.613489 0.838076
0.1379 0.4138 0.896074 0.443905 0.805734
0.1379 0.4483 0.968475 0.249112 0.807625
0.1379 0.4828 0.998594 0.053003 0.843516
0.1379 0.5172 0.992418 -0.122908 0.909392
0.1379 0.5517 0.963299 -0.268429 0.999340
0.1379 0.5862 0.923540 -0.383502 1.107510
0.1379 0.6207 0.881129 -0.472876 1.229101
0.1379 0.6552 0.840240 -0.542214 1.360519
0.1379 0.6897 0.802657 -0.596441 1.499183
0.1379 0.7241 0.768897 -0.639373 1.643258
0.1379 0.7586 0.738882 -0.673835 1.791440
0.1379 0.7931 0.712290 -0.701885 1.942789
0.1379 0.8276 0.688726 -0.725022 2.096619
0.1379 0.8621 0.667797 -0.744343 2.252423
0.1379 0.8966 0.0000 0.0000 0.0000
0.1379 0.9310 0.0000 0.0000 0.0000
0.1379 0.9655 0.0000 0.0000 0.0000
0.1379 1.0000 0.0000 0.0000 0.0000

0.1724 0.0000 0.000000 1.000000 2.682521
0.1724 0.0345 0.030920 0.999522 2.488110
0.1724 0.0690 0.067000 0.997753 2.296480
0.1724 0.1034 0.109466 0.993991 2.108390
0.1724 0.1379 0.159869 0.987138 1.924876
0.1724 0.1724 0.220136 0.975469 1.747383
0.1724 0.2069 0.292529 0.956257 1.577942
0.1724 0.2414 0.379393 0.925236 1.419441
0.1724 0.2759 0.482348 0.875980 1.275962
0.1724 0.3103 0.600445 0.799666 1.153127
0.1724 0.3448 0.727044 0.686591 1.058150
0.1724 0.3793 0.847094 0.531443 0.999009
0.1724 0.4138 0.939921 0.341393 0.982196
0.1724 0.4483 0.990383 0.138355 1.009831
0.1724 0.4828 0.998657 -0.051818 1.078500
0.1724 0.5172 0.977067 -0.212931 1.181069
0.1724 0.5517 0.939921 -0.341393 1.309595
0.1724 0.5862 0.897490 -0.441034 1.457228
0.1724 0.6207 0.855464 -0.517862 1.618747
0.1724 0.6552 0.816417 -0.577463 1.790399
0.1724 0.6897 0.781222 -0.624253 1.969535
0.1724 0.7241 0.749934 -0.661512 2.154291
0.1724 0.7586 0.722265 -0.691617 2.343336
0.1724 0.7931 0.697809 -0.716284 2.535711
0.1724 0.8276 0.676150 -0.736764 2.730714
0.1724 0.8621 0.0000 0.0000 0.0000
0.1724 0.8966 0.0000 0.0000 0.0000
0.1724 0.9310 0.0000 0.0000 0.0000
0.1724 0.9655 0.0000 0.0000 0.0000
0.1724 1.0000 0.0000 0.0000 0.0000

0.2069 0.0000 0.000000 1.000000 3.084899
0.2069 0.0345 0.032857 0.999460 2.851718
0.2069 0.0690 0.071466 0.997443 2.622163
0.2069 0.1034 0.117256 0.993102 2.397274
0.2069 0.1379 0.172041 0.985090 2.178499
0.2069 0.1724 0.238069 0.971248 1.967876
0.2069 0.2069 0.317922 0.948117 1.768321
0.2069 0.2414 0.414063 0.910248 1.584024
0.2069 0.2759 0.527529 0.849537 1.420933
0.2069 0.3103 0.655163 0.755488 1.287134
0.2069 0.3448 0.785709 0.618596 1.192528
0.2069 0.3793 0.898699 0.438567 1.146856
0.2069 0.4138 0.972700 0.232066 1.155933
0.2069 0.4483 0.999621 0.027518 1.218535
0.2069 0.4828 0.988442 -0.151599 1.327110
0.2069 0.5172 0.955116 -0.296231 1.471517
0.2069 0.5517 0.912830 -0.408341 1.642330
0.2069 0.5862 0.869383 -0.494139 1.832179
0.2069 0.6207 0.828475 -0.560026 2.035746
0.2069 0.6552 0.791471 -0.611207 2.249308
0.2069 0.6897 0.758604 -0.651552 2.470274
0.2069 0.7241 0.729620 -0.683853 2.696826
0.2069 0.7586 0.704095 -0.710106 2.927667
0.2069 0.7931 0.681578 -0.731745 3.161858
0.2069 0.8276 0.0000 0.0000 0.0000
0.2069 0.8621 0.0000 0.0000 0.0000
0.2069 0.8966 0.0000 0.0000 0.0000
0.2069 0.9310 0.0000 0.0000 0.0000
0.2069 0.9655 0.0000 0.0000 0.0000
0.2069 1.0000 0.0000 0.0000 0.0000

0.2414 0.0000 0.000000 1.000000 3.442569
0.2414 0.0345 0.034839 0.999393 3.170653
0.2414 0.0690 0.076095 0.997101 2.903305
0.2414 0.1034 0.125436 0.992102 2.641913
0.2414 0.1379 0.184998 0.982739 2.388433
0.2414 0.1724 0.257411 0.966302 2.145670
0.2414 0.2069 0.345613 0.938377 1.917699
0.2414 0.2414 0.452073 0.891981 1.710445
0.2414 0.2759 0.576708 0.816951 1.532336
0.2414 0.3103 0.712881 0.701285 1.394586
0.2414 0.3448 0.843243 0.537533 1.309988
0.2414 0.3793 0.942634 0.333828 1.289049
0.2414 0.4138 0.993104 0.117234 1.334769
0.2414 0.4483 0.996677 -0.081454 1.440816
0.2414 0.4828 0.969463 -0.245236 1.595204
0.2414 0.5172 0.928040 -0.372481 1.785437
0.2414 0.5517 0.883128 -0.469132 2.001318
0.2414 0.5862 0.840055 -0.542501 2.235429
0.2414 0.6207 0.800907 -0.598789 2.482619
0.2414 0.6552 0.766172 -0.642636 2.739349
0.2414 0.6897 0.735647 -0.677365 3.003173
0.2414 0.7241 0.708885 -0.705324 3.272376
0.2414 0.7586 0.685388 -0.728178 3.545734
0.2414 0.7931 0.0000 0.0000 0.0000
0.2414 0.8276 0.0000 0.0000 0.0000
0.2414 0.8621 0.0000 0.0000 0.0000
0.2414 0.8966 0.0000 0.0000 0.0000
0.2414 0.9310 0.0000 0.0000 0.0000
0.2414 0.9655 0.0000 0.0000 0.0000
0.2414 1.0000 0.0000 0.0000 0.0000

0.2759 0.0000 0.000000 1.000000 3.755529
0.2759 0.0345 0.036933 0.999318 3.444919
0.2759 0.0690 0.081040 0.996711 3.139935
0.2759 0.1034 0.134284 0.990943 2.842391
0.2759 0.1379 0.199194 0.979960 2.554886
0.2759 0.1724 0.278863 0.960331 2.281219
0.2759 0.2069 0.376604 0.926375 2.027004
0.2759 0.2414 0.494645 0.869095 1.800497
0.2759 0.2759 0.630859 0.775898 1.613413
0.2759 0.3103 0.773291 0.634051 1.480768
0.2759 0.3448 0.897293 0.441435 1.417925
0.2759 0.3793 0.975897 0.218230 1.434090
0.2759 0.4138 1.000000 0.000000 1.526754
0.2759 0.4483 0.982565 -0.185917 1.683332
0.2759 0.4828 0.943445 -0.331528 1.887988
0.2759 0.5172 0.897293 -0.441435 2.126888
0.2759 0.5517 0.851822 -0.523831 2.389785
0.2759 0.5862 0.810197 -0.586157 2.669598
0.2759 0.6207 0.773291 -0.634051 2.961537
0.2759 0.6552 0.740988 -0.671518 3.262347
0.2759 0.6897 0.712813 -0.701354 3.569787
0.2759 0.7241 0.688208 -0.725513 3.882283
0.2759 0.7586 0.0000 0.0000 0.0000
0.2759 0.7931 0.0000 0.0000 0.0000
0.2759 0.8276 0.0000 0.0000 0.0000
0.2759 0.8621 0.0000 0.0000 0.0000
0.2759 0.8966 0.0000 0.0000 0.0000
0.2759 0.9310 0.0000 0.0000 0.0000
0.2759 0.9655 0.0000 0.0000 0.0000
0.2759 1.0000 0.0000 0.0000 0.0000

0.3103 0.0000 0.000000 1.000000 4.023781
0.3103 0.0345 0.039187 0.999232 3.674523
0.3103 0.0690 0.086429 0.996258 3.332088
0.3103 0.1034 0.144052 0.989570 2.998816
0.3103 0.1379 0.215068 0.976599 2.678129
0.3103 0.1724 0.303131 0.952949 2.375130
0.3103 0.2069 0.411906 0.911226 2.097498
0.3103 0.2414 0.542895 0.839800 1.856650
0.3103 0.2759 0.690381 0.723446 1.668589
0.3103 0.3103 0.834692 0.550717 1.552618
0.3103 0.3448 0.944065 0.329760 1.525269
0.3103 0.3793 0.995493 0.094834 1.591119
0.3103 0.4138 0.993290 -0.115651 1.739616
0.3103 0.4483 0.958990 -0.283439 1.951989
0.3103 0.4828 0.912229 -0.409680 2.209898
0.3103 0.5172 0.864219 -0.503117 2.499285
0.3103 0.5517 0.819772 -0.572690 2.810444
0.3103 0.5862 0.780362 -0.625328 3.136903
0.3103 0.6207 0.746014 -0.665930 3.474350
0.3103 0.6552 0.716230 -0.697864 3.819876
0.3103 0.6897 0.690381 -0.723446 4.171473
0.3103 0.7241 0.0000 0.0000 0.0000
0.3103 0.7586 0.0000 0.0000 0.0000
0.3103 0.7931 0.0000 0.0000 0.0000
0.3103 0.8276 0.0000 0.0000 0.0000
0.3103 0.8621 0.0000 0.0000 0.0000
0.3103 0.8966 0.0000 0.0000 0.0000
0.3103 0.9310 0.0000 0.0000 0.0000
0.3103 0.9655 0.0000 0.0000 0.0000
0.3103 1.0000 0.0000 0.0000 0.0000

0.3448 0.0000 0.000000 1.000000 4.247325
0.3448 0.0345 0.041654 0.999132 3.859473
0.3448 0.0690 0.092396 0.995722 3.479808
0.3448 0.1034 0.155009 0.987913 3.111328
0.3448 0.1379 0.233112 0.972450 2.758518
0.3448 0.1724 0.331027 0.943621 2.428219
0.3448 0.2069 0.452651 0.891688 2.130925
0.3448 0.2414 0.597835 0.801619 1.882338
0.3448 0.2759 0.754786 0.655971 1.703911
0.3448 0.3103 0.893662 0.448741 1.619011
0.3448 0.3448 0.978932 0.204186 1.642208
0.3448 0.3793 0.999501 -0.031587 1.769254
0.3448 0.4138 0.974180 -0.225772 1.980262
0.3448 0.4483 0.928119 -0.372283 2.251750
0.3448 0.4828 0.877591 -0.479411 2.564583
0.3448 0.5172 0.829967 -0.557813 2.905436
0.3448 0.5517 0.787671 -0.616096 3.265547
0.3448 0.5862 0.750971 -0.660335 3.639202
0.3448 0.6207 0.719355 -0.694643 4.022631
0.3448 0.6552 0.692105 -0.721796 4.413286
0.3448 0.6897 0.0000 0.0000 0.0000
0.3448 0.7241 0.0000 0.0000 0.0000
0.3448 0.7586 0.0000 0.0000 0.0000
0.3448 0.7931 0.0000 0.0000 0.0000
0.3448 0.8276 0.0000 0.0000 0.0000
0.3448 0.8621 0.0000 0.0000 0.0000
0.3448 0.8966 0.0000 0.0000 0.0000
0.3448 0.9310 0.0000 0.0000 0.0000
0.3448 0.9655 0.0000 0.0000 0.0000
0.3448 1.0000 0.0000 0.0000 0.0000

0.3793 0.0000 0.000000 1.000000 4.426160
0.3793 0.0345 0.044384 0.999015 3.999780
0.3793 0.0690 0.099090 0.995079 3.583152
0.3793 0.1034 0.167472 0.985877 3.180110
0.3793 0.1379 0.253924 0.967224 2.796534
0.3793 0.1724 0.363544 0.931577 2.441616
0.3793 0.2069 0.500138 0.865946 2.129733
0.3793 0.2414 0.660162 0.751123 1.882397
0.3793 0.2759 0.822093 0.569353 1.727559
0.3793 0.3103 0.944948 0.327219 1.690823
0.3793 0.3448 0.997610 0.069091 1.779520
0.3793 0.3793 0.987838 -0.155487 1.976837
0.3793 0.4138 0.944948 -0.327219 2.254431
0.3793 0.4483 0.892238 -0.451566 2.586585
0.3793 0.4828 0.841087 -0.540900 2.954956
0.3793 0.5172 0.795464 -0.606001 3.347610
0.3793 0.5517 0.756048 -0.654516 3.756941
0.3793 0.5862 0.722336 -0.691542 4.178050
0.3793 0.6207 0.693508 -0.720449 4.607709
0.3793 0.6552 0.0000 0.0000 0.0000
0.3793 0.6897 0.0000 0.0000 0.0000
0.3793 0.7241 0.0000 0.0000 0.0000
0.3793 0.7586 0.0000 0.0000 0.0000
0.3793 0.7931 0.0000 0.0000 0.0000
0.3793 0.8276 0.0000 0.0000 0.0000
0.3793 0.8621 0.0000 0.0000 0.0000
0.3793 0.8966 0.0000 0.0000 0.0000
0.3793 0.9310 0.0000 0.0000 0.0000
0.3793 0.9655 0.0000 0.0000 0.0000
0.3793 1.0000 0.0000 0.0000 0.0000

0.4138 0.0000 0.000000 1.000000 4.560286
0.4138 0.0345 0.047441 0.998874 4.095456
0.4138 0.0690 0.106690 0.994292 3.642192
0.4138 0.1034 0.181842 0.983328 3.205403
0.4138 0.1379 0.278273 0.960502 2.792832
0.4138 0.1724 0.401944 0.915664 2.416912
0.4138 0.2069 0.555799 0.831317 2.097441
0.4138 0.2414 0.729764 0.683699 1.863681
0.4138 0.2759 0.888034 0.459778 1.750316
0.4138 0.3103 0.982106 0.188327 1.780492
0.4138 0.3448 0.997626 -0.068869 1.947549
0.4138 0.3793 0.962360 -0.271778 2.220809
0.4138 0.4138 0.908414 -0.418071 2.566571
0.4138 0.4483 0.853447 -0.521180 2.959532
0.4138 0.4828 0.803980 -0.594656 3.383286
0.4138 0.5172 0.761410 -0.648270 3.827619
0.4138 0.5517 0.725288 -0.688446 4.286135
0.4138 0.5862 0.694670 -0.719328 4.754734
0.4138 0.6207 0.0000 0.0000 0.0000
0.4138 0.6552 0.0000 0.0000 0.0000
0.4138 0.6897 0.0000 0.0000 0.0000
0.4138 0.7241 0.0000 0.0000 0.0000
0.4138 0.7586 0.0000 0.0000 0.0000
0.4138 0.7931 0.0000 0.0000 0.0000
0.4138 0.8276 0.0000 0.0000 0.0000
0.4138 0.8621 0.0000 0.0000 0.0000
0.4138 0.8966 0.0000 0.0000 0.0000
0.4138 0.9310 0.0000 0.0000 0.0000
0.4138 0.9655 0.0000 0.0000 0.0000
0.4138 1.0000 0.0000 0.0000 0.0000

0.4483 0.0000 0.000000 1.000000 4.649703
0.4483 0.0345 0.050900 0.998704 4.146517
0.4483 0.0690 0.115426 0.993316 3.657024
0.4483 0.1034 0.198641 0.980072 3.187539
0.4483 0.1379 0.307180 0.951652 2.748336
0.4483 0.1724 0.447839 0.894114 2.356407
0.4483 0.2069 0.621005 0.783807 2.039195
0.4483 0.2414 0.804755 0.593608 1.835849
0.4483 0.2759 0.945548 0.325482 1.785701
0.4483 0.3103 0.999269 0.038219 1.900913
0.4483 0.3448 0.979331 -0.202266 2.155128
0.4483 0.3793 0.926285 -0.376824 2.506400
0.4483 0.4138 0.867390 -0.497629 2.919909
0.4483 0.4483 0.813486 -0.581585 3.372841
0.4483 0.4828 0.767223 -0.641380 3.851312
0.4483 0.5172 0.728307 -0.685251 4.346896
0.4483 0.5517 0.695650 -0.718381 4.854356
0.4483 0.5862 0.0000 0.0000 0.0000
0.4483 0.6207 0.0000 0.0000 0.0000
0.4483 0.6552 0.0000 0.0000 0.0000
0.4483 0.6897 0.0000 0.0000 0.0000
0.4483 0.7241 0.0000 0.0000 0.0000
0.4483 0.7586 0.0000 0.0000 0.0000
0.4483 0.7931 0.0000 0.0000 0.0000
0.4483 0.8276 0.0000 0.0000 0.0000
0.4483 0.8621 0.0000 0.0000 0.0000
0.4483 0.8966 0.0000 0.0000 0.0000
0.4483 0.9310 0.0000 0.0000 0.0000
0.4483 0.9655 0.0000 0.0000 0.0000
0.4483 1.0000 0.0000 0.0000 0.0000

0.4828 0.0000 0.000000 1.000000 4.694412
0.4828 0.0345 0.054858 0.998494 4.152984
0.4828 0.0690 0.125600 0.992081 3.627777
0.4828 0.1034 0.218573 0.975821 3.126976
0.4828 0.1379 0.342030 0.939689 2.664377
0.4828 0.1724 0.503250 0.864141 2.263526
0.4828 0.2069 0.696486 0.717570 1.962629
0.4828 0.2414 0.880028 0.474921 1.812178
0.4828 0.2759 0.985576 0.169235 1.849267
0.4828 0.3103 0.993511 -0.113732 2.063807
0.4828 0.3448 0.945781 -0.324804 2.408844
0.4828 0.3793 0.883300 -0.468808 2.837161
0.4828 0.4138 0.824293 -0.566164 3.316647
0.4828 0.4483 0.773672 -0.633586 3.828123
0.4828 0.4828 0.731487 -0.681856 4.360347
0.4828 0.5172 0.0000 0.0000 0.0000
0.4828 0.5517 0.0000 0.0000 0.0000
0.4828 0.5862 0.0000 0.0000 0.0000
0.4828 0.6207 0.0000 0.0000 0.0000
0.4828 0.6552 0.0000 0.0000 0.0000
0.4828 0.6897 0.0000 0.0000 0.0000
0.4828 0.7241 0.0000 0.0000 0.0000
0.4828 0.7586 0.0000 0.0000 0.0000
0.4828 0.7931 0.0000 0.0000 0.0000
0.4828 0.8276 0.0000 0.0000 0.0000
0.4828 0.8621 0.0000 0.0000 0.0000
0.4828 0.8966 0.0000 0.0000 0.0000
0.4828 0.9310 0.0000 0.0000 0.0000
0.4828 0.9655 0.0000 0.0000 0.0000
0.4828 1.0000 0.0000 0.0000 0.0000

0.5172 0.0000 0.000000 1.000000 4.694412
0.5172 0.0345 0.059440 0.998232 4.114886
0.5172 0.0690 0.137618 0.990485 3.554629
0.5172 0.1034 0.242619 0.970122 3.024370
0.5172 0.1379 0.384735 0.923027 2.542944
0.5172 0.1724 0.570536 0.821272 2.143508
0.5172 0.2069 0.780980 0.624556 1.879099
0.5172 0.2414 0.945982 0.324219 1.809895
0.5172 0.2759 1.000000 0.000000 1.956718
0.5172 0.3103 0.966258 -0.257575 2.278178
0.5172 0.3448 0.901585 -0.432603 2.712888
0.5172 0.3793 0.836793 -0.547519 3.215237
0.5172 0.4138 0.780980 -0.624556 3.758198
0.5172 0.4483 0.734927 -0.678147 4.326509
0.5172 0.4828 0.0000 0.0000 0.0000
0.5172 0.5172 0.0000 0.0000 0.0000
0.5172 0.5517 0.0000 0.0000 0.0000
0.5172 0.5862 0.0000 0.0000 0.0000
0.5172 0.6207 0.0000 0.0000 0.0000
0.5172 0.6552 0.0000 0.0000 0.0000
0.5172 0.6897 0.0000 0.0000 0.0000
0.5172 0.7241 0.0000 0.0000 0.0000
0.5172 0.7586 0.0000 0.0000 0.0000
0.5172 0.7931 0.0000 0.0000 0.0000
0.5172 0.8276 0.0000 0.0000 0.0000
0.5172 0.8621 0.0000 0.0000 0.0000
0.5172 0.8966 0.0000 0.0000 0.0000
0.5172 0.9310 0.0000 0.0000 0.0000
0.5172 0.9655 0.0000 0.0000 0.0000
0.5172 1.0000 0.0000 0.0000 0.0000

0.5517 0.0000 0.000000 1.000000 4.649703
0.5517 0.0345 0.064816 0.997897 4.032260
0.5517 0.0690 0.152047 0.988373 3.437830
0.5517 0.1034 0.272180 0.962246 2.880695
0.5517 0.1379 0.437945 0.899002 2.387110
0.5517 0.1724 0.651895 0.758310 2.004584
0.5517 0.2069 0.868697 0.495344 1.805156
0.5517 0.2414 0.989421 0.145076 1.849051
0.5517 0.2759 0.985682 -0.168615 2.121216
0.5517 0.3103 0.922588 -0.385787 2.549568
0.5517 0.3448 0.851488 -0.524374 3.069398
0.5517 0.3793 0.789433 -0.613837 3.641741
0.5517 0.4138 0.738743 -0.673988 4.245412
0.5517 0.4483 0.697840 -0.716254 4.868772
0.5517 0.4828 0.0000 0.0000 0.0000
0.5517 0.5172 0.0000 0.0000 0.0000
0.5517 0.5517 0.0000 0.0000 0.0000
0.5517 0.5862 0.0000 0.0000 0.0000
0.5517 0.6207 0.0000 0.0000 0.0000
0.5517 0.6552 0.0000 0.0000 0.0000
0.5517 0.6897 0.0000 0.0000 0.0000
0.5517 0.7241 0.0000 0.0000 0.0000
0.5517 0.7586 0.0000 0.0000 0.0000
0.5517 0.7931 0.0000 0.0000 0.0000
0.5517 0.8276 0.0000 0.0000 0.0000
0.5517 0.8621 0.0000 0.0000 0.0000
0.5517 0.8966 0.0000 0.0000 0.0000
0.5517 0.9310 0.0000 0.0000 0.0000
0.5517 0.9655 0.0000 0.0000 0.0000
0.5517 1.0000 0.0000 0.0000 0.0000

0.5862 0.0000 0.000000 1.000000 4.560286
0.5862 0.0345 0.071219 0.997461 3.905160
0.5862 0.0690 0.169703 0.985495 3.277745
0.5862 0.1034 0.309316 0.950959 2.697445
0.5862 0.1379 0.505254 0.862971 2.201835
0.5862 0.1724 0.747681 0.664058 1.859893
0.5862 0.2069 0.946311 0.323259 1.763404
0.5862 0.2414 0.998811 -0.048742 1.949166
0.5862 0.2759 0.946311 -0.323259 2.351205
0.5862 0.3103 0.869027 -0.494765 2.880338
0.5862 0.3448 0.799417 -0.600776 3.479051
0.5862 0.3793 0.743080 -0.669202 4.117099
0.5862 0.4138 0.698395 -0.715713 4.778752
0.5862 0.4483 0.0000 0.0000 0.0000
0.5862 0.4828 0.0000 0.0000 0.0000
0.5862 0.5172 0.0000 0.0000 0.0000
0.5862 0.5517 0.0000 0.0000 0.0000
0.5862 0.5862 0.0000 0.0000 0.0000
0.5862 0.6207 0.0000 0.0000 0.0000
0.5862 0.6552 0.0000 0.0000 0.0000
0.5862 0.6897 0.0000 0.0000 0.0000
0.5862 0.7241 0.0000 0.0000 0.0000
0.5862 0.7586 0.0000 0.0000 0.0000
0.5862 0.7931 0.0000 0.0000 0.0000
0.5862 0.8276 0.0000 0.0000 0.0000
0.5862 0.8621 0.0000 0.0000 0.0000
0.5862 0.8966 0.0000 0.0000 0.0000
0.5862 0.9310 0.0000 0.0000 0.0000
0.5862 0.9655 0.0000 0.0000 0.0000
0.5862 1.0000 0.0000 0.0000 0.0000

0.6207 0.0000 0.000000 1.000000 4.426160
0.6207 0.0345 0.078981 0.996876 3.733661
0.6207 0.0690 0.191801 0.981434 3.074926
0.6207 0.1034 0.357145 0.934049 2.477037
0.6207 0.1379 0.591116 0.806587 1.995461
0.6207 0.1724 0.852172 0.523261 1.730208
0.6207 0.2069 0.993597 0.112982 1.780724
0.6207 0.2414 0.971574 -0.236737 2.124604
0.6207 0.2759 0.890224 -0.455522 2.650002
0.6207 0.3103 0.811472 -0.584391 3.270578
0.6207 0.3448 0.748135 -0.663547 3.941631
0.6207 0.3793 0.698887 -0.715232 4.641319
0.6207 0.4138 0.0000 0.0000 0.0000
0.6207 0.4483 0.0000 0.0000 0.0000
0.6207 0.4828 0.0000 0.0000 0.0000
0.6207 0.5172 0.0000 0.0000 0.0000
0.6207 0.5517 0.0000 0.0000 0.0000
0.6207 0.5862 0.0000 0.0000 0.0000
0.6207 0.6207 0.0000 0.0000 0.0000
0.6207 0.6552 0.0000 0.0000 0.0000
0.6207 0.6897 0.0000 0.0000 0.0000
0.6207 0.7241 0.0000 0.0000 0.0000
0.6207 0.7586 0.0000 0.0000 0.0000
0.6207 0.7931 0.0000 0.0000 0.0000
0.6207 0.8276 0.0000 0.0000 0.0000
0.6207 0.8621 0.0000 0.0000 0.0000
0.6207 0.8966 0.0000 0.0000 0.0000
0.6207 0.9310 0.0000 0.0000 0.0000
0.6207 0.9655 0.0000 0.0000 0.0000
0.6207 1.0000 0.0000 0.0000 0.0000

0.6552 0.0000 0.000000 1.000000 4.247325
0.6552 0.0345 0.088591 0.996068 3.517875
0.6552 0.0690 0.220230 0.975448 2.830249
0.6552 0.1034 0.420472 0.907306 2.223594
0.6552 0.1379 0.699327 0.714802 1.782588
0.6552 0.1724 0.946568 0.322505 1.646225
0.6552 0.2069 0.993613 -0.112844 1.881937
0.6552 0.2414 0.915970 -0.401246 2.381703
0.6552 0.2759 0.826381 -0.563112 3.017038
0.6552 0.3103 0.754181 -0.656667 3.719103
0.6552 0.3448 0.699327 -0.714802 4.456469
0.6552 0.3793 0.0000 0.0000 0.0000
0.6552 0.4138 0.0000 0.0000 0.0000
0.6552 0.4483 0.0000 0.0000 0.0000
0.6552 0.4828 0.0000 0.0000 0.0000
0.6552 0.5172 0.0000 0.0000 0.0000
0.6552 0.5517 0.0000 0.0000 0.0000
0.6552 0.5862 0.0000 0.0000 0.0000
0.6552 0.6207 0.0000 0.0000 0.0000
0.6552 0.6552 0.0000 0.0000 0.0000
0.6552 0.6897 0.0000 0.0000 0.0000
0.6552 0.7241 0.0000 0.0000 0.0000
0.6552 0.7586 0.0000 0.0000 0.0000
0.6552 0.7931 0.0000 0.0000 0.0000
0.6552 0.8276 0.0000 0.0000 0.0000
0.6552 0.8621 0.0000 0.0000 0.0000
0.6552 0.8966 0.0000 0.0000 0.0000
0.6552 0.9310 0.0000 0.0000 0.0000
0.6552 0.9655 0.0000 0.0000 0.0000
0.6552 1.0000 0.0000 0.0000 0.0000

0.6897 0.0000 0.000000 1.000000 4.023781
0.6897 0.0345 0.100805 0.994906 3.257975
0.6897 0.0690 0.258070 0.966126 2.545193
0.6897 0.1034 0.506651 0.862151 1.944642
0.6897 0.1379 0.826670 0.562687 1.589115
0.6897 0.1724 0.997691 0.067909 1.645892
0.6897 0.2069 0.946677 -0.322185 2.081504
0.6897 0.2414 0.845310 -0.534276 2.719629
0.6897 0.2759 0.761626 -0.648017 3.449656
0.6897 0.3103 0.0000 0.0000 0.0000
0.6897 0.3448 0.0000 0.0000 0.0000
0.6897 0.3793 0.0000 0.0000 0.0000
0.6897 0.4138 0.0000 0.0000 0.0000
0.6897 0.4483 0.0000 0.0000 0.0000
0.6897 0.4828 0.0000 0.0000 0.0000
0.6897 0.5172 0.0000 0.0000 0.0000
0.6897 0.5517 0.0000 0.0000 0.0000
0.6897 0.5862 0.0000 0.0000 0.0000
0.6897 0.6207 0.0000 0.0000 0.0000
0.6897 0.6552 0.0000 0.0000 0.0000
0.6897 0.6897 0.0000 0.0000 0.0000
0.6897 0.7241 0.0000 0.0000 0.0000
0.6897 0.7586 0.0000 0.0000 0.0000
0.6897 0.7931 0.0000 0.0000 0.0000
0.6897 0.8276 0.0000 0.0000 0.0000
0.6897 0.8621 0.0000 0.0000 0.0000
0.6897 0.8966 0.0000 0.0000 0.0000
0.6897 0.9310 0.0000 0.0000 0.0000
0.6897 0.9655 0.0000 0.0000 0.0000
0.6897 1.0000 0.0000 0.0000 0.0000

0.7241 0.0000 0.000000 1.000000 3.755529
0.7241 0.0345 0.116844 0.993150 2.954243
0.7241 0.0690 0.310637 0.950529 2.222432
0.7241 0.1034 0.625720 0.780048 1.654979
0.7241 0.1379 0.946775 0.321897 1.458359
0.7241 0.1724 0.979821 -0.199879 1.761467
0.7241 0.2069 0.870026 -0.493005 2.380509
0.7241 0.2414 0.771109 -0.636703 3.133525
0.7241 0.2759 0.700079 -0.714066 3.944520
0.7241 0.3103 0.0000 0.0000 0.0000
0.7241 0.3448 0.0000 0.0000 0.0000
0.7241 0.3793 0.0000 0.0000 0.0000
0.7241 0.4138 0.0000 0.0000 0.0000
0.7241 0.4483 0.0000 0.0000 0.0000
0.7241 0.4828 0.0000 0.0000 0.0000
0.7241 0.5172 0.0000 0.0000 0.0000
0.7241 0.5517 0.0000 0.0000 0.0000
0.7241 0.5862 0.0000 0.0000 0.0000
0.7241 0.6207 0.0000 0.0000 0.0000
0.7241 0.6552 0.0000 0.0000 0.0000
0.7241 0.6897 0.0000 0.0000 0.0000
0.7241 0.7241 0.0000 0.0000 0.0000
0.7241 0.7586 0.0000 0.0000 0.0000
0.7241 0.7931 0.0000 0.0000 0.0000
0.7241 0.8276 0.0000 0.0000 0.0000
0.7241 0.8621 0.0000 0.0000 0.0000
0.7241 0.8966 0.0000 0.0000 0.0000
0.7241 0.9310 0.0000 0.0000 0.0000
0.7241 0.9655 0.0000 0.0000 0.0000
0.7241 1.0000 0.0000 0.0000 0.0000

0.7586 0.0000 0.000000 1.000000 3.442569
0.7586 0.0345 0.138829 0.990316 2.607173
0.7586 0.0690 0.387670 0.921798 1.867311
0.7586 0.1034 0.783691 0.621151 1.385560
0.7586 0.1379 1.000000 0.000000 1.447800
0.7586 0.1724 0.903082 -0.429468 2.003971
0.7586 0.2069 0.783691 -0.621151 2.771119
0.7586 0.2414 0.700403 -0.713748 3.617420
0.7586 0.2759 0.0000 0.0000 0.0000
0.7586 0.3103 0.0000 0.0000 0.0000
0.7586 0.3448 0.0000 0.0000 0.0000
0.7586 0.3793 0.0000 0.0000 0.0000
0.7586 0.4138 0.0000 0.0000 0.0000
0.7586 0.4483 0.0000 0.0000 0.0000
0.7586 0.4828 0.0000 0.0000 0.0000
0.7586 0.5172 0.0000 0.0000 0.0000
0.7586 0.5517 0.0000 0.0000 0.0000
0.7586 0.5862 0.0000 0.0000 0.0000
0.7586 0.6207 0.0000 0.0000 0.0000
0.7586 0.6552 0.0000 0.0000 0.0000
0.7586 0.6897 0.0000 0.0000 0.0000
0.7586 0.7241 0.0000 0.0000 0.0000
0.7586 0.7586 0.0000 0.0000 0.0000
0.7586 0.7931 0.0000 0.0000 0.0000
0.7586 0.8276 0.0000 0.0000 0.0000
0.7586 0.8621 0.0000 0.0000 0.0000
0.7586 0.8966 0.0000 0.0000 0.0000
0.7586 0.9310 0.0000 0.0000 0.0000
0.7586 0.9655 0.0000 0.0000 0.0000
0.7586 1.0000 0.0000 0.0000 0.0000

0.7931 0.0000 0.000000 1.000000 3.084899
0.7931 0.0345 0.170769 0.985311 2.217712
0.7931 0.0690 0.507682 0.861545 1.491942
0.7931 0.1034 0.946945 0.321396 1.199803
0.7931 0.1379 0.946945 -0.321396 1.599738
0.7931 0.1724 0.801272 -0.598300 2.363216
0.7931 0.2069 0.0000 0.0000 0.0000
0.7931 0.2414 0.0000 0.0000 0.0000
0.7931 0.2759 0.0000 0.0000 0.0000
0.7931 0.3103 0.0000 0.0000 0.0000
0.7931 0.3448 0.0000 0.0000 0.0000
0.7931 0.3793 0.0000 0.0000 0.0000
0.7931 0.4138 0.0000 0.0000 0.0000
0.7931 0.4483 0.0000 0.0000 0.0000
0.7931 0.4828 0.0000 0.0000 0.0000
0.7931 0.5172 0.0000 0.0000 0.0000
0.7931 0.5517 0.0000 0.0000 0.0000
0.7931 0.5862 0.0000 0.0000 0.0000
0.7931 0.6207 0.0000 0.0000 0.0000
0.7931 0.6552 0.0000 0.0000 0.0000
0.7931 0.6897 0.0000 0.0000 0.0000
0.7931 0.7241 0.0000 0.0000 0.0000
0.7931 0.7586 0.0000 0.0000 0.0000
0.7931 0.7931 0.0000 0.0000 0.0000
0.7931 0.8276 0.0000 0.0000 0.0000
0.7931 0.8621 0.0000 0.0000 0.0000
0.7931 0.8966 0.0000 0.0000 0.0000
0.7931 0.9310 0.0000 0.0000 0.0000
0.7931 0.9655 0.0000 0.0000 0.0000
0.7931 1.0000 0.0000 0.0000 0.0000

0.8276 0.0000 0.000000 1.000000 2.682521
0.8276 0.0345 0.221196 0.975229 1.787927
0.8276 0.0690 0.700968 0.713192 1.128386
0.8276 0.1034 0.993671 -0.112333 1.194002
0.8276 0.1379 0.827583 -0.561343 1.911501
0.8276 0.1724 0.700968 -0.713192 2.820965
0.8276 0.2069 0.0000 0.0000 0.0000
0.8276 0.2414 0.0000 0.0000 0.0000
0.8276 0.2759 0.0000 0.0000 0.0000
0.8276 0.3103 0.0000 0.0000 0.0000
0.8276 0.3448 0.0000 0.0000 0.0000
0.8276 0.3793 0.0000 0.0000 0.0000
0.8276 0.4138 0.0000 0.0000 0.0000
0.8276 0.4483 0.0000 0.0000 0.0000
0.8276 0.4828 0.0000 0.0000 0.0000
0.8276 0.5172 0.0000 0.0000 0.0000
0.8276 0.5517 0.0000 0.0000 0.0000
0.8276 0.5862 0.0000 0.0000 0.0000
0.8276 0.6207 0.0000 0.0000 0.0000
0.8276 0.6552 0.0000 0.0000 0.0000
0.8276 0.6897 0.0000 0.0000 0.0000
0.8276 0.7241 0.0000 0.0000 0.0000
0.8276 0.7586 0.0000 0.0000 0.0000
0.8276 0.7931 0.0000 0.0000 0.0000
0.8276 0.8276 0.0000 0.0000 0.0000
0.8276 0.8621 0.0000 0.0000 0.0000
0.8276 0.8966 0.0000 0.0000 0.0000
0.8276 0.9310 0.0000 0.0000 0.0000
0.8276 0.9655 0.0000 0.0000 0.0000
0.8276 1.0000 0.0000 0.0000 0.0000

0.8621 0.0000 0.000000 1.000000 2.235434
0.8621 0.0345 0.311533 0.950235 1.323285
0.8621 0.0690 0.947087 0.320977 0.870559
0.8621 0.1034 0.870700 -0.491814 1.420400
0.8621 0.1379 0.701217 -0.712948 2.351610
0.8621 0.1724 0.0000 0.0000 0.0000
0.8621 0.2069 0.0000 0.0000 0.0000
0.8621 0.2414 0.0000 0.0000 0.0000
0.8621 0.2759 0.0000 0.0000 0.0000
0.8621 0.3103 0.0000 0.0000 0.0000
0.8621 0.3448 0.0000 0.0000 0.0000
0.8621 0.3793 0.0000 0.0000 0.0000
0.8621 0.4138 0.0000 0.0000 0.0000
0.8621 0.4483 0.0000 0.0000 0.0000
0.8621 0.4828 0.0000 0.0000 0.0000
0.8621 0.5172 0.0000 0.0000 0.0000
0.8621 0.5517 0.0000 0.0000 0.0000
0.8621 0.5862 0.0000 0.0000 0.0000
0.8621 0.6207 0.0000 0.0000 0.0000
0.8621 0.6552 0.0000 0.0000 0.0000
0.8621 0.6897 0.0000 0.0000 0.0000
0.8621 0.7241 0.0000 0.0000 0.0000
0.8621 0.7586 0.0000 0.0000 0.0000
0.8621 0.7931 0.0000 0.0000 0.0000
0.8621 0.8276 0.0000 0.0000 0.0000
0.8621 0.8621 0.0000 0.0000 0.0000
0.8621 0.8966 0.0000 0.0000 0.0000
0.8621 0.9310 0.0000 0.0000 0.0000
0.8621 0.9655 0.0000 0.0000 0.0000
0.8621 1.0000 0.0000 0.0000 0.0000

0.8966 0.0000 0.000000 1.000000 1.743639
0.8966 0.0345 0.508473 0.861078 0.843729
0.8966 0.0690 0.947150 -0.320792 0.905903
0.8966 0.1034 0.0000 0.0000 0.0000
0.8966 0.1379 0.0000 0.0000 0.0000
0.8966 0.1724 0.0000 0.0000 0.0000
0.8966 0.2069 0.0000 0.0000 0.0000
0.8966 0.2414 0.0000 0.0000 0.0000
0.8966 0.2759 0.0000 0.0000 0.0000
0.8966 0.3103 0.0000 0.0000 0.0000
0.8966 0.3448 0.0000 0.0000 0.0000
0.8966 0.3793 0.0000 0.0000 0.0000
0.8966 0.4138 0.0000 0.0000 0.0000
0.8966 0.4483 0.0000 0.0000 0.0000
0.8966 0.4828 0.0000 0.0000 0.0000
0.8966 0.5172 0.0000 0.0000 0.0000
0.8966 0.5517 0.0000 0.0000 0.0000
0.8966 0.5862 0.0000 0.0000 0.0000
0.8966 0.6207 0.0000 0.0000 0.0000
0.8966 0.6552 0.0000 0.0000 0.0000
0.8966 0.6897 0.0000 0.0000 0.0000
0.8966 0.7241 0.0000 0.0000 0.0000
0.8966 0.7586 0.0000 0.0000 0.0000
0.8966 0.7931 0.0000 0.0000 0.0000
0.8966 0.8276 0.0000 0.0000 0.0000
0.8966 0.8621 0.0000 0.0000 0.0000
0.8966 0.8966 0.0000 0.0000 0.0000
0.8966 0.9310 0.0000 0.0000 0.0000
0.8966 0.9655 0.0000 0.0000 0.0000
0.8966 1.0000 0.0000 0.0000 0.0000

0.9310 0.0000 0.000000 1.000000 1.207134
0.9310 0.0345 0.947208 0.320621 0.470624
0.9310 0.0690 0.701658 -0.712514 1.270644
0.9310 0.1034 0.0000 0.0000 0.0000
0.9310 0.1379 0.0000 0.0000 0.0000
0.9310 0.1724 0.0000 0.0000 0.0000
0.9310 0.2069 0.0000 0.0000 0.0000
0.9310 0.2414 0.0000 0.0000 0.0000
0.9310 0.2759 0.0000 0.0000 0.0000
0.9310 0.3103 0.0000 0.0000 0.0000
0.9310 0.3448 0.0000 0.0000 0.0000
0.9310 0.3793 0.0000 0.0000 0.0000
0.9310 0.4138 0.0000 0.0000 0.0000
0.9310 0.4483 0.0000 0.0000 0.0000
0.9310 0.4828 0.0000 0.0000 0.0000
0.9310 0.5172 0.0000 0.0000 0.0000
0.9310 0.5517 0.0000 0.0000 0.0000
0.9310 0.5862 0.0000 0.0000 0.0000
0.9310 0.6207 0.0000 0.0000 0.0000
0.9310 0.6552 0.0000 0.0000 0.0000
0.9310 0.6897 0.0000 0.0000 0.0000
0.9310 0.7241 0.0000 0.0000 0.0000
0.9310 0.7586 0.0000 0.0000 0.0000
0.9310 0.7931 0.0000 0.0000 0.0000
0.9310 0.8276 0.0000 0.0000 0.0000
0.9310 0.8621 0.0000 0.0000 0.0000
0.9310 0.8966 0.0000 0.0000 0.0000
0.9310 0.9310 0.0000 0.0000 0.0000
0.9310 0.9655 0.0000 0.0000 0.0000
0.9310 1.0000 0.0000 0.0000 0.0000

0.9655 0.0000 0.000000 1.000000 0.625922
0.9655 0.0345 0.0000 0.0000 0.0000
0.9655 0.0690 0.0000 0.0000 0.0000
0.9655 0.1034 0.0000 0.0000 0.0000
0.9655 0.1379 0.0000 0.0000 0.0000
0.9655 0.1724 0.0000 0.0000 0.0000
0.9655 0.2069 0.0000 0.0000 0.0000
0.9655 0.2414 0.0000 0.0000 0.0000
0.9655 0.2759 0.0000 0.0000 0.0000
0.9655 0.3103 0.0000 0.0000 0.0000
0.9655 0.3448 0.0000 0.0000 0.0000
0.9655 0.3793 0.0000 0.0000 0.0000
0.9655 0.4138 0.0000 0.0000 0.0000
0.9655 0.4483 0.0000 0.0000 0.0000
0.9655 0.4828 0.0000 0.0000 0.0000
0.9655 0.5172 0.0000 0.0000 0.0000
0.9655 0.5517 0.0000 0.0000 0.0000
0.9655 0.5862 0.0000 0.0000 0.0000
0.9655 0.6207 0.0000 0.0000 0.0000
0.9655 0.6552 0.0000 0.0000 0.0000
0.9655 0.6897 0.0000 0.0000 0.0000
0.9655 0.7241 0.0000 0.0000 0.0000
0.9655 0.7586 0.0000 0.0000 0.0000
0.9655 0.7931 0.0000 0.0000 0.0000
0.9655 0.8276 0.0000 0.0000 0.0000
0.9655 0.8621 0.0000 0.0000 0.0000
0.9655 0.8966 0.0000 0.0000 0.0000
0.9655 0.9310 0.0000 0.0000 0.0000
0.9655 0.9655 0.0000 0.0000 0.0000
0.9655 1.0000 0.0000 0.0000 0.0000

1.0000 0.0000 0.000000 0.000000 0.000000
1.0000 0.0345 0.0000 0.0000 0.0000
1.0000 0.0690 0.0000 0.0000 0.0000
1.0000 0.1034 0.0000 0.0000 0.0000
1.0000 0.1379 0.0000 0.0000 0.0000
1.0000 0.1724 0.0000 0.0000 0.0000
1.0000 0.2069 0.0000 0.0000 0.0000
1.0000 0.2414 0.0000 0.0000 0.0000
1.0000 0.2759 0.0000 0.0000 0.0000
1.0000 0.3103 0.0000 0.0000 0.0000
1.0000 0.3448 0.0000 0.0000 0.0000
1.0000 0.3793 0.0000 0.0000 0.0000
1.0000 0.4138 0.0000 0.0000 0.0000
1.0000 0.4483 0.0000 0.0000 0.0000
1.0000 0.4828 0.0000 0.0000 0.0000
1.0000 0.5172 0.0000 0.0000 0.0000
1.0000 0.5517 0.0000 0.0000 0.0000
1.0000 0.5862 0.0000 0.0000 0.0000
1.0000 0.6207 0.0000 0.0000 0.0000
1.0000 0.6552 0.0000 0.0000 0.0000
1.0000 0.6897 0.0000 0.0000 0.0000
1.0000 0.7241 0.0000 0.0000 0.0000
1.0000 0.7586 0.0000 0.0000 0.0000
1.0000 0.7931 0.0000 0.0000 0.0000
1.0000 0.8276 0.0000 0.0000 0.0000
1.0000 0.8621 0.0000 0.0000 0.0000
1.0000 0.8966 0.0000 0.0000 0.0000
1.0000 0.9310 0.0000 0.0000 0.0000
1.0000 0.9655 0.0000 0.0000 0.0000
1.0000 1.0000 0.0000 0.0000 0.0000

