0.0000 0.0000 0.000000 0.000000 0.000000
0.0000 0.0345 -1.000000 0.000000 0.006897
0.0000 0.0690 -1.000000 0.000000 0.013793
0.0000 0.1034 -1.000000 0.000000 0.020690
0.0000 0.1379 -1.000000 0.000000 0.027586
0.0000 0.1724 -1.000000 0.000000 0.034483
0.0000 0.2069 -1.000000 0.000000 0.041379
0.0000 0.2414 -1.000000 0.000000 0.048276
0.0000 0.2759 -1.000000 0.000000 0.055172
0.0000 0.3103 -1.000000 0.000000 0.062069
0.0000 0.3448 -1.000000 0.000000 0.068966
0.0000 0.3793 -1.000000 0.000000 0.075862
0.0000 0.4138 -1.000000 0.000000 0.082759
0.0000 0.4483 -1.000000 0.000000 0.089655
0.0000 0.4828 -1.000000 0.000000 0.096552
0.0000 0.5172 -1.000000 0.000000 0.103448
0.0000 0.5517 -1.000000 0.000000 0.110345
0.0000 0.5862 -1.000000 -0.000000 0.117241
0.0000 0.6207 -1.000000 -0.000000 0.124138
0.0000 0.6552 -1.000000 -0.000000 0.131034
0.0000 0.6897 -1.000000 -0.000000 0.137931
0.0000 0.7241 -1.000000 -0.000000 0.144828
0.0000 0.7586 -1.000000 -0.000000 0.151724
0.0000 0.7931 -1.000000 -0.000000 0.158621
0.0000 0.8276 -1.000000 -0.000000 0.165517
0.0000 0.8621 -1.000000 -0.000000 0.172414
0.0000 0.8966 -1.000000 -0.000000 0.179310
0.0000 0.9310 -1.000000 -0.000000 0.186207
0.0000 0.9655 -1.000000 -0.000000 0.193103
0.0000 1.0000 -1.000000 -0.000000 0.200000

0.0345 0.0000 0.000000 1.000000 0.133175
0.0345 0.0345 -0.026657 0.999645 0.124896
0.0345 0.0690 -0.057050 0.998371 0.116718
0.0345 0.1034 -0.091917 0.995767 0.108665
0.0345 0.1379 -0.132164 0.991228 0.100765
0.0345 0.1724 -0.178885 0.983870 0.093059
0.0345 0.2069 -0.233373 0.972387 0.085598
0.0345 0.2414 -0.297067 0.954857 0.078452
0.0345 0.2759 -0.371391 0.928477 0.071717
0.0345 0.3103 -0.457348 0.889288 0.065518
0.0345 0.3448 -0.554700 0.832050 0.060021
0.0345 0.3793 -0.660628 0.750714 0.055437
0.0345 0.4138 -0.768221 0.640184 0.052006
0.0345 0.4483 -0.866186 0.499722 0.049968
0.0345 0.4828 -0.941742 0.336336 0.049495
0.0345 0.5172 -0.986394 0.164399 0.050629
0.0345 0.5517 -1.000000 0.000000 0.053270
0.0345 0.5862 -0.989359 -0.145494 0.057208
0.0345 0.6207 -0.963518 -0.267644 0.062198
0.0345 0.6552 -0.930155 -0.367167 0.068008
0.0345 0.6897 -0.894427 -0.447214 0.074447
0.0345 0.7241 -0.859293 -0.511484 0.081365
0.0345 0.7586 -0.826227 -0.563337 0.088651
0.0345 0.7931 -0.795829 -0.605522 0.096221
0.0345 0.8276 -0.768221 -0.640184 0.104013
0.0345 0.8621 -0.743294 -0.668965 0.111980
0.0345 0.8966 -0.720833 -0.693109 0.120088
0.0345 0.9310 -0.700590 -0.713564 0.128310
0.0345 0.9655 -0.682318 -0.731055 0.136626
0.0345 1.0000 0.0000 0.0000 0.0000

0.0690 0.0000 0.000000 1.000000 0.256837
0.0690 0.0345 0.000990 1.000000 0.240190
0.0690 0.0690 0.002128 0.999998 0.223544
0.0690 0.1034 0.003448 0.999994 0.206898
0.0690 0.1379 0.005000 0.999988 0.190252
0.0690 0.1724 0.006849 0.999977 0.173607
0.0690 0.2069 0.009091 0.999959 0.156962
0.0690 0.2414 0.011864 0.999930 0.140319
0.0690 0.2759 0.015383 0.999882 0.123677
0.0690 0.3103 0.019996 0.999800 0.107037
0.0690 0.3448 0.026307 0.999654 0.090400
0.0690 0.3793 0.035462 0.999371 0.073768
0.0690 0.4138 0.049938 0.998752 0.057146
0.0690 0.4483 0.076248 0.997089 0.040546
0.0690 0.4828 0.138648 0.990342 0.024013
0.0690 0.5172 0.447214 0.894427 0.007976
0.0690 0.5517 0.371391 -0.928477 0.010245
0.0690 0.5862 0.152732 -0.988268 0.026470
0.0690 0.6207 0.099504 -0.995037 0.043020
0.0690 0.6552 0.075782 -0.997124 0.059624
0.0690 0.6897 0.062378 -0.998053 0.076248
0.0690 0.7241 0.053768 -0.998553 0.092881
0.0690 0.7586 0.047772 -0.998858 0.109519
0.0690 0.7931 0.043355 -0.999060 0.126159
0.0690 0.8276 0.039968 -0.999201 0.142801
0.0690 0.8621 0.037288 -0.999305 0.159445
0.0690 0.8966 0.035114 -0.999383 0.176090
0.0690 0.9310 0.033315 -0.999445 0.192735
0.0690 0.9655 0.0000 0.0000 0.0000
0.0690 1.0000 0.0000 0.0000 0.0000

0.1034 0.0000 0.000000 1.000000 0.370987
0.1034 0.0345 0.010996 0.999940 0.346038
0.1034 0.0690 0.023697 0.999719 0.321137
0.1034 0.1034 0.038526 0.999258 0.296296
0.1034 0.1379 0.056052 0.998428 0.271533
0.1034 0.1724 0.077065 0.997026 0.246870
0.1034 0.2069 0.102680 0.994714 0.222340
0.1034 0.2414 0.134524 0.990910 0.197995
0.1034 0.2759 0.175033 0.984563 0.173909
0.1034 0.3103 0.227980 0.973666 0.150210
0.1034 0.3448 0.299340 0.954146 0.127113
0.1034 0.3793 0.398561 0.917142 0.105015
0.1034 0.4138 0.539054 0.842271 0.084704
0.1034 0.4483 0.729537 0.683941 0.067803
0.1034 0.4828 0.927904 0.372819 0.057409
0.1034 0.5172 0.998053 -0.062378 0.057186
0.1034 0.5517 0.905459 -0.424434 0.067237
0.1034 0.5862 0.770538 -0.637394 0.083948
0.1034 0.6207 0.657534 -0.753425 0.104162
0.1034 0.6552 0.572830 -0.819674 0.126207
0.1034 0.6897 0.509802 -0.860292 0.149273
0.1034 0.7241 0.462002 -0.886879 0.172954
0.1034 0.7586 0.424867 -0.905256 0.197026
0.1034 0.7931 0.395345 -0.918533 0.221363
0.1034 0.8276 0.371391 -0.928477 0.245886
0.1034 0.8621 0.351605 -0.936148 0.270545
0.1034 0.8966 0.335010 -0.942215 0.295304
0.1034 0.9310 0.0000 0.0000 0.0000
0.1034 0.9655 0.0000 0.0000 0.0000
0.1034 1.0000 0.0000 0.0000 0.0000

0.1379 0.0000 0.000000 1.000000 0.475624
0.1379 0.0345 0.016664 0.999861 0.442392
0.1379 0.0690 0.036023 0.999351 0.409303
0.1379 0.1034 0.058759 0.998272 0.376394
0.1379 0.1379 0.085794 0.996313 0.343717
0.1379 0.1724 0.118392 0.992967 0.311345
0.1379 0.2069 0.158322 0.987387 0.279386
0.1379 0.2414 0.208088 0.978110 0.247997
0.1379 0.2759 0.271252 0.962508 0.217426
0.1379 0.3103 0.352786 0.935704 0.188073
0.1379 0.3448 0.459020 0.888426 0.160607
0.1379 0.3793 0.595520 0.803341 0.136173
0.1379 0.4138 0.758105 0.652133 0.116694
0.1379 0.4483 0.913063 0.407819 0.104964
0.1379 0.4828 0.995780 0.091777 0.103648
0.1379 0.5172 0.977648 -0.210247 0.113111
0.1379 0.5517 0.900159 -0.435561 0.131038
0.1379 0.5862 0.811125 -0.584872 0.154510
0.1379 0.6207 0.731578 -0.681757 0.181388
0.1379 0.6552 0.665836 -0.746098 0.210369
0.1379 0.6897 0.612572 -0.790415 0.240696
0.1379 0.7241 0.569346 -0.822098 0.271918
0.1379 0.7586 0.533934 -0.845526 0.303760
0.1379 0.7931 0.504575 -0.863368 0.336045
0.1379 0.8276 0.479936 -0.877303 0.368658
0.1379 0.8621 0.459020 -0.888426 0.401517
0.1379 0.8966 0.0000 0.0000 0.0000
0.1379 0.9310 0.0000 0.0000 0.0000
0.1379 0.9655 0.0000 0.0000 0.0000
0.1379 1.0000 0.0000 0.0000 0.0000

0.1724 0.0000 0.000000 1.000000 0.570749
0.1724 0.0345 0.020670 0.999786 0.529245
0.1724 0.0690 0.044833 0.998994 0.488006
0.1724 0.1034 0.073401 0.997302 0.447104
0.1724 0.1379 0.107607 0.994194 0.406642
0.1724 0.1724 0.149133 0.988817 0.366765
0.1724 0.2069 0.200301 0.979734 0.327687
0.1724 0.2414 0.264298 0.964441 0.289732
0.1724 0.2759 0.345357 0.938471 0.253404
0.1724 0.3103 0.448513 0.893776 0.219512
0.1724 0.3448 0.577669 0.816271 0.189371
0.1724 0.3793 0.729088 0.684420 0.165046
0.1724 0.4138 0.878625 0.477513 0.149407
0.1724 0.4483 0.978844 0.204608 0.145285
0.1724 0.4828 0.997000 -0.077407 0.153612
0.1724 0.5172 0.950730 -0.310021 0.172594
0.1724 0.5517 0.878625 -0.477513 0.199209
0.1724 0.5862 0.805651 -0.592390 0.230831
0.1724 0.6207 0.741154 -0.671335 0.265678
0.1724 0.6552 0.686785 -0.726861 0.302639
0.1724 0.6897 0.641555 -0.767077 0.341026
0.1724 0.7241 0.603894 -0.797065 0.380409
0.1724 0.7586 0.572323 -0.820028 0.420507
0.1724 0.7931 0.545623 -0.838031 0.461134
0.1724 0.8276 0.522829 -0.852438 0.502162
0.1724 0.8621 0.0000 0.0000 0.0000
0.1724 0.8966 0.0000 0.0000 0.0000
0.1724 0.9310 0.0000 0.0000 0.0000
0.1724 0.9655 0.0000 0.0000 0.0000
0.1724 1.0000 0.0000 0.0000 0.0000

0.2069 0.0000 0.000000 1.000000 0.656361
0.2069 0.0345 0.023915 0.999714 0.606594
0.2069 0.0690 0.052066 0.998644 0.557236
0.2069 0.1034 0.085600 0.996330 0.508406
0.2069 0.1379 0.126069 0.992021 0.460272
0.2069 0.1724 0.175591 0.984463 0.413077
0.2069 0.2069 0.237046 0.971499 0.367183
0.2069 0.2414 0.314240 0.949344 0.323147
0.2069 0.2759 0.411768 0.911289 0.281839
0.2069 0.3103 0.533664 0.845697 0.244646
0.2069 0.3448 0.678742 0.734377 0.213727
0.2069 0.3793 0.830524 0.556983 0.192134
0.2069 0.4138 0.950230 0.311551 0.183196
0.2069 0.4483 0.999285 0.037804 0.188720
0.2069 0.4828 0.978501 -0.206241 0.207554
0.2069 0.5172 0.919923 -0.392098 0.236539
0.2069 0.5517 0.851898 -0.523708 0.272456
0.2069 0.5862 0.788082 -0.615570 0.312926
0.2069 0.6207 0.732651 -0.680605 0.356401
0.2069 0.6552 0.685789 -0.727800 0.401908
0.2069 0.6897 0.646417 -0.762984 0.448829
0.2069 0.7241 0.613244 -0.789893 0.496763
0.2069 0.7586 0.585108 -0.810955 0.545444
0.2069 0.7931 0.561052 -0.827781 0.594688
0.2069 0.8276 0.0000 0.0000 0.0000
0.2069 0.8621 0.0000 0.0000 0.0000
0.2069 0.8966 0.0000 0.0000 0.0000
0.2069 0.9310 0.0000 0.0000 0.0000
0.2069 0.9655 0.0000 0.0000 0.0000
0.2069 1.0000 0.0000 0.0000 0.0000

0.2414 0.0000 0.000000 1.000000 0.732461
0.2414 0.0345 0.026798 0.999641 0.674440
0.2414 0.0690 0.058586 0.998282 0.616993
0.2414 0.1034 0.096772 0.995307 0.560299
0.2414 0.1379 0.143269 0.989684 0.504611
0.2414 0.1724 0.200684 0.979656 0.450302
0.2414 0.2069 0.272510 0.962153 0.397938
0.2414 0.2414 0.363138 0.931735 0.348397
0.2414 0.2759 0.477092 0.878853 0.303065
0.2414 0.3103 0.615871 0.787847 0.264119
0.2414 0.3448 0.769879 0.638189 0.234760
0.2414 0.3793 0.908309 0.418300 0.218880
0.2414 0.4138 0.988422 0.151731 0.219425
0.2414 0.4483 0.994400 -0.105680 0.236282
0.2414 0.4828 0.949926 -0.312476 0.266370
0.2414 0.5172 0.886516 -0.462699 0.305811
0.2414 0.5517 0.822776 -0.568365 0.351468
0.2414 0.5862 0.765787 -0.643095 0.401226
0.2414 0.6207 0.716995 -0.697078 0.453737
0.2414 0.6552 0.675788 -0.737096 0.508148
0.2414 0.6897 0.641014 -0.767529 0.563911
0.2414 0.7241 0.611524 -0.791226 0.620660
0.2414 0.7586 0.586335 -0.810068 0.678148
0.2414 0.7931 0.0000 0.0000 0.0000
0.2414 0.8276 0.0000 0.0000 0.0000
0.2414 0.8621 0.0000 0.0000 0.0000
0.2414 0.8966 0.0000 0.0000 0.0000
0.2414 0.9310 0.0000 0.0000 0.0000
0.2414 0.9655 0.0000 0.0000 0.0000
0.2414 1.0000 0.0000 0.0000 0.0000

0.2759 0.0000 0.000000 1.000000 0.799049
0.2759 0.0345 0.029533 0.999564 0.732781
0.2759 0.0690 0.064863 0.997894 0.667279
0.2759 0.1034 0.107703 0.994183 0.602793
0.2759 0.1379 0.160396 0.987053 0.539687
0.2759 0.1724 0.226130 0.974097 0.478506
0.2759 0.2069 0.309086 0.951034 0.420095
0.2759 0.2414 0.414146 0.910211 0.365780
0.2759 0.2759 0.544988 0.838444 0.317671
0.2759 0.3103 0.698100 0.716000 0.278997
0.2759 0.3448 0.851658 0.524097 0.254103
0.2759 0.3793 0.963034 0.269380 0.247188
0.2759 0.4138 1.000000 0.000000 0.259691
0.2759 0.4483 0.973114 -0.230323 0.289105
0.2759 0.4828 0.915463 -0.402401 0.330950
0.2759 0.5172 0.851658 -0.524097 0.381155
0.2759 0.5517 0.792624 -0.609711 0.436846
0.2759 0.5862 0.741456 -0.671001 0.496179
0.2759 0.6207 0.698100 -0.716000 0.557995
0.2759 0.6552 0.661533 -0.749916 0.621552
0.2759 0.6897 0.630593 -0.776114 0.686367
0.2759 0.7241 0.604241 -0.796802 0.752115
0.2759 0.7586 0.0000 0.0000 0.0000
0.2759 0.7931 0.0000 0.0000 0.0000
0.2759 0.8276 0.0000 0.0000 0.0000
0.2759 0.8621 0.0000 0.0000 0.0000
0.2759 0.8966 0.0000 0.0000 0.0000
0.2759 0.9310 0.0000 0.0000 0.0000
0.2759 0.9655 0.0000 0.0000 0.0000
0.2759 1.0000 0.0000 0.0000 0.0000

0.3103 0.0000 0.000000 1.000000 0.856124
0.3103 0.0345 0.032251 0.999480 0.781619
0.3103 0.0690 0.071199 0.997462 0.708099
0.3103 0.1034 0.118924 0.992903 0.635904
0.3103 0.1379 0.178293 0.983977 0.565542
0.3103 0.1724 0.253200 0.967414 0.497791
0.3103 0.2069 0.348599 0.937272 0.433875
0.3103 0.2414 0.469602 0.882878 0.375757
0.3103 0.2759 0.617564 0.786520 0.326549
0.3103 0.3103 0.780150 0.625592 0.290807
0.3103 0.3448 0.920487 0.390773 0.273856
0.3103 0.3793 0.993364 0.115012 0.279141
0.3103 0.4138 0.990135 -0.140114 0.305511
0.3103 0.4483 0.941122 -0.338066 0.348207
0.3103 0.4828 0.877760 -0.479101 0.402061
0.3103 0.5172 0.816327 -0.577590 0.463198
0.3103 0.5517 0.762294 -0.647231 0.529099
0.3103 0.5862 0.716388 -0.697703 0.598192
0.3103 0.6207 0.677749 -0.735294 0.669489
0.3103 0.6552 0.645181 -0.764030 0.742356
0.3103 0.6897 0.617564 -0.786520 0.816371
0.3103 0.7241 0.0000 0.0000 0.0000
0.3103 0.7586 0.0000 0.0000 0.0000
0.3103 0.7931 0.0000 0.0000 0.0000
0.3103 0.8276 0.0000 0.0000 0.0000
0.3103 0.8621 0.0000 0.0000 0.0000
0.3103 0.8966 0.0000 0.0000 0.0000
0.3103 0.9310 0.0000 0.0000 0.0000
0.3103 0.9655 0.0000 0.0000 0.0000
0.3103 1.0000 0.0000 0.0000 0.0000

0.3448 0.0000 0.000000 1.000000 0.903686
0.3448 0.0345 0.035051 0.999386 0.820956
0.3448 0.0690 0.077828 0.996967 0.739461
0.3448 0.1034 0.130865 0.991400 0.659656
0.3448 0.1379 0.197687 0.980265 0.582239
0.3448 0.1724 0.283053 0.959104 0.508302
0.3448 0.2069 0.392744 0.919648 0.439604
0.3448 0.2414 0.531465 0.847081 0.379003
0.3448 0.2759 0.695517 0.718509 0.330980
0.3448 0.3103 0.858673 0.512523 0.301602
0.3448 0.3448 0.970613 0.240648 0.296465
0.3448 0.3793 0.999295 -0.037539 0.316751
0.3448 0.4138 0.964086 -0.265589 0.358166
0.3448 0.4483 0.902648 -0.430379 0.414423
0.3448 0.4828 0.838692 -0.544605 0.480336
0.3448 0.5172 0.781289 -0.624170 0.552458
0.3448 0.5517 0.732362 -0.680915 0.628657
0.3448 0.5862 0.691307 -0.722562 0.707616
0.3448 0.6207 0.656880 -0.753995 0.788507
0.3448 0.6552 0.627854 -0.778331 0.870792
0.3448 0.6897 0.0000 0.0000 0.0000
0.3448 0.7241 0.0000 0.0000 0.0000
0.3448 0.7586 0.0000 0.0000 0.0000
0.3448 0.7931 0.0000 0.0000 0.0000
0.3448 0.8276 0.0000 0.0000 0.0000
0.3448 0.8621 0.0000 0.0000 0.0000
0.3448 0.8966 0.0000 0.0000 0.0000
0.3448 0.9310 0.0000 0.0000 0.0000
0.3448 0.9655 0.0000 0.0000 0.0000
0.3448 1.0000 0.0000 0.0000 0.0000

0.3793 0.0000 0.000000 1.000000 0.941736
0.3793 0.0345 0.038014 0.999277 0.850793
0.3793 0.0690 0.084958 0.996385 0.761373
0.3793 0.1034 0.143940 0.989586 0.674083
0.3793 0.1379 0.219320 0.975653 0.589867
0.3793 0.1724 0.316927 0.948450 0.510251
0.3793 0.2069 0.443298 0.896374 0.437752
0.3793 0.2414 0.601313 0.799014 0.376505
0.3793 0.2759 0.777511 0.628869 0.332779
0.3793 0.3103 0.927060 0.374914 0.313984
0.3793 0.3448 0.996745 0.080619 0.324481
0.3793 0.3793 0.983521 -0.180794 0.361728
0.3793 0.4138 0.927060 -0.374914 0.418646
0.3793 0.4483 0.860868 -0.508828 0.488404
0.3793 0.4828 0.799597 -0.600537 0.566278
0.3793 0.5172 0.747106 -0.664705 0.649355
0.3793 0.5517 0.703218 -0.710974 0.735873
0.3793 0.5862 0.666652 -0.745369 0.824751
0.3793 0.6207 0.636035 -0.771660 0.915302
0.3793 0.6552 0.0000 0.0000 0.0000
0.3793 0.6897 0.0000 0.0000 0.0000
0.3793 0.7241 0.0000 0.0000 0.0000
0.3793 0.7586 0.0000 0.0000 0.0000
0.3793 0.7931 0.0000 0.0000 0.0000
0.3793 0.8276 0.0000 0.0000 0.0000
0.3793 0.8621 0.0000 0.0000 0.0000
0.3793 0.8966 0.0000 0.0000 0.0000
0.3793 0.9310 0.0000 0.0000 0.0000
0.3793 0.9655 0.0000 0.0000 0.0000
0.3793 1.0000 0.0000 0.0000 0.0000

0.4138 0.0000 0.000000 1.000000 0.970274
0.4138 0.0345 0.041222 0.999150 0.871133
0.4138 0.0690 0.092808 0.995684 0.773851
0.4138 0.1034 0.158605 0.987342 0.679228
0.4138 0.1379 0.244057 0.969761 0.588546
0.4138 0.1724 0.356290 0.934376 0.503939
0.4138 0.2069 0.502216 0.864742 0.429014
0.4138 0.2414 0.679908 0.733297 0.369708
0.4138 0.2759 0.858995 0.511984 0.334434
0.4138 0.3103 0.976490 0.215561 0.330968
0.4138 0.3448 0.996857 -0.079220 0.360228
0.4138 0.3793 0.951005 -0.309177 0.415357
0.4138 0.4138 0.883646 -0.468157 0.487657
0.4138 0.4483 0.818075 -0.575111 0.570639
0.4138 0.4828 0.761388 -0.648296 0.660287
0.4138 0.5172 0.714166 -0.699977 0.754229
0.4138 0.5517 0.675117 -0.737711 0.851044
0.4138 0.5862 0.642693 -0.766124 0.949853
0.4138 0.6207 0.0000 0.0000 0.0000
0.4138 0.6552 0.0000 0.0000 0.0000
0.4138 0.6897 0.0000 0.0000 0.0000
0.4138 0.7241 0.0000 0.0000 0.0000
0.4138 0.7586 0.0000 0.0000 0.0000
0.4138 0.7931 0.0000 0.0000 0.0000
0.4138 0.8276 0.0000 0.0000 0.0000
0.4138 0.8621 0.0000 0.0000 0.0000
0.4138 0.8966 0.0000 0.0000 0.0000
0.4138 0.9310 0.0000 0.0000 0.0000
0.4138 0.9655 0.0000 0.0000 0.0000
0.4138 1.0000 0.0000 0.0000 0.0000

0.4483 0.0000 0.000000 1.000000 0.989298
0.4483 0.0345 0.044759 0.998998 0.881978
0.4483 0.0690 0.101625 0.994823 0.776912
0.4483 0.1034 0.175413 0.984495 0.675153
0.4483 0.1379 0.272983 0.962019 0.578451
0.4483 0.1724 0.402983 0.915208 0.489808
0.4483 0.2069 0.571535 0.820578 0.414429
0.4483 0.2414 0.766055 0.642775 0.360728
0.4483 0.2759 0.931160 0.364611 0.339162
0.4483 0.3103 0.999055 0.043466 0.355627
0.4483 0.3448 0.973494 -0.228712 0.405517
0.4483 0.3793 0.907537 -0.419972 0.478487
0.4483 0.4138 0.837443 -0.546524 0.565676
0.4483 0.4483 0.775828 -0.630944 0.661485
0.4483 0.4828 0.724657 -0.689110 0.762672
0.4483 0.5172 0.682709 -0.730690 0.867357
0.4483 0.5517 0.648215 -0.761457 0.974413
0.4483 0.5862 0.0000 0.0000 0.0000
0.4483 0.6207 0.0000 0.0000 0.0000
0.4483 0.6552 0.0000 0.0000 0.0000
0.4483 0.6897 0.0000 0.0000 0.0000
0.4483 0.7241 0.0000 0.0000 0.0000
0.4483 0.7586 0.0000 0.0000 0.0000
0.4483 0.7931 0.0000 0.0000 0.0000
0.4483 0.8276 0.0000 0.0000 0.0000
0.4483 0.8621 0.0000 0.0000 0.0000
0.4483 0.8966 0.0000 0.0000 0.0000
0.4483 0.9310 0.0000 0.0000 0.0000
0.4483 0.9655 0.0000 0.0000 0.0000
0.4483 1.0000 0.0000 0.0000 0.0000

0.4828 0.0000 0.000000 1.000000 0.998811
0.4828 0.0345 0.048729 0.998812 0.883332
0.4828 0.0690 0.111719 0.993740 0.770579
0.4828 0.1034 0.195080 0.980787 0.661945
0.4828 0.1379 0.307549 0.951532 0.559833
0.4828 0.1724 0.459354 0.888253 0.468528
0.4828 0.2069 0.652868 0.757471 0.395584
0.4828 0.2414 0.854563 0.519348 0.352587
0.4828 0.2759 0.981812 0.189853 0.350731
0.4828 0.3103 0.991793 -0.127855 0.390602
0.4828 0.3448 0.932680 -0.360705 0.461509
0.4828 0.3793 0.858367 -0.513037 0.551610
0.4828 0.4138 0.790997 -0.611821 0.653009
0.4828 0.4483 0.735115 -0.677943 0.761204
0.4828 0.4828 0.689750 -0.724047 0.873673
0.4828 0.5172 0.0000 0.0000 0.0000
0.4828 0.5517 0.0000 0.0000 0.0000
0.4828 0.5862 0.0000 0.0000 0.0000
0.4828 0.6207 0.0000 0.0000 0.0000
0.4828 0.6552 0.0000 0.0000 0.0000
0.4828 0.6897 0.0000 0.0000 0.0000
0.4828 0.7241 0.0000 0.0000 0.0000
0.4828 0.7586 0.0000 0.0000 0.0000
0.4828 0.7931 0.0000 0.0000 0.0000
0.4828 0.8276 0.0000 0.0000 0.0000
0.4828 0.8621 0.0000 0.0000 0.0000
0.4828 0.8966 0.0000 0.0000 0.0000
0.4828 0.9310 0.0000 0.0000 0.0000
0.4828 0.9655 0.0000 0.0000 0.0000
0.4828 1.0000 0.0000 0.0000 0.0000

0.5172 0.0000 0.000000 1.000000 0.998811
0.5172 0.0345 0.053258 0.998581 0.875202
0.5172 0.0690 0.123492 0.992346 0.754886
0.5172 0.1034 0.218583 0.975818 0.639727
0.5172 0.1379 0.349754 0.936842 0.533074
0.5172 0.1724 0.528302 0.849057 0.441142
0.5172 0.2069 0.745938 0.666016 0.374920
0.5172 0.2414 0.933958 0.357382 0.349350
0.5172 0.2759 1.000000 0.000000 0.372889
0.5172 0.3103 0.958452 -0.285254 0.437686
0.5172 0.3448 0.881480 -0.472221 0.528783
0.5172 0.3793 0.807487 -0.589885 0.634961
0.5172 0.4138 0.745938 -0.666016 0.749840
0.5172 0.4483 0.696504 -0.717553 0.869981
0.5172 0.4828 0.0000 0.0000 0.0000
0.5172 0.5172 0.0000 0.0000 0.0000
0.5172 0.5517 0.0000 0.0000 0.0000
0.5172 0.5862 0.0000 0.0000 0.0000
0.5172 0.6207 0.0000 0.0000 0.0000
0.5172 0.6552 0.0000 0.0000 0.0000
0.5172 0.6897 0.0000 0.0000 0.0000
0.5172 0.7241 0.0000 0.0000 0.0000
0.5172 0.7586 0.0000 0.0000 0.0000
0.5172 0.7931 0.0000 0.0000 0.0000
0.5172 0.8276 0.0000 0.0000 0.0000
0.5172 0.8621 0.0000 0.0000 0.0000
0.5172 0.8966 0.0000 0.0000 0.0000
0.5172 0.9310 0.0000 0.0000 0.0000
0.5172 0.9655 0.0000 0.0000 0.0000
0.5172 1.0000 0.0000 0.0000 0.0000

0.5517 0.0000 0.000000 1.000000 0.989298
0.5517 0.0345 0.058511 0.998287 0.857593
0.5517 0.0690 0.137497 0.990502 0.729881
0.5517 0.1034 0.247313 0.968936 0.608682
0.5517 0.1379 0.402419 0.915456 0.498767
0.5517 0.1724 0.612935 0.790134 0.409329
0.5517 0.2069 0.845362 0.534194 0.356144
0.5517 0.2414 0.987054 0.160388 0.355855
0.5517 0.2759 0.982501 -0.186256 0.408576
0.5517 0.3103 0.907315 -0.420451 0.497738
0.5517 0.3448 0.825979 -0.563701 0.607502
0.5517 0.3793 0.757549 -0.652778 0.728615
0.5517 0.4138 0.703208 -0.710984 0.856276
0.5517 0.4483 0.660275 -0.751024 0.987950
0.5517 0.4828 0.0000 0.0000 0.0000
0.5517 0.5172 0.0000 0.0000 0.0000
0.5517 0.5517 0.0000 0.0000 0.0000
0.5517 0.5862 0.0000 0.0000 0.0000
0.5517 0.6207 0.0000 0.0000 0.0000
0.5517 0.6552 0.0000 0.0000 0.0000
0.5517 0.6897 0.0000 0.0000 0.0000
0.5517 0.7241 0.0000 0.0000 0.0000
0.5517 0.7586 0.0000 0.0000 0.0000
0.5517 0.7931 0.0000 0.0000 0.0000
0.5517 0.8276 0.0000 0.0000 0.0000
0.5517 0.8621 0.0000 0.0000 0.0000
0.5517 0.8966 0.0000 0.0000 0.0000
0.5517 0.9310 0.0000 0.0000 0.0000
0.5517 0.9655 0.0000 0.0000 0.0000
0.5517 1.0000 0.0000 0.0000 0.0000

0.5862 0.0000 0.000000 1.000000 0.970274
0.5862 0.0345 0.064713 0.997904 0.830516
0.5862 0.0690 0.154523 0.987989 0.695632
0.5862 0.1034 0.283320 0.959025 0.569097
0.5862 0.1379 0.469510 0.882927 0.457887
0.5862 0.1724 0.714972 0.699154 0.375858
0.5862 0.2069 0.935988 0.352031 0.344527
0.5862 0.2414 0.998560 -0.053652 0.376761
0.5862 0.2759 0.935988 -0.352031 0.459369
0.5862 0.3103 0.847295 -0.531122 0.570887
0.5862 0.3448 0.770452 -0.637498 0.697585
0.5862 0.3793 0.710100 -0.704101 0.832561
0.5862 0.4138 0.663270 -0.748380 0.972374
0.5862 0.4483 0.0000 0.0000 0.0000
0.5862 0.4828 0.0000 0.0000 0.0000
0.5862 0.5172 0.0000 0.0000 0.0000
0.5862 0.5517 0.0000 0.0000 0.0000
0.5862 0.5862 0.0000 0.0000 0.0000
0.5862 0.6207 0.0000 0.0000 0.0000
0.5862 0.6552 0.0000 0.0000 0.0000
0.5862 0.6897 0.0000 0.0000 0.0000
0.5862 0.7241 0.0000 0.0000 0.0000
0.5862 0.7586 0.0000 0.0000 0.0000
0.5862 0.7931 0.0000 0.0000 0.0000
0.5862 0.8276 0.0000 0.0000 0.0000
0.5862 0.8621 0.0000 0.0000 0.0000
0.5862 0.8966 0.0000 0.0000 0.0000
0.5862 0.9310 0.0000 0.0000 0.0000
0.5862 0.9655 0.0000 0.0000 0.0000
0.5862 1.0000 0.0000 0.0000 0.0000

0.6207 0.0000 0.000000 1.000000 0.941736
0.6207 0.0345 0.072184 0.997391 0.793986
0.6207 0.0690 0.175740 0.984437 0.652244
0.6207 0.1034 0.329741 0.944071 0.521434
0.6207 0.1379 0.556297 0.830983 0.412101
0.6207 0.1724 0.829925 0.557875 0.345289
0.6207 0.2069 0.992341 0.123528 0.346530
0.6207 0.2414 0.966216 -0.257734 0.415217
0.6207 0.2759 0.872444 -0.488714 0.525537
0.6207 0.3103 0.785300 -0.619116 0.656838
0.6207 0.3448 0.717449 -0.696611 0.798840
0.6207 0.3793 0.665906 -0.746036 0.946740
0.6207 0.4138 0.0000 0.0000 0.0000
0.6207 0.4483 0.0000 0.0000 0.0000
0.6207 0.4828 0.0000 0.0000 0.0000
0.6207 0.5172 0.0000 0.0000 0.0000
0.6207 0.5517 0.0000 0.0000 0.0000
0.6207 0.5862 0.0000 0.0000 0.0000
0.6207 0.6207 0.0000 0.0000 0.0000
0.6207 0.6552 0.0000 0.0000 0.0000
0.6207 0.6897 0.0000 0.0000 0.0000
0.6207 0.7241 0.0000 0.0000 0.0000
0.6207 0.7586 0.0000 0.0000 0.0000
0.6207 0.7931 0.0000 0.0000 0.0000
0.6207 0.8276 0.0000 0.0000 0.0000
0.6207 0.8621 0.0000 0.0000 0.0000
0.6207 0.8966 0.0000 0.0000 0.0000
0.6207 0.9310 0.0000 0.0000 0.0000
0.6207 0.9655 0.0000 0.0000 0.0000
0.6207 1.0000 0.0000 0.0000 0.0000

0.6552 0.0000 0.000000 1.000000 0.903686
0.6552 0.0345 0.081388 0.996683 0.748023
0.6552 0.0690 0.202973 0.979184 0.599883
0.6552 0.1034 0.391518 0.920170 0.466491
0.6552 0.1379 0.668243 0.743943 0.364418
0.6552 0.1724 0.937528 0.347911 0.324683
0.6552 0.2069 0.992436 -0.122762 0.368063
0.6552 0.2414 0.902534 -0.430618 0.472181
0.6552 0.2759 0.803001 -0.595977 0.606524
0.6552 0.3103 0.725597 -0.688120 0.755129
0.6552 0.3448 0.668243 -0.743943 0.911044
0.6552 0.3793 0.0000 0.0000 0.0000
0.6552 0.4138 0.0000 0.0000 0.0000
0.6552 0.4483 0.0000 0.0000 0.0000
0.6552 0.4828 0.0000 0.0000 0.0000
0.6552 0.5172 0.0000 0.0000 0.0000
0.6552 0.5517 0.0000 0.0000 0.0000
0.6552 0.5862 0.0000 0.0000 0.0000
0.6552 0.6207 0.0000 0.0000 0.0000
0.6552 0.6552 0.0000 0.0000 0.0000
0.6552 0.6897 0.0000 0.0000 0.0000
0.6552 0.7241 0.0000 0.0000 0.0000
0.6552 0.7586 0.0000 0.0000 0.0000
0.6552 0.7931 0.0000 0.0000 0.0000
0.6552 0.8276 0.0000 0.0000 0.0000
0.6552 0.8621 0.0000 0.0000 0.0000
0.6552 0.8966 0.0000 0.0000 0.0000
0.6552 0.9310 0.0000 0.0000 0.0000
0.6552 0.9655 0.0000 0.0000 0.0000
0.6552 1.0000 0.0000 0.0000 0.0000

0.6897 0.0000 0.000000 1.000000 0.856124
0.6897 0.0345 0.093043 0.995662 0.692660
0.6897 0.0690 0.239211 0.970968 0.538830
0.6897 0.1034 0.476510 0.879169 0.405745
0.6897 0.1379 0.804608 0.593807 0.320390
0.6897 0.1724 0.997288 0.073601 0.323112
0.6897 0.2069 0.938166 -0.346187 0.412169
0.6897 0.2414 0.824891 -0.565292 0.546896
0.6897 0.2759 0.735011 -0.678055 0.701454
0.6897 0.3103 0.0000 0.0000 0.0000
0.6897 0.3448 0.0000 0.0000 0.0000
0.6897 0.3793 0.0000 0.0000 0.0000
0.6897 0.4138 0.0000 0.0000 0.0000
0.6897 0.4483 0.0000 0.0000 0.0000
0.6897 0.4828 0.0000 0.0000 0.0000
0.6897 0.5172 0.0000 0.0000 0.0000
0.6897 0.5517 0.0000 0.0000 0.0000
0.6897 0.5862 0.0000 0.0000 0.0000
0.6897 0.6207 0.0000 0.0000 0.0000
0.6897 0.6552 0.0000 0.0000 0.0000
0.6897 0.6897 0.0000 0.0000 0.0000
0.6897 0.7241 0.0000 0.0000 0.0000
0.6897 0.7586 0.0000 0.0000 0.0000
0.6897 0.7931 0.0000 0.0000 0.0000
0.6897 0.8276 0.0000 0.0000 0.0000
0.6897 0.8621 0.0000 0.0000 0.0000
0.6897 0.8966 0.0000 0.0000 0.0000
0.6897 0.9310 0.0000 0.0000 0.0000
0.6897 0.9655 0.0000 0.0000 0.0000
0.6897 1.0000 0.0000 0.0000 0.0000

0.7241 0.0000 0.000000 1.000000 0.799049
0.7241 0.0345 0.108311 0.994117 0.627951
0.7241 0.0690 0.289670 0.957127 0.469598
0.7241 0.1034 0.596324 0.802744 0.342168
0.7241 0.1379 0.938735 0.344640 0.289813
0.7241 0.1724 0.976587 -0.215122 0.348224
0.7241 0.2069 0.852987 -0.521932 0.478420
0.7241 0.2414 0.746401 -0.665497 0.637861
0.7241 0.2759 0.672205 -0.740365 0.809447
0.7241 0.3103 0.0000 0.0000 0.0000
0.7241 0.3448 0.0000 0.0000 0.0000
0.7241 0.3793 0.0000 0.0000 0.0000
0.7241 0.4138 0.0000 0.0000 0.0000
0.7241 0.4483 0.0000 0.0000 0.0000
0.7241 0.4828 0.0000 0.0000 0.0000
0.7241 0.5172 0.0000 0.0000 0.0000
0.7241 0.5517 0.0000 0.0000 0.0000
0.7241 0.5862 0.0000 0.0000 0.0000
0.7241 0.6207 0.0000 0.0000 0.0000
0.7241 0.6552 0.0000 0.0000 0.0000
0.7241 0.6897 0.0000 0.0000 0.0000
0.7241 0.7241 0.0000 0.0000 0.0000
0.7241 0.7586 0.0000 0.0000 0.0000
0.7241 0.7931 0.0000 0.0000 0.0000
0.7241 0.8276 0.0000 0.0000 0.0000
0.7241 0.8621 0.0000 0.0000 0.0000
0.7241 0.8966 0.0000 0.0000 0.0000
0.7241 0.9310 0.0000 0.0000 0.0000
0.7241 0.9655 0.0000 0.0000 0.0000
0.7241 1.0000 0.0000 0.0000 0.0000

0.7586 0.0000 0.000000 1.000000 0.732461
0.7586 0.0345 0.129211 0.991617 0.553990
0.7586 0.0690 0.364080 0.931368 0.393218
0.7586 0.1034 0.760920 0.648846 0.282217
0.7586 0.1379 1.000000 0.000000 0.286326
0.7586 0.1724 0.890248 -0.455476 0.402031
0.7586 0.2069 0.760920 -0.648846 0.564434
0.7586 0.2414 0.673898 -0.738825 0.743540
0.7586 0.2759 0.0000 0.0000 0.0000
0.7586 0.3103 0.0000 0.0000 0.0000
0.7586 0.3448 0.0000 0.0000 0.0000
0.7586 0.3793 0.0000 0.0000 0.0000
0.7586 0.4138 0.0000 0.0000 0.0000
0.7586 0.4483 0.0000 0.0000 0.0000
0.7586 0.4828 0.0000 0.0000 0.0000
0.7586 0.5172 0.0000 0.0000 0.0000
0.7586 0.5517 0.0000 0.0000 0.0000
0.7586 0.5862 0.0000 0.0000 0.0000
0.7586 0.6207 0.0000 0.0000 0.0000
0.7586 0.6552 0.0000 0.0000 0.0000
0.7586 0.6897 0.0000 0.0000 0.0000
0.7586 0.7241 0.0000 0.0000 0.0000
0.7586 0.7586 0.0000 0.0000 0.0000
0.7586 0.7931 0.0000 0.0000 0.0000
0.7586 0.8276 0.0000 0.0000 0.0000
0.7586 0.8621 0.0000 0.0000 0.0000
0.7586 0.8966 0.0000 0.0000 0.0000
0.7586 0.9310 0.0000 0.0000 0.0000
0.7586 0.9655 0.0000 0.0000 0.0000
0.7586 1.0000 0.0000 0.0000 0.0000

0.7931 0.0000 0.000000 1.000000 0.656361
0.7931 0.0345 0.159566 0.987187 0.470957
0.7931 0.0690 0.481626 0.876377 0.312062
0.7931 0.1034 0.939707 0.341982 0.239911
0.7931 0.1379 0.939707 -0.341982 0.319881
0.7931 0.1724 0.780628 -0.624996 0.481335
0.7931 0.2069 0.0000 0.0000 0.0000
0.7931 0.2414 0.0000 0.0000 0.0000
0.7931 0.2759 0.0000 0.0000 0.0000
0.7931 0.3103 0.0000 0.0000 0.0000
0.7931 0.3448 0.0000 0.0000 0.0000
0.7931 0.3793 0.0000 0.0000 0.0000
0.7931 0.4138 0.0000 0.0000 0.0000
0.7931 0.4483 0.0000 0.0000 0.0000
0.7931 0.4828 0.0000 0.0000 0.0000
0.7931 0.5172 0.0000 0.0000 0.0000
0.7931 0.5517 0.0000 0.0000 0.0000
0.7931 0.5862 0.0000 0.0000 0.0000
0.7931 0.6207 0.0000 0.0000 0.0000
0.7931 0.6552 0.0000 0.0000 0.0000
0.7931 0.6897 0.0000 0.0000 0.0000
0.7931 0.7241 0.0000 0.0000 0.0000
0.7931 0.7586 0.0000 0.0000 0.0000
0.7931 0.7931 0.0000 0.0000 0.0000
0.7931 0.8276 0.0000 0.0000 0.0000
0.7931 0.8621 0.0000 0.0000 0.0000
0.7931 0.8966 0.0000 0.0000 0.0000
0.7931 0.9310 0.0000 0.0000 0.0000
0.7931 0.9655 0.0000 0.0000 0.0000
0.7931 1.0000 0.0000 0.0000 0.0000

0.8276 0.0000 0.000000 1.000000 0.570749
0.8276 0.0345 0.207559 0.978223 0.379246
0.8276 0.0690 0.676835 0.736135 0.232600
0.8276 0.1034 0.992777 -0.119973 0.237866
0.8276 0.1379 0.809581 -0.587008 0.388921
0.8276 0.1724 0.676835 -0.736135 0.581499
0.8276 0.2069 0.0000 0.0000 0.0000
0.8276 0.2414 0.0000 0.0000 0.0000
0.8276 0.2759 0.0000 0.0000 0.0000
0.8276 0.3103 0.0000 0.0000 0.0000
0.8276 0.3448 0.0000 0.0000 0.0000
0.8276 0.3793 0.0000 0.0000 0.0000
0.8276 0.4138 0.0000 0.0000 0.0000
0.8276 0.4483 0.0000 0.0000 0.0000
0.8276 0.4828 0.0000 0.0000 0.0000
0.8276 0.5172 0.0000 0.0000 0.0000
0.8276 0.5517 0.0000 0.0000 0.0000
0.8276 0.5862 0.0000 0.0000 0.0000
0.8276 0.6207 0.0000 0.0000 0.0000
0.8276 0.6552 0.0000 0.0000 0.0000
0.8276 0.6897 0.0000 0.0000 0.0000
0.8276 0.7241 0.0000 0.0000 0.0000
0.8276 0.7586 0.0000 0.0000 0.0000
0.8276 0.7931 0.0000 0.0000 0.0000
0.8276 0.8276 0.0000 0.0000 0.0000
0.8276 0.8621 0.0000 0.0000 0.0000
0.8276 0.8966 0.0000 0.0000 0.0000
0.8276 0.9310 0.0000 0.0000 0.0000
0.8276 0.9655 0.0000 0.0000 0.0000
0.8276 1.0000 0.0000 0.0000 0.0000

0.8621 0.0000 0.000000 1.000000 0.475624
0.8621 0.0345 0.293966 0.955816 0.279906
0.8621 0.0690 0.940506 0.339778 0.174976
0.8621 0.1034 0.856691 -0.515830 0.288142
0.8621 0.1379 0.678117 -0.734954 0.485361
0.8621 0.1724 0.0000 0.0000 0.0000
0.8621 0.2069 0.0000 0.0000 0.0000
0.8621 0.2414 0.0000 0.0000 0.0000
0.8621 0.2759 0.0000 0.0000 0.0000
0.8621 0.3103 0.0000 0.0000 0.0000
0.8621 0.3448 0.0000 0.0000 0.0000
0.8621 0.3793 0.0000 0.0000 0.0000
0.8621 0.4138 0.0000 0.0000 0.0000
0.8621 0.4483 0.0000 0.0000 0.0000
0.8621 0.4828 0.0000 0.0000 0.0000
0.8621 0.5172 0.0000 0.0000 0.0000
0.8621 0.5517 0.0000 0.0000 0.0000
0.8621 0.5862 0.0000 0.0000 0.0000
0.8621 0.6207 0.0000 0.0000 0.0000
0.8621 0.6552 0.0000 0.0000 0.0000
0.8621 0.6897 0.0000 0.0000 0.0000
0.8621 0.7241 0.0000 0.0000 0.0000
0.8621 0.7586 0.0000 0.0000 0.0000
0.8621 0.7931 0.0000 0.0000 0.0000
0.8621 0.8276 0.0000 0.0000 0.0000
0.8621 0.8621 0.0000 0.0000 0.0000
0.8621 0.8966 0.0000 0.0000 0.0000
0.8621 0.9310 0.0000 0.0000 0.0000
0.8621 0.9655 0.0000 0.0000 0.0000
0.8621 1.0000 0.0000 0.0000 0.0000

0.8966 0.0000 0.000000 1.000000 0.370987
0.8966 0.0345 0.485529 0.874221 0.176818
0.8966 0.0690 0.940854 -0.338812 0.182494
0.8966 0.1034 0.0000 0.0000 0.0000
0.8966 0.1379 0.0000 0.0000 0.0000
0.8966 0.1724 0.0000 0.0000 0.0000
0.8966 0.2069 0.0000 0.0000 0.0000
0.8966 0.2414 0.0000 0.0000 0.0000
0.8966 0.2759 0.0000 0.0000 0.0000
0.8966 0.3103 0.0000 0.0000 0.0000
0.8966 0.3448 0.0000 0.0000 0.0000
0.8966 0.3793 0.0000 0.0000 0.0000
0.8966 0.4138 0.0000 0.0000 0.0000
0.8966 0.4483 0.0000 0.0000 0.0000
0.8966 0.4828 0.0000 0.0000 0.0000
0.8966 0.5172 0.0000 0.0000 0.0000
0.8966 0.5517 0.0000 0.0000 0.0000
0.8966 0.5862 0.0000 0.0000 0.0000
0.8966 0.6207 0.0000 0.0000 0.0000
0.8966 0.6552 0.0000 0.0000 0.0000
0.8966 0.6897 0.0000 0.0000 0.0000
0.8966 0.7241 0.0000 0.0000 0.0000
0.8966 0.7586 0.0000 0.0000 0.0000
0.8966 0.7931 0.0000 0.0000 0.0000
0.8966 0.8276 0.0000 0.0000 0.0000
0.8966 0.8621 0.0000 0.0000 0.0000
0.8966 0.8966 0.0000 0.0000 0.0000
0.8966 0.9310 0.0000 0.0000 0.0000
0.8966 0.9655 0.0000 0.0000 0.0000
0.8966 1.0000 0.0000 0.0000 0.0000

0.9310 0.0000 0.000000 1.000000 0.256837
0.9310 0.0345 0.941174 0.337922 0.095006
0.9310 0.0690 0.680382 -0.732858 0.262845
0.9310 0.1034 0.0000 0.0000 0.0000
0.9310 0.1379 0.0000 0.0000 0.0000
0.9310 0.1724 0.0000 0.0000 0.0000
0.9310 0.2069 0.0000 0.0000 0.0000
0.9310 0.2414 0.0000 0.0000 0.0000
0.9310 0.2759 0.0000 0.0000 0.0000
0.9310 0.3103 0.0000 0.0000 0.0000
0.9310 0.3448 0.0000 0.0000 0.0000
0.9310 0.3793 0.0000 0.0000 0.0000
0.9310 0.4138 0.0000 0.0000 0.0000
0.9310 0.4483 0.0000 0.0000 0.0000
0.9310 0.4828 0.0000 0.0000 0.0000
0.9310 0.5172 0.0000 0.0000 0.0000
0.9310 0.5517 0.0000 0.0000 0.0000
0.9310 0.5862 0.0000 0.0000 0.0000
0.9310 0.6207 0.0000 0.0000 0.0000
0.9310 0.6552 0.0000 0.0000 0.0000
0.9310 0.6897 0.0000 0.0000 0.0000
0.9310 0.7241 0.0000 0.0000 0.0000
0.9310 0.7586 0.0000 0.0000 0.0000
0.9310 0.7931 0.0000 0.0000 0.0000
0.9310 0.8276 0.0000 0.0000 0.0000
0.9310 0.8621 0.0000 0.0000 0.0000
0.9310 0.8966 0.0000 0.0000 0.0000
0.9310 0.9310 0.0000 0.0000 0.0000
0.9310 0.9655 0.0000 0.0000 0.0000
0.9310 1.0000 0.0000 0.0000 0.0000

0.9655 0.0000 0.000000 1.000000 0.133175
0.9655 0.0345 0.0000 0.0000 0.0000
0.9655 0.0690 0.0000 0.0000 0.0000
0.9655 0.1034 0.0000 0.0000 0.0000
0.9655 0.1379 0.0000 0.0000 0.0000
0.9655 0.1724 0.0000 0.0000 0.0000
0.9655 0.2069 0.0000 0.0000 0.0000
0.9655 0.2414 0.0000 0.0000 0.0000
0.9655 0.2759 0.0000 0.0000 0.0000
0.9655 0.3103 0.0000 0.0000 0.0000
0.9655 0.3448 0.0000 0.0000 0.0000
0.9655 0.3793 0.0000 0.0000 0.0000
0.9655 0.4138 0.0000 0.0000 0.0000
0.9655 0.4483 0.0000 0.0000 0.0000
0.9655 0.4828 0.0000 0.0000 0.0000
0.9655 0.5172 0.0000 0.0000 0.0000
0.9655 0.5517 0.0000 0.0000 0.0000
0.9655 0.5862 0.0000 0.0000 0.0000
0.9655 0.6207 0.0000 0.0000 0.0000
0.9655 0.6552 0.0000 0.0000 0.0000
0.9655 0.6897 0.0000 0.0000 0.0000
0.9655 0.7241 0.0000 0.0000 0.0000
0.9655 0.7586 0.0000 0.0000 0.0000
0.9655 0.7931 0.0000 0.0000 0.0000
0.9655 0.8276 0.0000 0.0000 0.0000
0.9655 0.8621 0.0000 0.0000 0.0000
0.9655 0.8966 0.0000 0.0000 0.0000
0.9655 0.9310 0.0000 0.0000 0.0000
0.9655 0.9655 0.0000 0.0000 0.0000
0.9655 1.0000 0.0000 0.0000 0.0000

1.0000 0.0000 0.000000 0.000000 0.000000
1.0000 0.0345 0.0000 0.0000 0.0000
1.0000 0.0690 0.0000 0.0000 0.0000
1.0000 0.1034 0.0000 0.0000 0.0000
1.0000 0.1379 0.0000 0.0000 0.0000
1.0000 0.1724 0.0000 0.0000 0.0000
1.0000 0.2069 0.0000 0.0000 0.0000
1.0000 0.2414 0.0000 0.0000 0.0000
1.0000 0.2759 0.0000 0.0000 0.0000
1.0000 0.3103 0.0000 0.0000 0.0000
1.0000 0.3448 0.0000 0.0000 0.0000
1.0000 0.3793 0.0000 0.0000 0.0000
1.0000 0.4138 0.0000 0.0000 0.0000
1.0000 0.4483 0.0000 0.0000 0.0000
1.0000 0.4828 0.0000 0.0000 0.0000
1.0000 0.5172 0.0000 0.0000 0.0000
1.0000 0.5517 0.0000 0.0000 0.0000
1.0000 0.5862 0.0000 0.0000 0.0000
1.0000 0.6207 0.0000 0.0000 0.0000
1.0000 0.6552 0.0000 0.0000 0.0000
1.0000 0.6897 0.0000 0.0000 0.0000
1.0000 0.7241 0.0000 0.0000 0.0000
1.0000 0.7586 0.0000 0.0000 0.0000
1.0000 0.7931 0.0000 0.0000 0.0000
1.0000 0.8276 0.0000 0.0000 0.0000
1.0000 0.8621 0.0000 0.0000 0.0000
1.0000 0.8966 0.0000 0.0000 0.0000
1.0000 0.9310 0.0000 0.0000 0.0000
1.0000 0.9655 0.0000 0.0000 0.0000
1.0000 1.0000 0.0000 0.0000 0.0000

