0.0000 0.0000 0.000000 0.000000 0.000000
0.0000 0.0345 -1.000000 0.000000 0.006897
0.0000 0.0690 -1.000000 0.000000 0.013793
0.0000 0.1034 -1.000000 0.000000 0.020690
0.0000 0.1379 -1.000000 0.000000 0.027586
0.0000 0.1724 -1.000000 0.000000 0.034483
0.0000 0.2069 -1.000000 0.000000 0.041379
0.0000 0.2414 -1.000000 0.000000 0.048276
0.0000 0.2759 -1.000000 0.000000 0.055172
0.0000 0.3103 -1.000000 0.000000 0.062069
0.0000 0.3448 -1.000000 0.000000 0.068966
0.0000 0.3793 -1.000000 0.000000 0.075862
0.0000 0.4138 -1.000000 0.000000 0.082759
0.0000 0.4483 -1.000000 0.000000 0.089655
0.0000 0.4828 -1.000000 0.000000 0.096552
0.0000 0.5172 -1.000000 0.000000 0.103448
0.0000 0.5517 -1.000000 0.000000 0.110345
0.0000 0.5862 -1.000000 -0.000000 0.117241
0.0000 0.6207 -1.000000 -0.000000 0.124138
0.0000 0.6552 -1.000000 -0.000000 0.131034
0.0000 0.6897 -1.000000 -0.000000 0.137931
0.0000 0.7241 -1.000000 -0.000000 0.144828
0.0000 0.7586 -1.000000 -0.000000 0.151724
0.0000 0.7931 -1.000000 -0.000000 0.158621
0.0000 0.8276 -1.000000 -0.000000 0.165517
0.0000 0.8621 -1.000000 -0.000000 0.172414
0.0000 0.8966 -1.000000 -0.000000 0.179310
0.0000 0.9310 -1.000000 -0.000000 0.186207
0.0000 0.9655 -1.000000 -0.000000 0.193103
0.0000 1.0000 -1.000000 -0.000000 0.200000

0.0345 0.0000 0.000000 1.000000 0.319619
0.0345 0.0345 0.005555 0.999985 0.299648
0.0345 0.0690 0.011904 0.999929 0.279687
0.0345 0.1034 0.019227 0.999815 0.259739
0.0345 0.1379 0.027767 0.999614 0.239807
0.0345 0.1724 0.037852 0.999283 0.219896
0.0345 0.2069 0.049938 0.998752 0.200012
0.0345 0.2414 0.064679 0.997906 0.180163
0.0345 0.2759 0.083045 0.996546 0.160364
0.0345 0.3103 0.106533 0.994309 0.140634
0.0345 0.3448 0.137568 0.990492 0.121008
0.0345 0.3793 0.180328 0.983607 0.101546
0.0345 0.4138 0.242536 0.970143 0.082364
0.0345 0.4483 0.339644 0.940554 0.063716
0.0345 0.4828 0.503871 0.863779 0.046253
0.0345 0.5172 0.780869 0.624695 0.031978
0.0345 0.5517 1.000000 0.000000 0.026635
0.0345 0.5862 0.816968 -0.576683 0.034640
0.0345 0.6207 0.600000 -0.800000 0.049941
0.0345 0.6552 0.466759 -0.884385 0.067763
0.0345 0.6897 0.384615 -0.923077 0.086564
0.0345 0.7241 0.330350 -0.943858 0.105822
0.0345 0.7586 0.292218 -0.956352 0.125328
0.0345 0.7931 0.264089 -0.964498 0.144981
0.0345 0.8276 0.242536 -0.970143 0.164728
0.0345 0.8621 0.225518 -0.974239 0.184540
0.0345 0.8966 0.211753 -0.977323 0.204397
0.0345 0.9310 0.200396 -0.979715 0.224288
0.0345 0.9655 0.190870 -0.981615 0.244204
0.0345 1.0000 0.0000 0.0000 0.0000

0.0690 0.0000 0.000000 1.000000 0.616409
0.0690 0.0345 0.017736 0.999843 0.576547
0.0690 0.0690 0.038093 0.999274 0.536894
0.0690 0.1034 0.061664 0.998097 0.497498
0.0690 0.1379 0.089226 0.996011 0.458428
0.0690 0.1724 0.121803 0.992554 0.419772
0.0690 0.2069 0.160760 0.986993 0.381658
0.0690 0.2414 0.207925 0.978145 0.344266
0.0690 0.2759 0.265731 0.964047 0.307858
0.0690 0.3103 0.337330 0.941386 0.272829
0.0690 0.3448 0.426466 0.904504 0.239783
0.0690 0.3793 0.536508 0.843895 0.209661
0.0690 0.4138 0.667248 0.744835 0.183906
0.0690 0.4483 0.807735 0.589546 0.164580
0.0690 0.4828 0.928902 0.370326 0.154121
0.0690 0.5172 0.993827 0.110939 0.154342
0.0690 0.5517 0.990405 -0.138196 0.165200
0.0690 0.5862 0.940542 -0.339676 0.184830
0.0690 0.6207 0.873198 -0.487366 0.210796
0.0690 0.6552 0.805997 -0.591920 0.241059
0.0690 0.6897 0.745876 -0.666085 0.274199
0.0690 0.7241 0.694306 -0.719680 0.309293
0.0690 0.7586 0.650678 -0.759354 0.345747
0.0690 0.7931 0.613812 -0.789452 0.383173
0.0690 0.8276 0.582519 -0.812817 0.421312
0.0690 0.8621 0.555773 -0.831334 0.459986
0.0690 0.8966 0.532737 -0.846281 0.499071
0.0690 0.9310 0.512741 -0.858543 0.538478
0.0690 0.9655 0.0000 0.0000 0.0000
0.0690 1.0000 0.0000 0.0000 0.0000

0.1034 0.0000 0.000000 1.000000 0.890369
0.1034 0.0345 0.022617 0.999744 0.830652
0.1034 0.0690 0.048708 0.998813 0.771427
0.1034 0.1034 0.079069 0.996869 0.712814
0.1034 0.1379 0.114734 0.993396 0.654979
0.1034 0.1724 0.157045 0.987592 0.598147
0.1034 0.2069 0.207733 0.978186 0.542634
0.1034 0.2414 0.268998 0.963141 0.488888
0.1034 0.2759 0.343488 0.939157 0.437562
0.1034 0.3103 0.433981 0.900922 0.389613
0.1034 0.3448 0.542283 0.840196 0.346445
0.1034 0.3793 0.666503 0.745502 0.310064
0.1034 0.4138 0.796356 0.604828 0.283097
0.1034 0.4483 0.909972 0.414671 0.268396
0.1034 0.4828 0.981458 0.191677 0.267989
0.1034 0.5172 0.999539 -0.030366 0.281937
0.1034 0.5517 0.975011 -0.222155 0.308298
0.1034 0.5862 0.927808 -0.373058 0.344232
0.1034 0.6207 0.873635 -0.486582 0.387082
0.1034 0.6552 0.820950 -0.571000 0.434809
0.1034 0.6897 0.773172 -0.634197 0.485976
0.1034 0.7241 0.731143 -0.682224 0.539607
0.1034 0.7586 0.694609 -0.719388 0.595036
0.1034 0.7931 0.662936 -0.748676 0.651804
0.1034 0.8276 0.635425 -0.772162 0.709591
0.1034 0.8621 0.611430 -0.791299 0.768165
0.1034 0.8966 0.590391 -0.807117 0.827360
0.1034 0.9310 0.0000 0.0000 0.0000
0.1034 0.9655 0.0000 0.0000 0.0000
0.1034 1.0000 0.0000 0.0000 0.0000

0.1379 0.0000 0.000000 1.000000 1.141498
0.1379 0.0345 0.025753 0.999668 1.061946
0.1379 0.0690 0.055631 0.998451 0.983211
0.1379 0.1034 0.090607 0.995887 0.905508
0.1379 0.1379 0.131938 0.991258 0.829127
0.1379 0.1724 0.181243 0.983438 0.754469
0.1379 0.2069 0.240566 0.970633 0.682100
0.1379 0.2414 0.312383 0.949956 0.612833
0.1379 0.2759 0.399361 0.916794 0.547843
0.1379 0.3103 0.503508 0.863991 0.488841
0.1379 0.3448 0.624033 0.781398 0.438252
0.1379 0.3793 0.753425 0.657534 0.399287
0.1379 0.4138 0.873799 0.486288 0.375579
0.1379 0.4483 0.960695 0.277606 0.370075
0.1379 0.4828 0.998227 0.059522 0.383558
0.1379 0.5172 0.990460 -0.137803 0.414177
0.1379 0.5517 0.954332 -0.298747 0.458514
0.1379 0.5862 0.906242 -0.422759 0.513022
0.1379 0.6207 0.856396 -0.516320 0.574817
0.1379 0.6552 0.809632 -0.586937 0.641797
0.1379 0.6897 0.767674 -0.640841 0.712500
0.1379 0.7241 0.730753 -0.682642 0.785924
0.1379 0.7586 0.698496 -0.715614 0.861371
0.1379 0.7931 0.670336 -0.742058 0.938355
0.1379 0.8276 0.645691 -0.763599 1.016526
0.1379 0.8621 0.624033 -0.781398 1.095631
0.1379 0.8966 0.0000 0.0000 0.0000
0.1379 0.9310 0.0000 0.0000 0.0000
0.1379 0.9655 0.0000 0.0000 0.0000
0.1379 1.0000 0.0000 0.0000 0.0000

0.1724 0.0000 0.000000 1.000000 1.369798
0.1724 0.0345 0.028266 0.999600 1.270424
0.1724 0.0690 0.061267 0.998121 1.172238
0.1724 0.1034 0.100160 0.994971 1.075563
0.1724 0.1379 0.146443 0.989219 0.980848
0.1724 0.1724 0.202030 0.979379 0.888718
0.1724 0.2069 0.269299 0.963057 0.800069
0.1724 0.2414 0.350978 0.936384 0.716192
0.1724 0.2759 0.449594 0.893233 0.638970
0.1724 0.3103 0.565892 0.824479 0.571110
0.1724 0.3448 0.695498 0.718528 0.516315
0.1724 0.3793 0.824491 0.565876 0.479091
0.1724 0.4138 0.929323 0.369267 0.463688
0.1724 0.4483 0.988523 0.151073 0.472245
0.1724 0.4828 0.998393 -0.056673 0.503544
0.1724 0.5172 0.972737 -0.231911 0.553741
0.1724 0.5517 0.929323 -0.369267 0.618250
0.1724 0.5862 0.880790 -0.473506 0.693086
0.1724 0.6207 0.833745 -0.552149 0.775265
0.1724 0.6552 0.790879 -0.611973 0.862690
0.1724 0.6897 0.752885 -0.658152 0.953920
0.1724 0.7241 0.719589 -0.694400 1.047962
0.1724 0.7586 0.690496 -0.723337 1.144123
0.1724 0.7931 0.665041 -0.746807 1.241911
0.1724 0.8276 0.642693 -0.766124 1.340969
0.1724 0.8621 0.0000 0.0000 0.0000
0.1724 0.8966 0.0000 0.0000 0.0000
0.1724 0.9310 0.0000 0.0000 0.0000
0.1724 0.9655 0.0000 0.0000 0.0000
0.1724 1.0000 0.0000 0.0000 0.0000

0.2069 0.0000 0.000000 1.000000 1.575267
0.2069 0.0345 0.030541 0.999534 1.456089
0.2069 0.0690 0.066448 0.997790 1.338511
0.2069 0.1034 0.109087 0.994032 1.222994
0.2069 0.1379 0.160229 0.987080 1.110182
0.2069 0.1724 0.222134 0.975016 1.000990
0.2069 0.2069 0.297550 0.954706 0.896740
0.2069 0.2414 0.389426 0.921058 0.799371
0.2069 0.2759 0.499877 0.866097 0.711709
0.2069 0.3103 0.627556 0.778572 0.637773
0.2069 0.3448 0.763046 0.646345 0.582807
0.2069 0.3793 0.885385 0.464859 0.552505
0.2069 0.4138 0.968600 0.248625 0.550950
0.2069 0.4483 0.999562 0.029604 0.578375
0.2069 0.4828 0.986657 -0.162810 0.631011
0.2069 0.5172 0.948582 -0.316532 0.703221
0.2069 0.5517 0.901071 -0.433671 0.789653
0.2069 0.5862 0.853129 -0.521700 0.886155
0.2069 0.6207 0.808736 -0.588172 0.989786
0.2069 0.6552 0.769161 -0.639055 1.098530
0.2069 0.6897 0.734442 -0.678672 1.211011
0.2069 0.7241 0.704142 -0.710059 1.326278
0.2069 0.7586 0.677691 -0.735346 1.443664
0.2069 0.7931 0.654531 -0.756035 1.562692
0.2069 0.8276 0.0000 0.0000 0.0000
0.2069 0.8621 0.0000 0.0000 0.0000
0.2069 0.8966 0.0000 0.0000 0.0000
0.2069 0.9310 0.0000 0.0000 0.0000
0.2069 0.9655 0.0000 0.0000 0.0000
0.2069 1.0000 0.0000 0.0000 0.0000

0.2414 0.0000 0.000000 1.000000 1.757907
0.2414 0.0345 0.032757 0.999463 1.618942
0.2414 0.0690 0.071566 0.997436 1.482040
0.2414 0.1034 0.118039 0.993009 1.347829
0.2414 0.1379 0.174276 0.984697 1.217200
0.2414 0.1724 0.242946 0.970040 1.091439
0.2414 0.2069 0.327211 0.944951 0.972438
0.2414 0.2414 0.430158 0.902754 0.862996
0.2414 0.2759 0.552982 0.833193 0.767216
0.2414 0.3103 0.690918 0.722933 0.690804
0.2414 0.3448 0.827685 0.561193 0.640728
0.2414 0.3793 0.935811 0.352503 0.623367
0.2414 0.4138 0.992209 0.124582 0.641382
0.2414 0.4483 0.996243 -0.086600 0.692017
0.2414 0.4828 0.965658 -0.259818 0.768854
0.2414 0.5172 0.919699 -0.392625 0.864937
0.2414 0.5517 0.870636 -0.491929 0.974591
0.2414 0.5862 0.824277 -0.566187 1.093742
0.2414 0.6207 0.782692 -0.622410 1.219609
0.2414 0.6552 0.746203 -0.665718 1.350316
0.2414 0.6897 0.714437 -0.699700 1.484584
0.2414 0.7241 0.686804 -0.726842 1.621530
0.2414 0.7586 0.662702 -0.748883 1.760529
0.2414 0.7931 0.0000 0.0000 0.0000
0.2414 0.8276 0.0000 0.0000 0.0000
0.2414 0.8621 0.0000 0.0000 0.0000
0.2414 0.8966 0.0000 0.0000 0.0000
0.2414 0.9310 0.0000 0.0000 0.0000
0.2414 0.9655 0.0000 0.0000 0.0000
0.2414 1.0000 0.0000 0.0000 0.0000

0.2759 0.0000 0.000000 1.000000 1.917717
0.2759 0.0345 0.035016 0.999387 1.758986
0.2759 0.0690 0.076855 0.997042 1.602838
0.2759 0.1034 0.127425 0.991848 1.450109
0.2759 0.1379 0.189227 0.981933 1.302001
0.2759 0.1724 0.265423 0.964132 1.160285
0.2759 0.2069 0.359630 0.933095 1.027611
0.2759 0.2414 0.474865 0.880059 0.907949
0.2759 0.2759 0.610508 0.792010 0.807110
0.2759 0.3103 0.756363 0.654152 0.732902
0.2759 0.3448 0.887609 0.460597 0.693924
0.2759 0.3793 0.973292 0.229572 0.696119
0.2759 0.4138 1.000000 0.000000 0.739120
0.2759 0.4483 0.980659 -0.195724 0.816505
0.2759 0.4828 0.937661 -0.347550 0.919636
0.2759 0.5172 0.887609 -0.460597 1.040886
0.2759 0.5517 0.838961 -0.544191 1.174659
0.2759 0.5862 0.794967 -0.606652 1.317144
0.2759 0.6207 0.756363 -0.654152 1.465804
0.2759 0.6552 0.722865 -0.690989 1.618937
0.2759 0.6897 0.693858 -0.720112 1.775388
0.2759 0.7241 0.668679 -0.743551 1.934350
0.2759 0.7586 0.0000 0.0000 0.0000
0.2759 0.7931 0.0000 0.0000 0.0000
0.2759 0.8276 0.0000 0.0000 0.0000
0.2759 0.8621 0.0000 0.0000 0.0000
0.2759 0.8966 0.0000 0.0000 0.0000
0.2759 0.9310 0.0000 0.0000 0.0000
0.2759 0.9655 0.0000 0.0000 0.0000
0.2759 1.0000 0.0000 0.0000 0.0000

0.3103 0.0000 0.000000 1.000000 2.054697
0.3103 0.0345 0.037391 0.999301 1.876223
0.3103 0.0690 0.082490 0.996592 1.700922
0.3103 0.1034 0.137568 0.990492 1.529885
0.3103 0.1379 0.205624 0.978631 1.364715
0.3103 0.1724 0.290417 0.956900 1.207824
0.3103 0.2069 0.396025 0.918240 1.062882
0.3103 0.2414 0.524962 0.851125 0.935461
0.3103 0.2759 0.673241 0.739424 0.833635
0.3103 0.3103 0.822493 0.568775 0.767655
0.3103 0.3448 0.939048 0.343787 0.747082
0.3103 0.3793 0.995052 0.099352 0.775537
0.3103 0.4138 0.992636 -0.121135 0.848100
0.3103 0.4483 0.955217 -0.295906 0.954767
0.3103 0.4828 0.904779 -0.425881 1.085529
0.3103 0.5172 0.853639 -0.520865 1.232744
0.3103 0.5517 0.806840 -0.590771 1.391198
0.3103 0.5862 0.765750 -0.643138 1.557464
0.3103 0.6207 0.730232 -0.683200 1.729290
0.3103 0.6552 0.699641 -0.714495 1.905173
0.3103 0.6897 0.673241 -0.739424 2.084086
0.3103 0.7241 0.0000 0.0000 0.0000
0.3103 0.7586 0.0000 0.0000 0.0000
0.3103 0.7931 0.0000 0.0000 0.0000
0.3103 0.8276 0.0000 0.0000 0.0000
0.3103 0.8621 0.0000 0.0000 0.0000
0.3103 0.8966 0.0000 0.0000 0.0000
0.3103 0.9310 0.0000 0.0000 0.0000
0.3103 0.9655 0.0000 0.0000 0.0000
0.3103 1.0000 0.0000 0.0000 0.0000

0.3448 0.0000 0.000000 1.000000 2.168847
0.3448 0.0345 0.039944 0.999202 1.970657
0.3448 0.0690 0.088628 0.996065 1.776312
0.3448 0.1034 0.148780 0.988870 1.587225
0.3448 0.1379 0.224019 0.974585 1.405519
0.3448 0.1724 0.318827 0.947813 1.234459
0.3448 0.2069 0.437668 0.899137 1.079117
0.3448 0.2414 0.581689 0.813411 0.947259
0.3448 0.2759 0.740952 0.671558 0.849888
0.3448 0.3103 0.885884 0.463907 0.799701
0.3448 0.3448 0.977150 0.212552 0.805566
0.3448 0.3793 0.999457 -0.032940 0.866344
0.3448 0.4138 0.972013 -0.234928 0.971787
0.3448 0.4483 0.922537 -0.385909 1.109230
0.3448 0.4828 0.868889 -0.495008 1.268311
0.3448 0.5172 0.818883 -0.573960 1.441887
0.3448 0.5517 0.774895 -0.632090 1.625320
0.3448 0.5862 0.737029 -0.675861 1.815626
0.3448 0.6207 0.704619 -0.709586 2.010852
0.3448 0.6552 0.676835 -0.736135 2.209697
0.3448 0.6897 0.0000 0.0000 0.0000
0.3448 0.7241 0.0000 0.0000 0.0000
0.3448 0.7586 0.0000 0.0000 0.0000
0.3448 0.7931 0.0000 0.0000 0.0000
0.3448 0.8276 0.0000 0.0000 0.0000
0.3448 0.8621 0.0000 0.0000 0.0000
0.3448 0.8966 0.0000 0.0000 0.0000
0.3448 0.9310 0.0000 0.0000 0.0000
0.3448 0.9655 0.0000 0.0000 0.0000
0.3448 1.0000 0.0000 0.0000 0.0000

0.3793 0.0000 0.000000 1.000000 2.260166
0.3793 0.0345 0.042735 0.999086 2.042294
0.3793 0.0690 0.095435 0.995436 1.829038
0.3793 0.1034 0.161403 0.986889 1.622221
0.3793 0.1379 0.245049 0.969511 1.424649
0.3793 0.1724 0.351712 0.936108 1.240748
0.3793 0.2069 0.485980 0.873970 1.077538
0.3793 0.2414 0.645954 0.763377 0.945795
0.3793 0.2759 0.811786 0.583955 0.860099
0.3793 0.3103 0.940985 0.338447 0.834756
0.3793 0.3448 0.997423 0.071749 0.875026
0.3793 0.3793 0.986898 -0.161346 0.972793
0.3793 0.4138 0.940985 -0.338447 1.113008
0.3793 0.4483 0.885152 -0.465303 1.281816
0.3793 0.4828 0.831552 -0.555447 1.469395
0.3793 0.5172 0.784193 -0.620517 1.669430
0.3793 0.5517 0.743596 -0.668629 1.877945
0.3793 0.5862 0.709093 -0.705115 2.092405
0.3793 0.6207 0.679740 -0.733453 2.311157
0.3793 0.6552 0.0000 0.0000 0.0000
0.3793 0.6897 0.0000 0.0000 0.0000
0.3793 0.7241 0.0000 0.0000 0.0000
0.3793 0.7586 0.0000 0.0000 0.0000
0.3793 0.7931 0.0000 0.0000 0.0000
0.3793 0.8276 0.0000 0.0000 0.0000
0.3793 0.8621 0.0000 0.0000 0.0000
0.3793 0.8966 0.0000 0.0000 0.0000
0.3793 0.9310 0.0000 0.0000 0.0000
0.3793 0.9655 0.0000 0.0000 0.0000
0.3793 1.0000 0.0000 0.0000 0.0000

0.4138 0.0000 0.000000 1.000000 2.328656
0.4138 0.0345 0.045831 0.998949 2.091139
0.4138 0.0690 0.103100 0.994671 1.859134
0.4138 0.1034 0.175851 0.984417 1.634991
0.4138 0.1379 0.269506 0.962999 1.422429
0.4138 0.1724 0.390386 0.920651 1.227482
0.4138 0.2069 0.542525 0.840039 1.059913
0.4138 0.2414 0.717839 0.696209 0.934566
0.4138 0.2759 0.881382 0.472403 0.869891
0.4138 0.3103 0.980861 0.194712 0.879375
0.4138 0.3448 0.997456 -0.071282 0.960827
0.4138 0.3793 0.959823 -0.280607 1.098350
0.4138 0.4138 0.902778 -0.430107 1.273912
0.4138 0.4483 0.845259 -0.534357 1.473984
0.4138 0.4828 0.793982 -0.607941 1.689882
0.4138 0.5172 0.750196 -0.661215 1.916264
0.4138 0.5517 0.713274 -0.700885 2.149822
0.4138 0.5862 0.682137 -0.731224 2.388450
0.4138 0.6207 0.0000 0.0000 0.0000
0.4138 0.6552 0.0000 0.0000 0.0000
0.4138 0.6897 0.0000 0.0000 0.0000
0.4138 0.7241 0.0000 0.0000 0.0000
0.4138 0.7586 0.0000 0.0000 0.0000
0.4138 0.7931 0.0000 0.0000 0.0000
0.4138 0.8276 0.0000 0.0000 0.0000
0.4138 0.8621 0.0000 0.0000 0.0000
0.4138 0.8966 0.0000 0.0000 0.0000
0.4138 0.9310 0.0000 0.0000 0.0000
0.4138 0.9655 0.0000 0.0000 0.0000
0.4138 1.0000 0.0000 0.0000 0.0000

0.4483 0.0000 0.000000 1.000000 2.374316
0.4483 0.0345 0.049310 0.998784 2.117201
0.4483 0.0690 0.111858 0.993724 1.866649
0.4483 0.1034 0.192655 0.981267 1.625699
0.4483 0.1379 0.298430 0.954432 1.399318
0.4483 0.1724 0.436522 0.899693 1.195810
0.4483 0.2069 0.608839 0.793294 1.028839
0.4483 0.2414 0.795598 0.605825 0.918550
0.4483 0.2759 0.942275 0.334840 0.886361
0.4483 0.3103 0.999221 0.039453 0.940328
0.4483 0.3448 0.978017 -0.208525 1.067461
0.4483 0.3793 0.921994 -0.387203 1.245555
0.4483 0.4138 0.860419 -0.509587 1.456028
0.4483 0.4483 0.804595 -0.593824 1.686804
0.4483 0.4828 0.757061 -0.653344 1.930615
0.4483 0.5172 0.717326 -0.696738 2.183098
0.4483 0.5517 0.684148 -0.729343 2.441564
0.4483 0.5862 0.0000 0.0000 0.0000
0.4483 0.6207 0.0000 0.0000 0.0000
0.4483 0.6552 0.0000 0.0000 0.0000
0.4483 0.6897 0.0000 0.0000 0.0000
0.4483 0.7241 0.0000 0.0000 0.0000
0.4483 0.7586 0.0000 0.0000 0.0000
0.4483 0.7931 0.0000 0.0000 0.0000
0.4483 0.8276 0.0000 0.0000 0.0000
0.4483 0.8621 0.0000 0.0000 0.0000
0.4483 0.8966 0.0000 0.0000 0.0000
0.4483 0.9310 0.0000 0.0000 0.0000
0.4483 0.9655 0.0000 0.0000 0.0000
0.4483 1.0000 0.0000 0.0000 0.0000

0.4828 0.0000 0.000000 1.000000 2.397146
0.4828 0.0345 0.053271 0.998580 2.120490
0.4828 0.0690 0.122011 0.992529 1.851646
0.4828 0.1034 0.212523 0.977156 1.594571
0.4828 0.1379 0.333224 0.942848 1.355975
0.4828 0.1724 0.492228 0.870466 1.147443
0.4828 0.2069 0.685860 0.727734 0.988197
0.4828 0.2414 0.874070 0.485799 0.904647
0.4828 0.2759 0.984721 0.174140 0.917708
0.4828 0.3103 0.993122 -0.117084 1.023688
0.4828 0.3448 0.942770 -0.333443 1.198179
0.4828 0.3793 0.877472 -0.479629 1.416078
0.4828 0.4138 0.816396 -0.577493 1.660382
0.4828 0.4483 0.764423 -0.644715 1.921043
0.4828 0.4828 0.721387 -0.692532 2.192235
0.4828 0.5172 0.0000 0.0000 0.0000
0.4828 0.5517 0.0000 0.0000 0.0000
0.4828 0.5862 0.0000 0.0000 0.0000
0.4828 0.6207 0.0000 0.0000 0.0000
0.4828 0.6552 0.0000 0.0000 0.0000
0.4828 0.6897 0.0000 0.0000 0.0000
0.4828 0.7241 0.0000 0.0000 0.0000
0.4828 0.7586 0.0000 0.0000 0.0000
0.4828 0.7931 0.0000 0.0000 0.0000
0.4828 0.8276 0.0000 0.0000 0.0000
0.4828 0.8621 0.0000 0.0000 0.0000
0.4828 0.8966 0.0000 0.0000 0.0000
0.4828 0.9310 0.0000 0.0000 0.0000
0.4828 0.9655 0.0000 0.0000 0.0000
0.4828 1.0000 0.0000 0.0000 0.0000

0.5172 0.0000 0.000000 1.000000 2.397146
0.5172 0.0345 0.057840 0.998326 2.101020
0.5172 0.0690 0.133967 0.990986 1.814213
0.5172 0.1034 0.236434 0.971647 1.541934
0.5172 0.1379 0.375825 0.926691 1.293390
0.5172 0.1724 0.560000 0.828493 1.085018
0.5172 0.2069 0.772541 0.634965 0.943810
0.5172 0.2414 0.943195 0.332241 0.901886
0.5172 0.2759 1.000000 0.000000 0.972176
0.5172 0.3103 0.964458 -0.264235 1.134002
0.5172 0.3448 0.896871 -0.442292 1.354955
0.5172 0.3793 0.829818 -0.558034 1.610886
0.5172 0.4138 0.772541 -0.634965 1.887620
0.5172 0.4483 0.725591 -0.688126 2.177240
0.5172 0.4828 0.0000 0.0000 0.0000
0.5172 0.5172 0.0000 0.0000 0.0000
0.5172 0.5517 0.0000 0.0000 0.0000
0.5172 0.5862 0.0000 0.0000 0.0000
0.5172 0.6207 0.0000 0.0000 0.0000
0.5172 0.6552 0.0000 0.0000 0.0000
0.5172 0.6897 0.0000 0.0000 0.0000
0.5172 0.7241 0.0000 0.0000 0.0000
0.5172 0.7586 0.0000 0.0000 0.0000
0.5172 0.7931 0.0000 0.0000 0.0000
0.5172 0.8276 0.0000 0.0000 0.0000
0.5172 0.8621 0.0000 0.0000 0.0000
0.5172 0.8966 0.0000 0.0000 0.0000
0.5172 0.9310 0.0000 0.0000 0.0000
0.5172 0.9655 0.0000 0.0000 0.0000
0.5172 1.0000 0.0000 0.0000 0.0000

0.5517 0.0000 0.000000 1.000000 2.374316
0.5517 0.0345 0.063184 0.998002 2.058810
0.5517 0.0690 0.148287 0.988944 1.754474
0.5517 0.1034 0.265789 0.964031 1.468270
0.5517 0.1379 0.428929 0.903338 1.213098
0.5517 0.1724 0.642261 0.766486 1.012698
0.5517 0.2069 0.863149 0.504950 0.904247
0.5517 0.2414 0.988874 0.148757 0.920828
0.5517 0.2759 0.984946 -0.172861 1.056571
0.5517 0.3103 0.919000 -0.394257 1.273938
0.5517 0.3448 0.845401 -0.534133 1.538717
0.5517 0.3793 0.781730 -0.623617 1.830447
0.5517 0.4138 0.730078 -0.683364 2.138126
0.5517 0.4483 0.688617 -0.725125 2.455765
0.5517 0.4828 0.0000 0.0000 0.0000
0.5517 0.5172 0.0000 0.0000 0.0000
0.5517 0.5517 0.0000 0.0000 0.0000
0.5517 0.5862 0.0000 0.0000 0.0000
0.5517 0.6207 0.0000 0.0000 0.0000
0.5517 0.6552 0.0000 0.0000 0.0000
0.5517 0.6897 0.0000 0.0000 0.0000
0.5517 0.7241 0.0000 0.0000 0.0000
0.5517 0.7586 0.0000 0.0000 0.0000
0.5517 0.7931 0.0000 0.0000 0.0000
0.5517 0.8276 0.0000 0.0000 0.0000
0.5517 0.8621 0.0000 0.0000 0.0000
0.5517 0.8966 0.0000 0.0000 0.0000
0.5517 0.9310 0.0000 0.0000 0.0000
0.5517 0.9655 0.0000 0.0000 0.0000
0.5517 1.0000 0.0000 0.0000 0.0000

0.5862 0.0000 0.000000 1.000000 2.328656
0.5862 0.0345 0.069535 0.997580 1.993887
0.5862 0.0690 0.165782 0.986162 1.672610
0.5862 0.1034 0.302647 0.953103 1.374321
0.5862 0.1379 0.496231 0.868191 1.117581
0.5862 0.1724 0.739687 0.672951 0.937183
0.5862 0.2069 0.943884 0.330278 0.881323
0.5862 0.2414 0.998753 -0.049925 0.971723
0.5862 0.2759 0.943884 -0.330278 1.175098
0.5862 0.3103 0.863833 -0.503779 1.444493
0.5862 0.3448 0.792402 -0.610000 1.749674
0.5862 0.3793 0.735014 -0.678052 2.074911
0.5862 0.4138 0.689744 -0.724054 2.412104
0.5862 0.4483 0.0000 0.0000 0.0000
0.5862 0.4828 0.0000 0.0000 0.0000
0.5862 0.5172 0.0000 0.0000 0.0000
0.5862 0.5517 0.0000 0.0000 0.0000
0.5862 0.5862 0.0000 0.0000 0.0000
0.5862 0.6207 0.0000 0.0000 0.0000
0.5862 0.6552 0.0000 0.0000 0.0000
0.5862 0.6897 0.0000 0.0000 0.0000
0.5862 0.7241 0.0000 0.0000 0.0000
0.5862 0.7586 0.0000 0.0000 0.0000
0.5862 0.7931 0.0000 0.0000 0.0000
0.5862 0.8276 0.0000 0.0000 0.0000
0.5862 0.8621 0.0000 0.0000 0.0000
0.5862 0.8966 0.0000 0.0000 0.0000
0.5862 0.9310 0.0000 0.0000 0.0000
0.5862 0.9655 0.0000 0.0000 0.0000
0.5862 1.0000 0.0000 0.0000 0.0000

0.6207 0.0000 0.000000 1.000000 2.260166
0.6207 0.0345 0.077221 0.997014 1.906287
0.6207 0.0690 0.187655 0.982235 1.568894
0.6207 0.1034 0.350131 0.936701 1.261290
0.6207 0.1379 0.582395 0.812906 1.011038
0.6207 0.1724 0.846813 0.531891 0.869175
0.6207 0.2069 0.993303 0.115538 0.889189
0.6207 0.2414 0.970314 -0.241851 1.061966
0.6207 0.2759 0.885972 -0.463740 1.329214
0.6207 0.3103 0.805121 -0.593110 1.645530
0.6207 0.3448 0.740611 -0.671934 1.987625
0.6207 0.3793 0.690741 -0.723102 2.344240
0.6207 0.4138 0.0000 0.0000 0.0000
0.6207 0.4483 0.0000 0.0000 0.0000
0.6207 0.4828 0.0000 0.0000 0.0000
0.6207 0.5172 0.0000 0.0000 0.0000
0.6207 0.5517 0.0000 0.0000 0.0000
0.6207 0.5862 0.0000 0.0000 0.0000
0.6207 0.6207 0.0000 0.0000 0.0000
0.6207 0.6552 0.0000 0.0000 0.0000
0.6207 0.6897 0.0000 0.0000 0.0000
0.6207 0.7241 0.0000 0.0000 0.0000
0.6207 0.7586 0.0000 0.0000 0.0000
0.6207 0.7931 0.0000 0.0000 0.0000
0.6207 0.8276 0.0000 0.0000 0.0000
0.6207 0.8621 0.0000 0.0000 0.0000
0.6207 0.8966 0.0000 0.0000 0.0000
0.6207 0.9310 0.0000 0.0000 0.0000
0.6207 0.9655 0.0000 0.0000 0.0000
0.6207 1.0000 0.0000 0.0000 0.0000

0.6552 0.0000 0.000000 1.000000 2.168847
0.6552 0.0345 0.086727 0.996232 1.796066
0.6552 0.0690 0.215779 0.976442 1.443762
0.6552 0.1034 0.413090 0.910690 1.131232
0.6552 0.1379 0.691630 0.722252 0.900868
0.6552 0.1724 0.944419 0.328744 0.824671
0.6552 0.2069 0.993336 -0.115257 0.940872
0.6552 0.2414 0.912758 -0.408501 1.194587
0.6552 0.2759 0.820701 -0.571358 1.518380
0.6552 0.3103 0.747158 -0.664647 1.876314
0.6552 0.3448 0.691630 -0.722252 2.252171
0.6552 0.3793 0.0000 0.0000 0.0000
0.6552 0.4138 0.0000 0.0000 0.0000
0.6552 0.4483 0.0000 0.0000 0.0000
0.6552 0.4828 0.0000 0.0000 0.0000
0.6552 0.5172 0.0000 0.0000 0.0000
0.6552 0.5517 0.0000 0.0000 0.0000
0.6552 0.5862 0.0000 0.0000 0.0000
0.6552 0.6207 0.0000 0.0000 0.0000
0.6552 0.6552 0.0000 0.0000 0.0000
0.6552 0.6897 0.0000 0.0000 0.0000
0.6552 0.7241 0.0000 0.0000 0.0000
0.6552 0.7586 0.0000 0.0000 0.0000
0.6552 0.7931 0.0000 0.0000 0.0000
0.6552 0.8276 0.0000 0.0000 0.0000
0.6552 0.8621 0.0000 0.0000 0.0000
0.6552 0.8966 0.0000 0.0000 0.0000
0.6552 0.9310 0.0000 0.0000 0.0000
0.6552 0.9655 0.0000 0.0000 0.0000
0.6552 1.0000 0.0000 0.0000 0.0000

0.6897 0.0000 0.000000 1.000000 2.054697
0.6897 0.0345 0.098796 0.995108 1.663310
0.6897 0.0690 0.253212 0.967411 1.297947
0.6897 0.1034 0.499014 0.866594 0.987918
0.6897 0.1379 0.821293 0.570507 0.800339
0.6897 0.1724 0.997596 0.069298 0.823621
0.6897 0.2069 0.944644 -0.328096 1.043746
0.6897 0.2414 0.840348 -0.542048 1.368835
0.6897 0.2759 0.755076 -0.655637 1.741051
0.6897 0.3103 0.0000 0.0000 0.0000
0.6897 0.3448 0.0000 0.0000 0.0000
0.6897 0.3793 0.0000 0.0000 0.0000
0.6897 0.4138 0.0000 0.0000 0.0000
0.6897 0.4483 0.0000 0.0000 0.0000
0.6897 0.4828 0.0000 0.0000 0.0000
0.6897 0.5172 0.0000 0.0000 0.0000
0.6897 0.5517 0.0000 0.0000 0.0000
0.6897 0.5862 0.0000 0.0000 0.0000
0.6897 0.6207 0.0000 0.0000 0.0000
0.6897 0.6552 0.0000 0.0000 0.0000
0.6897 0.6897 0.0000 0.0000 0.0000
0.6897 0.7241 0.0000 0.0000 0.0000
0.6897 0.7586 0.0000 0.0000 0.0000
0.6897 0.7931 0.0000 0.0000 0.0000
0.6897 0.8276 0.0000 0.0000 0.0000
0.6897 0.8621 0.0000 0.0000 0.0000
0.6897 0.8966 0.0000 0.0000 0.0000
0.6897 0.9310 0.0000 0.0000 0.0000
0.6897 0.9655 0.0000 0.0000 0.0000
0.6897 1.0000 0.0000 0.0000 0.0000

0.7241 0.0000 0.000000 1.000000 1.917717
0.7241 0.0345 0.114636 0.993408 1.508159
0.7241 0.0690 0.305248 0.952273 1.132780
0.7241 0.1034 0.618347 0.785905 0.838798
0.7241 0.1379 0.944847 0.327512 0.731926
0.7241 0.1724 0.979050 -0.203621 0.882945
0.7241 0.2069 0.865888 -0.500238 1.198003
0.7241 0.2414 0.765020 -0.644006 1.581953
0.7241 0.2759 0.693147 -0.720796 1.995415
0.7241 0.3103 0.0000 0.0000 0.0000
0.7241 0.3448 0.0000 0.0000 0.0000
0.7241 0.3793 0.0000 0.0000 0.0000
0.7241 0.4138 0.0000 0.0000 0.0000
0.7241 0.4483 0.0000 0.0000 0.0000
0.7241 0.4828 0.0000 0.0000 0.0000
0.7241 0.5172 0.0000 0.0000 0.0000
0.7241 0.5517 0.0000 0.0000 0.0000
0.7241 0.5862 0.0000 0.0000 0.0000
0.7241 0.6207 0.0000 0.0000 0.0000
0.7241 0.6552 0.0000 0.0000 0.0000
0.7241 0.6897 0.0000 0.0000 0.0000
0.7241 0.7241 0.0000 0.0000 0.0000
0.7241 0.7586 0.0000 0.0000 0.0000
0.7241 0.7931 0.0000 0.0000 0.0000
0.7241 0.8276 0.0000 0.0000 0.0000
0.7241 0.8621 0.0000 0.0000 0.0000
0.7241 0.8966 0.0000 0.0000 0.0000
0.7241 0.9310 0.0000 0.0000 0.0000
0.7241 0.9655 0.0000 0.0000 0.0000
0.7241 1.0000 0.0000 0.0000 0.0000

0.7586 0.0000 0.000000 1.000000 1.757907
0.7586 0.0345 0.136341 0.990662 1.330858
0.7586 0.0690 0.381630 0.924315 0.950924
0.7586 0.1034 0.778075 0.628171 0.699613
0.7586 0.1379 1.000000 0.000000 0.725803
0.7586 0.1724 0.899971 -0.435949 1.008091
0.7586 0.2069 0.778075 -0.628171 1.399227
0.7586 0.2414 0.693799 -0.720169 1.830724
0.7586 0.2759 0.0000 0.0000 0.0000
0.7586 0.3103 0.0000 0.0000 0.0000
0.7586 0.3448 0.0000 0.0000 0.0000
0.7586 0.3793 0.0000 0.0000 0.0000
0.7586 0.4138 0.0000 0.0000 0.0000
0.7586 0.4483 0.0000 0.0000 0.0000
0.7586 0.4828 0.0000 0.0000 0.0000
0.7586 0.5172 0.0000 0.0000 0.0000
0.7586 0.5517 0.0000 0.0000 0.0000
0.7586 0.5862 0.0000 0.0000 0.0000
0.7586 0.6207 0.0000 0.0000 0.0000
0.7586 0.6552 0.0000 0.0000 0.0000
0.7586 0.6897 0.0000 0.0000 0.0000
0.7586 0.7241 0.0000 0.0000 0.0000
0.7586 0.7586 0.0000 0.0000 0.0000
0.7586 0.7931 0.0000 0.0000 0.0000
0.7586 0.8276 0.0000 0.0000 0.0000
0.7586 0.8621 0.0000 0.0000 0.0000
0.7586 0.8966 0.0000 0.0000 0.0000
0.7586 0.9310 0.0000 0.0000 0.0000
0.7586 0.9655 0.0000 0.0000 0.0000
0.7586 1.0000 0.0000 0.0000 0.0000

0.7931 0.0000 0.000000 1.000000 1.575267
0.7931 0.0345 0.167873 0.985809 1.131877
0.7931 0.0690 0.501061 0.865412 0.758438
0.7931 0.1034 0.945197 0.326501 0.603087
0.7931 0.1379 0.945197 -0.326501 0.804116
0.7931 0.1724 0.796181 -0.605058 1.193270
0.7931 0.2069 0.0000 0.0000 0.0000
0.7931 0.2414 0.0000 0.0000 0.0000
0.7931 0.2759 0.0000 0.0000 0.0000
0.7931 0.3103 0.0000 0.0000 0.0000
0.7931 0.3448 0.0000 0.0000 0.0000
0.7931 0.3793 0.0000 0.0000 0.0000
0.7931 0.4138 0.0000 0.0000 0.0000
0.7931 0.4483 0.0000 0.0000 0.0000
0.7931 0.4828 0.0000 0.0000 0.0000
0.7931 0.5172 0.0000 0.0000 0.0000
0.7931 0.5517 0.0000 0.0000 0.0000
0.7931 0.5862 0.0000 0.0000 0.0000
0.7931 0.6207 0.0000 0.0000 0.0000
0.7931 0.6552 0.0000 0.0000 0.0000
0.7931 0.6897 0.0000 0.0000 0.0000
0.7931 0.7241 0.0000 0.0000 0.0000
0.7931 0.7586 0.0000 0.0000 0.0000
0.7931 0.7931 0.0000 0.0000 0.0000
0.7931 0.8276 0.0000 0.0000 0.0000
0.7931 0.8621 0.0000 0.0000 0.0000
0.7931 0.8966 0.0000 0.0000 0.0000
0.7931 0.9310 0.0000 0.0000 0.0000
0.7931 0.9655 0.0000 0.0000 0.0000
0.7931 1.0000 0.0000 0.0000 0.0000

0.8276 0.0000 0.000000 1.000000 1.369798
0.8276 0.0345 0.217676 0.976021 0.912243
0.8276 0.0690 0.694936 0.719072 0.571486
0.8276 0.1034 0.993456 -0.114218 0.599644
0.8276 0.1379 0.823149 -0.567825 0.964943
0.8276 0.1724 0.694936 -0.719072 1.428715
0.8276 0.2069 0.0000 0.0000 0.0000
0.8276 0.2414 0.0000 0.0000 0.0000
0.8276 0.2759 0.0000 0.0000 0.0000
0.8276 0.3103 0.0000 0.0000 0.0000
0.8276 0.3448 0.0000 0.0000 0.0000
0.8276 0.3793 0.0000 0.0000 0.0000
0.8276 0.4138 0.0000 0.0000 0.0000
0.8276 0.4483 0.0000 0.0000 0.0000
0.8276 0.4828 0.0000 0.0000 0.0000
0.8276 0.5172 0.0000 0.0000 0.0000
0.8276 0.5517 0.0000 0.0000 0.0000
0.8276 0.5862 0.0000 0.0000 0.0000
0.8276 0.6207 0.0000 0.0000 0.0000
0.8276 0.6552 0.0000 0.0000 0.0000
0.8276 0.6897 0.0000 0.0000 0.0000
0.8276 0.7241 0.0000 0.0000 0.0000
0.8276 0.7586 0.0000 0.0000 0.0000
0.8276 0.7931 0.0000 0.0000 0.0000
0.8276 0.8276 0.0000 0.0000 0.0000
0.8276 0.8621 0.0000 0.0000 0.0000
0.8276 0.8966 0.0000 0.0000 0.0000
0.8276 0.9310 0.0000 0.0000 0.0000
0.8276 0.9655 0.0000 0.0000 0.0000
0.8276 1.0000 0.0000 0.0000 0.0000

0.8621 0.0000 0.000000 1.000000 1.141498
0.8621 0.0345 0.307013 0.951705 0.674676
0.8621 0.0690 0.945488 0.325656 0.438153
0.8621 0.1034 0.867261 -0.497854 0.716512
0.8621 0.1379 0.695435 -0.718589 1.191395
0.8621 0.1724 0.0000 0.0000 0.0000
0.8621 0.2069 0.0000 0.0000 0.0000
0.8621 0.2414 0.0000 0.0000 0.0000
0.8621 0.2759 0.0000 0.0000 0.0000
0.8621 0.3103 0.0000 0.0000 0.0000
0.8621 0.3448 0.0000 0.0000 0.0000
0.8621 0.3793 0.0000 0.0000 0.0000
0.8621 0.4138 0.0000 0.0000 0.0000
0.8621 0.4483 0.0000 0.0000 0.0000
0.8621 0.4828 0.0000 0.0000 0.0000
0.8621 0.5172 0.0000 0.0000 0.0000
0.8621 0.5517 0.0000 0.0000 0.0000
0.8621 0.5862 0.0000 0.0000 0.0000
0.8621 0.6207 0.0000 0.0000 0.0000
0.8621 0.6552 0.0000 0.0000 0.0000
0.8621 0.6897 0.0000 0.0000 0.0000
0.8621 0.7241 0.0000 0.0000 0.0000
0.8621 0.7586 0.0000 0.0000 0.0000
0.8621 0.7931 0.0000 0.0000 0.0000
0.8621 0.8276 0.0000 0.0000 0.0000
0.8621 0.8621 0.0000 0.0000 0.0000
0.8621 0.8966 0.0000 0.0000 0.0000
0.8621 0.9310 0.0000 0.0000 0.0000
0.8621 0.9655 0.0000 0.0000 0.0000
0.8621 1.0000 0.0000 0.0000 0.0000

0.8966 0.0000 0.000000 1.000000 0.890369
0.8966 0.0345 0.502630 0.864502 0.429134
0.8966 0.0690 0.945616 -0.325284 0.456201
0.8966 0.1034 0.0000 0.0000 0.0000
0.8966 0.1379 0.0000 0.0000 0.0000
0.8966 0.1724 0.0000 0.0000 0.0000
0.8966 0.2069 0.0000 0.0000 0.0000
0.8966 0.2414 0.0000 0.0000 0.0000
0.8966 0.2759 0.0000 0.0000 0.0000
0.8966 0.3103 0.0000 0.0000 0.0000
0.8966 0.3448 0.0000 0.0000 0.0000
0.8966 0.3793 0.0000 0.0000 0.0000
0.8966 0.4138 0.0000 0.0000 0.0000
0.8966 0.4483 0.0000 0.0000 0.0000
0.8966 0.4828 0.0000 0.0000 0.0000
0.8966 0.5172 0.0000 0.0000 0.0000
0.8966 0.5517 0.0000 0.0000 0.0000
0.8966 0.5862 0.0000 0.0000 0.0000
0.8966 0.6207 0.0000 0.0000 0.0000
0.8966 0.6552 0.0000 0.0000 0.0000
0.8966 0.6897 0.0000 0.0000 0.0000
0.8966 0.7241 0.0000 0.0000 0.0000
0.8966 0.7586 0.0000 0.0000 0.0000
0.8966 0.7931 0.0000 0.0000 0.0000
0.8966 0.8276 0.0000 0.0000 0.0000
0.8966 0.8621 0.0000 0.0000 0.0000
0.8966 0.8966 0.0000 0.0000 0.0000
0.8966 0.9310 0.0000 0.0000 0.0000
0.8966 0.9655 0.0000 0.0000 0.0000
0.8966 1.0000 0.0000 0.0000 0.0000

0.9310 0.0000 0.000000 1.000000 0.616409
0.9310 0.0345 0.945735 0.324940 0.237124
0.9310 0.0690 0.696319 -0.717733 0.644121
0.9310 0.1034 0.0000 0.0000 0.0000
0.9310 0.1379 0.0000 0.0000 0.0000
0.9310 0.1724 0.0000 0.0000 0.0000
0.9310 0.2069 0.0000 0.0000 0.0000
0.9310 0.2414 0.0000 0.0000 0.0000
0.9310 0.2759 0.0000 0.0000 0.0000
0.9310 0.3103 0.0000 0.0000 0.0000
0.9310 0.3448 0.0000 0.0000 0.0000
0.9310 0.3793 0.0000 0.0000 0.0000
0.9310 0.4138 0.0000 0.0000 0.0000
0.9310 0.4483 0.0000 0.0000 0.0000
0.9310 0.4828 0.0000 0.0000 0.0000
0.9310 0.5172 0.0000 0.0000 0.0000
0.9310 0.5517 0.0000 0.0000 0.0000
0.9310 0.5862 0.0000 0.0000 0.0000
0.9310 0.6207 0.0000 0.0000 0.0000
0.9310 0.6552 0.0000 0.0000 0.0000
0.9310 0.6897 0.0000 0.0000 0.0000
0.9310 0.7241 0.0000 0.0000 0.0000
0.9310 0.7586 0.0000 0.0000 0.0000
0.9310 0.7931 0.0000 0.0000 0.0000
0.9310 0.8276 0.0000 0.0000 0.0000
0.9310 0.8621 0.0000 0.0000 0.0000
0.9310 0.8966 0.0000 0.0000 0.0000
0.9310 0.9310 0.0000 0.0000 0.0000
0.9310 0.9655 0.0000 0.0000 0.0000
0.9310 1.0000 0.0000 0.0000 0.0000

0.9655 0.0000 0.000000 1.000000 0.319619
0.9655 0.0345 0.0000 0.0000 0.0000
0.9655 0.0690 0.0000 0.0000 0.0000
0.9655 0.1034 0.0000 0.0000 0.0000
0.9655 0.1379 0.0000 0.0000 0.0000
0.9655 0.1724 0.0000 0.0000 0.0000
0.9655 0.2069 0.0000 0.0000 0.0000
0.9655 0.2414 0.0000 0.0000 0.0000
0.9655 0.2759 0.0000 0.0000 0.0000
0.9655 0.3103 0.0000 0.0000 0.0000
0.9655 0.3448 0.0000 0.0000 0.0000
0.9655 0.3793 0.0000 0.0000 0.0000
0.9655 0.4138 0.0000 0.0000 0.0000
0.9655 0.4483 0.0000 0.0000 0.0000
0.9655 0.4828 0.0000 0.0000 0.0000
0.9655 0.5172 0.0000 0.0000 0.0000
0.9655 0.5517 0.0000 0.0000 0.0000
0.9655 0.5862 0.0000 0.0000 0.0000
0.9655 0.6207 0.0000 0.0000 0.0000
0.9655 0.6552 0.0000 0.0000 0.0000
0.9655 0.6897 0.0000 0.0000 0.0000
0.9655 0.7241 0.0000 0.0000 0.0000
0.9655 0.7586 0.0000 0.0000 0.0000
0.9655 0.7931 0.0000 0.0000 0.0000
0.9655 0.8276 0.0000 0.0000 0.0000
0.9655 0.8621 0.0000 0.0000 0.0000
0.9655 0.8966 0.0000 0.0000 0.0000
0.9655 0.9310 0.0000 0.0000 0.0000
0.9655 0.9655 0.0000 0.0000 0.0000
0.9655 1.0000 0.0000 0.0000 0.0000

1.0000 0.0000 0.000000 0.000000 0.000000
1.0000 0.0345 0.0000 0.0000 0.0000
1.0000 0.0690 0.0000 0.0000 0.0000
1.0000 0.1034 0.0000 0.0000 0.0000
1.0000 0.1379 0.0000 0.0000 0.0000
1.0000 0.1724 0.0000 0.0000 0.0000
1.0000 0.2069 0.0000 0.0000 0.0000
1.0000 0.2414 0.0000 0.0000 0.0000
1.0000 0.2759 0.0000 0.0000 0.0000
1.0000 0.3103 0.0000 0.0000 0.0000
1.0000 0.3448 0.0000 0.0000 0.0000
1.0000 0.3793 0.0000 0.0000 0.0000
1.0000 0.4138 0.0000 0.0000 0.0000
1.0000 0.4483 0.0000 0.0000 0.0000
1.0000 0.4828 0.0000 0.0000 0.0000
1.0000 0.5172 0.0000 0.0000 0.0000
1.0000 0.5517 0.0000 0.0000 0.0000
1.0000 0.5862 0.0000 0.0000 0.0000
1.0000 0.6207 0.0000 0.0000 0.0000
1.0000 0.6552 0.0000 0.0000 0.0000
1.0000 0.6897 0.0000 0.0000 0.0000
1.0000 0.7241 0.0000 0.0000 0.0000
1.0000 0.7586 0.0000 0.0000 0.0000
1.0000 0.7931 0.0000 0.0000 0.0000
1.0000 0.8276 0.0000 0.0000 0.0000
1.0000 0.8621 0.0000 0.0000 0.0000
1.0000 0.8966 0.0000 0.0000 0.0000
1.0000 0.9310 0.0000 0.0000 0.0000
1.0000 0.9655 0.0000 0.0000 0.0000
1.0000 1.0000 0.0000 0.0000 0.0000

