0.0000 0.0000 0.0000 0.0000 0.0000
0.0000 0.0345 0.0000 0.0000 0.0000
0.0000 0.0690 0.0000 0.0000 0.0000
0.0000 0.1034 0.0000 0.0000 0.0000
0.0000 0.1379 0.0000 0.0000 0.0000
0.0000 0.1724 0.0000 0.0000 0.0000
0.0000 0.2069 0.0000 0.0000 0.0000
0.0000 0.2414 0.0000 0.0000 0.0000
0.0000 0.2759 0.0000 0.0000 0.0000
0.0000 0.3103 0.0000 0.0000 0.0000
0.0000 0.3448 0.0000 0.0000 0.0000
0.0000 0.3793 0.0000 0.0000 0.0000
0.0000 0.4138 0.0000 0.0000 0.0000
0.0000 0.4483 0.0000 0.0000 0.0000
0.0000 0.4828 0.0000 0.0000 0.0000
0.0000 0.5172 0.0000 0.0000 0.0000
0.0000 0.5517 0.0000 0.0000 0.0000
0.0000 0.5862 0.0000 0.0000 0.0000
0.0000 0.6207 0.0000 0.0000 0.0000
0.0000 0.6552 0.0000 0.0000 0.0000
0.0000 0.6897 0.0000 0.0000 0.0000
0.0000 0.7241 0.0000 0.0000 0.0000
0.0000 0.7586 0.0000 0.0000 0.0000
0.0000 0.7931 0.0000 0.0000 0.0000
0.0000 0.8276 0.0000 0.0000 0.0000
0.0000 0.8621 0.0000 0.0000 0.0000
0.0000 0.8966 0.0000 0.0000 0.0000
0.0000 0.9310 0.0000 0.0000 0.0000
0.0000 0.9655 0.0000 0.0000 0.0000
0.0000 1.0000 0.0000 0.0000 0.0000

0.0345 0.0000 0.0000 0.0000 0.0000
0.0345 0.0345 -0.050276 0.998735 0.087507
0.0345 0.0690 -0.107250 0.994232 0.082043
0.0345 0.1034 -0.171668 0.985155 0.076885
0.0345 0.1379 -0.244088 0.969753 0.072097
0.0345 0.1724 -0.324638 0.945838 0.067760
0.0345 0.2069 -0.412682 0.910875 0.063965
0.0345 0.2414 -0.506422 0.862286 0.060812
0.0345 0.2759 -0.602603 0.798041 0.058407
0.0345 0.3103 -0.696570 0.717488 0.056844
0.0345 0.3448 -0.782929 0.622111 0.056193
0.0345 0.3793 -0.856749 0.515733 0.056487
0.0345 0.4138 -0.914828 0.403843 0.057710
0.0345 0.4483 -0.956336 0.292269 0.059805
0.0345 0.4828 -0.982570 0.185892 0.062686
0.0345 0.5172 -0.996125 0.087946 0.066250
0.0345 0.5517 -1.000000 0.000000 0.070392
0.0345 0.5862 -0.996979 -0.077666 0.075019
0.0345 0.6207 -0.989347 -0.145580 0.080044
0.0345 0.6552 -0.978830 -0.204677 0.085399
0.0345 0.6897 -0.966667 -0.256036 0.091025
0.0345 0.7241 -0.953712 -0.300720 0.096874
0.0345 0.7586 -0.940533 -0.339701 0.102909
0.0345 0.7931 -0.927496 -0.373832 0.109099
0.0345 0.8276 -0.914828 -0.403843 0.115419
0.0345 0.8621 -0.902662 -0.430350 0.121849
0.0345 0.8966 -0.891068 -0.453870 0.128371
0.0345 0.9310 -0.880075 -0.474835 0.134974
0.0345 0.9655 0.0000 0.0000 0.0000
0.0345 1.0000 0.0000 0.0000 0.0000

0.0690 0.0000 0.0000 0.0000 0.0000
0.0690 0.0345 -0.011315 0.999936 0.168144
0.0690 0.0690 -0.024309 0.999704 0.156527
0.0690 0.1034 -0.039378 0.999224 0.144940
0.0690 0.1379 -0.057050 0.998371 0.133392
0.0690 0.1724 -0.078039 0.996950 0.121894
0.0690 0.2069 -0.103340 0.994646 0.110461
0.0690 0.2414 -0.134364 0.990932 0.099115
0.0690 0.2759 -0.173168 0.984892 0.087891
0.0690 0.3103 -0.222825 0.974859 0.076843
0.0690 0.3448 -0.288008 0.957628 0.066057
0.0690 0.3793 -0.375804 0.926699 0.055687
0.0690 0.4138 -0.496139 0.868243 0.046015
0.0690 0.4483 -0.658057 0.752969 0.037584
0.0690 0.4828 -0.847998 0.529999 0.031409
0.0690 0.5172 -0.985030 0.172380 0.028971
0.0690 0.5517 -0.976900 -0.213697 0.031160
0.0690 0.5862 -0.870205 -0.492690 0.037166
0.0690 0.6207 -0.752577 -0.658505 0.045504
0.0690 0.6552 -0.655751 -0.754977 0.055124
0.0690 0.6897 -0.581238 -0.813733 0.065464
0.0690 0.7241 -0.524097 -0.851658 0.076231
0.0690 0.7586 -0.479616 -0.877479 0.087268
0.0690 0.7931 -0.444314 -0.895871 0.098483
0.0690 0.8276 -0.415760 -0.909474 0.109823
0.0690 0.8621 -0.392262 -0.919854 0.121252
0.0690 0.8966 -0.372626 -0.927982 0.132747
0.0690 0.9310 0.0000 0.0000 0.0000
0.0690 0.9655 0.0000 0.0000 0.0000
0.0690 1.0000 0.0000 0.0000 0.0000

0.1034 0.0000 0.0000 0.0000 0.0000
0.1034 0.0345 0.002455 0.999997 0.242212
0.1034 0.0690 0.005291 0.999986 0.224736
0.1034 0.1034 0.008606 0.999963 0.207261
0.1034 0.1379 0.012530 0.999921 0.189789
0.1034 0.1724 0.017251 0.999851 0.172321
0.1034 0.2069 0.023035 0.999735 0.154857
0.1034 0.2414 0.030289 0.999541 0.137400
0.1034 0.2759 0.039651 0.999214 0.119952
0.1034 0.3103 0.052194 0.998637 0.102518
0.1034 0.3448 0.069857 0.997557 0.085107
0.1034 0.3793 0.096549 0.995328 0.067736
0.1034 0.4138 0.141421 0.989949 0.050448
0.1034 0.4483 0.231620 0.972806 0.033369
0.1034 0.4828 0.485643 0.874157 0.017139
0.1034 0.5172 0.962964 -0.269630 0.009261
0.1034 0.5517 0.429934 -0.902861 0.022125
0.1034 0.5862 0.260523 -0.965468 0.038795
0.1034 0.6207 0.191211 -0.981549 0.055967
0.1034 0.6552 0.154129 -0.988051 0.073290
0.1034 0.6897 0.131133 -0.991365 0.090676
0.1034 0.7241 0.115501 -0.993307 0.108096
0.1034 0.7586 0.104192 -0.994557 0.125535
0.1034 0.7931 0.095633 -0.995417 0.142986
0.1034 0.8276 0.088932 -0.996038 0.160445
0.1034 0.8621 0.083543 -0.996504 0.177911
0.1034 0.8966 0.0000 0.0000 0.0000
0.1034 0.9310 0.0000 0.0000 0.0000
0.1034 0.9655 0.0000 0.0000 0.0000
0.1034 1.0000 0.0000 0.0000 0.0000

0.1379 0.0000 0.0000 0.0000 0.0000
0.1379 0.0345 0.009984 0.999950 0.309647
0.1379 0.0690 0.021590 0.999767 0.286393
0.1379 0.1034 0.035240 0.999379 0.263184
0.1379 0.1379 0.051519 0.998672 0.240033
0.1379 0.1724 0.071247 0.997459 0.216960
0.1379 0.2069 0.095619 0.995418 0.193992
0.1379 0.2414 0.126428 0.991976 0.171171
0.1379 0.2759 0.166475 0.986046 0.148565
0.1379 0.3103 0.220319 0.975428 0.126290
0.1379 0.3448 0.295684 0.955286 0.104556
0.1379 0.3793 0.405875 0.913929 0.083787
0.1379 0.4138 0.571494 0.820606 0.064915
0.1379 0.4483 0.801705 0.597721 0.050131
0.1379 0.4828 0.988372 0.152057 0.043791
0.1379 0.5172 0.941195 -0.337865 0.049271
0.1379 0.5517 0.777941 -0.628337 0.063584
0.1379 0.5862 0.639046 -0.769169 0.082242
0.1379 0.6207 0.540758 -0.841178 0.102908
0.1379 0.6552 0.471480 -0.881877 0.124586
0.1379 0.6897 0.421111 -0.907009 0.146829
0.1379 0.7241 0.383220 -0.923657 0.169414
0.1379 0.7586 0.353834 -0.935308 0.192221
0.1379 0.7931 0.330449 -0.943824 0.215180
0.1379 0.8276 0.311432 -0.950268 0.238245
0.1379 0.8621 0.0000 0.0000 0.0000
0.1379 0.8966 0.0000 0.0000 0.0000
0.1379 0.9310 0.0000 0.0000 0.0000
0.1379 0.9655 0.0000 0.0000 0.0000
0.1379 1.0000 0.0000 0.0000 0.0000

0.1724 0.0000 0.0000 0.0000 0.0000
0.1724 0.0345 0.015087 0.999886 0.370435
0.1724 0.0690 0.032735 0.999464 0.341443
0.1724 0.1034 0.053637 0.998561 0.312578
0.1724 0.1379 0.078746 0.996895 0.283878
0.1724 0.1724 0.109409 0.993997 0.255398
0.1724 0.2069 0.147573 0.989051 0.227220
0.1724 0.2414 0.196116 0.980581 0.199474
0.1724 0.2759 0.259380 0.965775 0.172368
0.1724 0.3103 0.343896 0.939008 0.146257
0.1724 0.3448 0.458892 0.888492 0.121784
0.1724 0.3793 0.613776 0.789480 0.100158
0.1724 0.4138 0.802043 0.597266 0.083615
0.1724 0.4483 0.961346 0.275344 0.075573
0.1724 0.4828 0.994389 -0.105786 0.078682
0.1724 0.5172 0.913009 -0.407940 0.091816
0.1724 0.5517 0.802043 -0.597266 0.111487
0.1724 0.5862 0.704457 -0.709747 0.134864
0.1724 0.6207 0.627404 -0.778694 0.160334
0.1724 0.6552 0.567688 -0.823244 0.187045
0.1724 0.6897 0.521002 -0.853556 0.214532
0.1724 0.7241 0.483894 -0.875127 0.242533
0.1724 0.7586 0.453873 -0.891066 0.270888
0.1724 0.7931 0.429178 -0.903220 0.299497
0.1724 0.8276 0.0000 0.0000 0.0000
0.1724 0.8621 0.0000 0.0000 0.0000
0.1724 0.8966 0.0000 0.0000 0.0000
0.1724 0.9310 0.0000 0.0000 0.0000
0.1724 0.9655 0.0000 0.0000 0.0000
0.1724 1.0000 0.0000 0.0000 0.0000

0.2069 0.0000 0.0000 0.0000 0.0000
0.2069 0.0345 0.019044 0.999819 0.424572
0.2069 0.0690 0.041478 0.999139 0.389872
0.2069 0.1034 0.068251 0.997668 0.355407
0.2069 0.1379 0.100676 0.994919 0.321252
0.2069 0.1724 0.140611 0.990065 0.287518
0.2069 0.2069 0.190720 0.981645 0.254372
0.2069 0.2414 0.254862 0.966977 0.222078
0.2069 0.2759 0.338543 0.940951 0.191068
0.2069 0.3103 0.448973 0.893545 0.162082
0.2069 0.3448 0.592723 0.805406 0.136415
0.2069 0.3793 0.764858 0.644199 0.116285
0.2069 0.4138 0.924678 0.380750 0.104931
0.2069 0.4483 0.998873 0.047458 0.105232
0.2069 0.4828 0.966705 -0.255893 0.117097
0.2069 0.5172 0.881634 -0.471934 0.137567
0.2069 0.5517 0.791541 -0.611116 0.163440
0.2069 0.5862 0.713867 -0.700281 0.192550
0.2069 0.6207 0.650791 -0.759257 0.223637
0.2069 0.6552 0.600149 -0.799889 0.255981
0.2069 0.6897 0.559247 -0.829001 0.289161
0.2069 0.7241 0.525822 -0.850595 0.322919
0.2069 0.7586 0.498146 -0.867093 0.357091
0.2069 0.7931 0.0000 0.0000 0.0000
0.2069 0.8276 0.0000 0.0000 0.0000
0.2069 0.8621 0.0000 0.0000 0.0000
0.2069 0.8966 0.0000 0.0000 0.0000
0.2069 0.9310 0.0000 0.0000 0.0000
0.2069 0.9655 0.0000 0.0000 0.0000
0.2069 1.0000 0.0000 0.0000 0.0000

0.2414 0.0000 0.0000 0.0000 0.0000
0.2414 0.0345 0.022418 0.999749 0.472057
0.2414 0.0690 0.049031 0.998797 0.431673
0.2414 0.1034 0.081060 0.996709 0.391657
0.2414 0.1379 0.120210 0.992748 0.352137
0.2414 0.1724 0.168890 0.985635 0.313300
0.2414 0.2069 0.230531 0.973065 0.275433
0.2414 0.2414 0.309952 0.950752 0.239000
0.2414 0.2759 0.413453 0.910526 0.204766
0.2414 0.3103 0.547268 0.836958 0.174035
0.2414 0.3448 0.710292 0.703907 0.148990
0.2414 0.3793 0.876008 0.482297 0.132886
0.2414 0.4138 0.983574 0.180506 0.129112
0.2414 0.4483 0.992025 -0.126040 0.138680
0.2414 0.4828 0.930624 -0.365976 0.159202
0.2414 0.5172 0.848391 -0.529370 0.187107
0.2414 0.5517 0.771054 -0.636769 0.219598
0.2414 0.5862 0.705706 -0.708505 0.254929
0.2414 0.6207 0.652198 -0.758048 0.292070
0.2414 0.6552 0.608545 -0.793519 0.330411
0.2414 0.6897 0.572685 -0.819776 0.369580
0.2414 0.7241 0.542914 -0.839788 0.409338
0.2414 0.7586 0.0000 0.0000 0.0000
0.2414 0.7931 0.0000 0.0000 0.0000
0.2414 0.8276 0.0000 0.0000 0.0000
0.2414 0.8621 0.0000 0.0000 0.0000
0.2414 0.8966 0.0000 0.0000 0.0000
0.2414 0.9310 0.0000 0.0000 0.0000
0.2414 0.9655 0.0000 0.0000 0.0000
0.2414 1.0000 0.0000 0.0000 0.0000

0.2759 0.0000 0.0000 0.0000 0.0000
0.2759 0.0345 0.025502 0.999675 0.512890
0.2759 0.0690 0.056034 0.998429 0.466845
0.2759 0.1034 0.093131 0.995654 0.421332
0.2759 0.1379 0.138945 0.990300 0.376542
0.2759 0.1724 0.196528 0.980498 0.332768
0.2759 0.2069 0.270177 0.962811 0.290469
0.2759 0.2414 0.365652 0.930751 0.250395
0.2759 0.2759 0.489416 0.872050 0.213800
0.2759 0.3103 0.644016 0.765012 0.182786
0.2759 0.3448 0.814333 0.580398 0.160618
0.2759 0.3793 0.951323 0.308197 0.151238
0.2759 0.4138 1.000000 0.000000 0.156956
0.2759 0.4483 0.964421 -0.264373 0.176309
0.2759 0.4828 0.891163 -0.453683 0.205479
0.2759 0.5172 0.814333 -0.580398 0.240927
0.2759 0.5517 0.746660 -0.665206 0.280281
0.2759 0.5862 0.690300 -0.723523 0.322113
0.2759 0.6207 0.644016 -0.765012 0.365572
0.2759 0.6552 0.605921 -0.795525 0.410142
0.2759 0.6897 0.574303 -0.818643 0.455497
0.2759 0.7241 0.0000 0.0000 0.0000
0.2759 0.7586 0.0000 0.0000 0.0000
0.2759 0.7931 0.0000 0.0000 0.0000
0.2759 0.8276 0.0000 0.0000 0.0000
0.2759 0.8621 0.0000 0.0000 0.0000
0.2759 0.8966 0.0000 0.0000 0.0000
0.2759 0.9310 0.0000 0.0000 0.0000
0.2759 0.9655 0.0000 0.0000 0.0000
0.2759 1.0000 0.0000 0.0000 0.0000

0.3103 0.0000 0.0000 0.0000 0.0000
0.3103 0.0345 0.028473 0.999595 0.547071
0.3103 0.0690 0.062886 0.998021 0.495392
0.3103 0.1034 0.105144 0.994457 0.444437
0.3103 0.1379 0.157943 0.987448 0.394488
0.3103 0.1724 0.225111 0.974333 0.345979
0.3103 0.2069 0.311938 0.950102 0.299611
0.3103 0.2414 0.425016 0.905186 0.256548
0.3103 0.2759 0.569662 0.821879 0.218750
0.3103 0.3103 0.740196 0.672392 0.189396
0.3103 0.3448 0.901201 0.433402 0.172844
0.3103 0.3793 0.991508 0.130045 0.172811
0.3103 0.4138 0.987394 -0.158284 0.189307
0.3103 0.4483 0.926247 -0.376917 0.218621
0.3103 0.4828 0.850542 -0.525908 0.256394
0.3103 0.5172 0.780287 -0.625421 0.299441
0.3103 0.5517 0.720727 -0.693219 0.345799
0.3103 0.5862 0.671576 -0.740935 0.394302
0.3103 0.6207 0.631137 -0.775672 0.444247
0.3103 0.6552 0.597654 -0.801754 0.495198
0.3103 0.6897 0.0000 0.0000 0.0000
0.3103 0.7241 0.0000 0.0000 0.0000
0.3103 0.7586 0.0000 0.0000 0.0000
0.3103 0.7931 0.0000 0.0000 0.0000
0.3103 0.8276 0.0000 0.0000 0.0000
0.3103 0.8621 0.0000 0.0000 0.0000
0.3103 0.8966 0.0000 0.0000 0.0000
0.3103 0.9310 0.0000 0.0000 0.0000
0.3103 0.9655 0.0000 0.0000 0.0000
0.3103 1.0000 0.0000 0.0000 0.0000

0.3448 0.0000 0.0000 0.0000 0.0000
0.3448 0.0345 0.031454 0.999505 0.574601
0.3448 0.0690 0.069875 0.997556 0.517317
0.3448 0.1034 0.117619 0.993059 0.460988
0.3448 0.1379 0.178061 0.984020 0.406013
0.3448 0.1724 0.255985 0.966681 0.353023
0.3448 0.2069 0.357822 0.933790 0.303062
0.3448 0.2414 0.490568 0.871403 0.257897
0.3448 0.2759 0.655751 0.754977 0.220495
0.3448 0.3103 0.832612 0.553857 0.195365
0.3448 0.3448 0.963880 0.266335 0.187510
0.3448 0.3793 0.999125 -0.041829 0.198985
0.3448 0.4138 0.955960 -0.293497 0.226876
0.3448 0.4483 0.883069 -0.469242 0.266070
0.3448 0.4828 0.810117 -0.586269 0.312340
0.3448 0.5172 0.746867 -0.664974 0.362991
0.3448 0.5517 0.694431 -0.719559 0.416426
0.3448 0.5862 0.651372 -0.758758 0.471701
0.3448 0.6207 0.615871 -0.787847 0.528239
0.3448 0.6552 0.0000 0.0000 0.0000
0.3448 0.6897 0.0000 0.0000 0.0000
0.3448 0.7241 0.0000 0.0000 0.0000
0.3448 0.7586 0.0000 0.0000 0.0000
0.3448 0.7931 0.0000 0.0000 0.0000
0.3448 0.8276 0.0000 0.0000 0.0000
0.3448 0.8621 0.0000 0.0000 0.0000
0.3448 0.8966 0.0000 0.0000 0.0000
0.3448 0.9310 0.0000 0.0000 0.0000
0.3448 0.9655 0.0000 0.0000 0.0000
0.3448 1.0000 0.0000 0.0000 0.0000

0.3793 0.0000 0.0000 0.0000 0.0000
0.3793 0.0345 0.034545 0.999403 0.595480
0.3793 0.0690 0.077243 0.997012 0.532626
0.3793 0.1034 0.131023 0.991379 0.471004
0.3793 0.1379 0.200119 0.979772 0.411171
0.3793 0.1724 0.290520 0.956869 0.354033
0.3793 0.2069 0.409872 0.912143 0.301129
0.3793 0.2414 0.564450 0.825467 0.255107
0.3793 0.2759 0.746933 0.664900 0.220322
0.3793 0.3103 0.913594 0.406628 0.202647
0.3793 0.3448 0.996061 0.088667 0.206521
0.3793 0.3793 0.980142 -0.198295 0.230863
0.3793 0.4138 0.913594 -0.406628 0.270196
0.3793 0.4483 0.838248 -0.545290 0.319022
0.3793 0.4828 0.770771 -0.637112 0.373639
0.3793 0.5172 0.714502 -0.699634 0.431855
0.3793 0.5517 0.668431 -0.743774 0.492395
0.3793 0.5862 0.630665 -0.776055 0.554498
0.3793 0.6207 0.0000 0.0000 0.0000
0.3793 0.6552 0.0000 0.0000 0.0000
0.3793 0.6897 0.0000 0.0000 0.0000
0.3793 0.7241 0.0000 0.0000 0.0000
0.3793 0.7586 0.0000 0.0000 0.0000
0.3793 0.7931 0.0000 0.0000 0.0000
0.3793 0.8276 0.0000 0.0000 0.0000
0.3793 0.8621 0.0000 0.0000 0.0000
0.3793 0.8966 0.0000 0.0000 0.0000
0.3793 0.9310 0.0000 0.0000 0.0000
0.3793 0.9655 0.0000 0.0000 0.0000
0.3793 1.0000 0.0000 0.0000 0.0000

0.4138 0.0000 0.0000 0.0000 0.0000
0.4138 0.0345 0.037834 0.999284 0.609711
0.4138 0.0690 0.085227 0.996362 0.541327
0.4138 0.1034 0.145840 0.989308 0.474515
0.4138 0.1379 0.225029 0.974352 0.410041
0.4138 0.1724 0.330290 0.943880 0.349205
0.4138 0.2069 0.470337 0.882487 0.294272
0.4138 0.2414 0.648036 0.761610 0.249175
0.4138 0.2759 0.838641 0.544684 0.220049
0.4138 0.3103 0.972266 0.233878 0.213532
0.4138 0.3448 0.996271 -0.086275 0.231541
0.4138 0.3793 0.942598 -0.333929 0.269198
0.4138 0.4138 0.866037 -0.499980 0.319632
0.4138 0.4483 0.793839 -0.608128 0.377760
0.4138 0.4828 0.733063 -0.680161 0.440547
0.4138 0.5172 0.683472 -0.729977 0.506263
0.4138 0.5517 0.643114 -0.765770 0.573902
0.4138 0.5862 0.610015 -0.792390 0.642857
0.4138 0.6207 0.0000 0.0000 0.0000
0.4138 0.6552 0.0000 0.0000 0.0000
0.4138 0.6897 0.0000 0.0000 0.0000
0.4138 0.7241 0.0000 0.0000 0.0000
0.4138 0.7586 0.0000 0.0000 0.0000
0.4138 0.7931 0.0000 0.0000 0.0000
0.4138 0.8276 0.0000 0.0000 0.0000
0.4138 0.8621 0.0000 0.0000 0.0000
0.4138 0.8966 0.0000 0.0000 0.0000
0.4138 0.9310 0.0000 0.0000 0.0000
0.4138 0.9655 0.0000 0.0000 0.0000
0.4138 1.0000 0.0000 0.0000 0.0000

0.4483 0.0000 0.0000 0.0000 0.0000
0.4483 0.0345 0.041414 0.999142 0.617295
0.4483 0.0690 0.094086 0.995564 0.543433
0.4483 0.1034 0.162640 0.986685 0.471558
0.4483 0.1379 0.253912 0.967227 0.402735
0.4483 0.1724 0.377252 0.926111 0.338829
0.4483 0.2069 0.541649 0.840605 0.283189
0.4483 0.2414 0.740719 0.671815 0.241594
0.4483 0.2759 0.920908 0.389780 0.222083
0.4483 0.3103 0.998896 0.046977 0.230338
0.4483 0.3448 0.969234 -0.246140 0.263763
0.4483 0.3793 0.894352 -0.447365 0.314432
0.4483 0.4138 0.817143 -0.576434 0.375427
0.4483 0.4483 0.751060 -0.660234 0.442498
0.4483 0.4828 0.697310 -0.716770 0.513269
0.4483 0.5172 0.653942 -0.756545 0.586401
0.4483 0.5517 0.0000 0.0000 0.0000
0.4483 0.5862 0.0000 0.0000 0.0000
0.4483 0.6207 0.0000 0.0000 0.0000
0.4483 0.6552 0.0000 0.0000 0.0000
0.4483 0.6897 0.0000 0.0000 0.0000
0.4483 0.7241 0.0000 0.0000 0.0000
0.4483 0.7586 0.0000 0.0000 0.0000
0.4483 0.7931 0.0000 0.0000 0.0000
0.4483 0.8276 0.0000 0.0000 0.0000
0.4483 0.8621 0.0000 0.0000 0.0000
0.4483 0.8966 0.0000 0.0000 0.0000
0.4483 0.9310 0.0000 0.0000 0.0000
0.4483 0.9655 0.0000 0.0000 0.0000
0.4483 1.0000 0.0000 0.0000 0.0000

0.4828 0.0000 0.0000 0.0000 0.0000
0.4828 0.0345 0.045390 0.998969 0.618235
0.4828 0.0690 0.104134 0.994563 0.538959
0.4828 0.1034 0.182145 0.983272 0.462191
0.4828 0.1379 0.288244 0.957557 0.389417
0.4828 0.1724 0.433926 0.900948 0.323348
0.4828 0.2069 0.625988 0.779833 0.268968
0.4828 0.2414 0.837469 0.546484 0.234555
0.4828 0.2759 0.979118 0.203292 0.229282
0.4828 0.3103 0.990556 -0.137111 0.254964
0.4828 0.3448 0.923539 -0.383504 0.303851
0.4828 0.3793 0.841600 -0.540102 0.366778
0.4828 0.4138 0.769289 -0.638901 0.437731
0.4828 0.4483 0.710572 -0.703624 0.513394
0.4828 0.4828 0.663665 -0.748030 0.591963
0.4828 0.5172 0.0000 0.0000 0.0000
0.4828 0.5517 0.0000 0.0000 0.0000
0.4828 0.5862 0.0000 0.0000 0.0000
0.4828 0.6207 0.0000 0.0000 0.0000
0.4828 0.6552 0.0000 0.0000 0.0000
0.4828 0.6897 0.0000 0.0000 0.0000
0.4828 0.7241 0.0000 0.0000 0.0000
0.4828 0.7586 0.0000 0.0000 0.0000
0.4828 0.7931 0.0000 0.0000 0.0000
0.4828 0.8276 0.0000 0.0000 0.0000
0.4828 0.8621 0.0000 0.0000 0.0000
0.4828 0.8966 0.0000 0.0000 0.0000
0.4828 0.9310 0.0000 0.0000 0.0000
0.4828 0.9655 0.0000 0.0000 0.0000
0.4828 1.0000 0.0000 0.0000 0.0000

0.5172 0.0000 0.0000 0.0000 0.0000
0.5172 0.0345 0.049889 0.998755 0.612534
0.5172 0.0690 0.115770 0.993276 0.527925
0.5172 0.1034 0.205326 0.978694 0.446493
0.5172 0.1379 0.330064 0.943958 0.370338
0.5172 0.1724 0.503506 0.863992 0.303461
0.5172 0.2069 0.723803 0.690007 0.253319
0.5172 0.2414 0.925719 0.378212 0.231077
0.5172 0.2759 1.000000 0.000000 0.244471
0.5172 0.3103 0.953039 -0.302846 0.288582
0.5172 0.3448 0.868035 -0.496503 0.352046
0.5172 0.3793 0.788510 -0.615021 0.426307
0.5172 0.4138 0.723803 -0.690007 0.506638
0.5172 0.4483 0.672683 -0.739931 0.590568
0.5172 0.4828 0.0000 0.0000 0.0000
0.5172 0.5172 0.0000 0.0000 0.0000
0.5172 0.5517 0.0000 0.0000 0.0000
0.5172 0.5862 0.0000 0.0000 0.0000
0.5172 0.6207 0.0000 0.0000 0.0000
0.5172 0.6552 0.0000 0.0000 0.0000
0.5172 0.6897 0.0000 0.0000 0.0000
0.5172 0.7241 0.0000 0.0000 0.0000
0.5172 0.7586 0.0000 0.0000 0.0000
0.5172 0.7931 0.0000 0.0000 0.0000
0.5172 0.8276 0.0000 0.0000 0.0000
0.5172 0.8621 0.0000 0.0000 0.0000
0.5172 0.8966 0.0000 0.0000 0.0000
0.5172 0.9310 0.0000 0.0000 0.0000
0.5172 0.9655 0.0000 0.0000 0.0000
0.5172 1.0000 0.0000 0.0000 0.0000

0.5517 0.0000 0.0000 0.0000 0.0000
0.5517 0.0345 0.055075 0.998482 0.600198
0.5517 0.0690 0.129538 0.991574 0.510364
0.5517 0.1034 0.233564 0.972342 0.424585
0.5517 0.1379 0.382271 0.924050 0.345890
0.5517 0.1724 0.589634 0.807671 0.280309
0.5517 0.2069 0.830208 0.557454 0.238898
0.5517 0.2414 0.985419 0.170144 0.234815
0.5517 0.2759 0.980308 -0.197472 0.269759
0.5517 0.3103 0.897136 -0.441755 0.331614
0.5517 0.3448 0.809541 -0.587063 0.408329
0.5517 0.3793 0.737534 -0.675310 0.493014
0.5517 0.4138 0.681328 -0.731978 0.582202
0.5517 0.4483 0.0000 0.0000 0.0000
0.5517 0.4828 0.0000 0.0000 0.0000
0.5517 0.5172 0.0000 0.0000 0.0000
0.5517 0.5517 0.0000 0.0000 0.0000
0.5517 0.5862 0.0000 0.0000 0.0000
0.5517 0.6207 0.0000 0.0000 0.0000
0.5517 0.6552 0.0000 0.0000 0.0000
0.5517 0.6897 0.0000 0.0000 0.0000
0.5517 0.7241 0.0000 0.0000 0.0000
0.5517 0.7586 0.0000 0.0000 0.0000
0.5517 0.7931 0.0000 0.0000 0.0000
0.5517 0.8276 0.0000 0.0000 0.0000
0.5517 0.8621 0.0000 0.0000 0.0000
0.5517 0.8966 0.0000 0.0000 0.0000
0.5517 0.9310 0.0000 0.0000 0.0000
0.5517 0.9655 0.0000 0.0000 0.0000
0.5517 1.0000 0.0000 0.0000 0.0000

0.5862 0.0000 0.0000 0.0000 0.0000
0.5862 0.0345 0.061168 0.998127 0.581231
0.5862 0.0690 0.146212 0.989253 0.486320
0.5862 0.1034 0.268896 0.963169 0.396654
0.5862 0.1379 0.449015 0.893524 0.316719
0.5862 0.1724 0.694918 0.719089 0.255807
0.5862 0.2069 0.929118 0.369783 0.229591
0.5862 0.2414 0.998388 -0.056765 0.249272
0.5862 0.2759 0.929118 -0.369783 0.306122
0.5862 0.3103 0.833334 -0.552769 0.383971
0.5862 0.3448 0.752358 -0.658754 0.472553
0.5862 0.3793 0.689912 -0.723893 0.566858
0.5862 0.4138 0.642083 -0.766635 0.664454
0.5862 0.4483 0.0000 0.0000 0.0000
0.5862 0.4828 0.0000 0.0000 0.0000
0.5862 0.5172 0.0000 0.0000 0.0000
0.5862 0.5517 0.0000 0.0000 0.0000
0.5862 0.5862 0.0000 0.0000 0.0000
0.5862 0.6207 0.0000 0.0000 0.0000
0.5862 0.6552 0.0000 0.0000 0.0000
0.5862 0.6897 0.0000 0.0000 0.0000
0.5862 0.7241 0.0000 0.0000 0.0000
0.5862 0.7586 0.0000 0.0000 0.0000
0.5862 0.7931 0.0000 0.0000 0.0000
0.5862 0.8276 0.0000 0.0000 0.0000
0.5862 0.8621 0.0000 0.0000 0.0000
0.5862 0.8966 0.0000 0.0000 0.0000
0.5862 0.9310 0.0000 0.0000 0.0000
0.5862 0.9655 0.0000 0.0000 0.0000
0.5862 1.0000 0.0000 0.0000 0.0000

0.6207 0.0000 0.0000 0.0000 0.0000
0.6207 0.0345 0.068479 0.997653 0.555644
0.6207 0.0690 0.166936 0.985968 0.455862
0.6207 0.1034 0.314458 0.949271 0.363005
0.6207 0.1379 0.536008 0.844213 0.283950
0.6207 0.1724 0.815864 0.578244 0.233188
0.6207 0.2069 0.991496 0.130134 0.230258
0.6207 0.2414 0.962651 -0.270746 0.276683
0.6207 0.2759 0.861034 -0.508548 0.353528
0.6207 0.3103 0.769009 -0.639238 0.445313
0.6207 0.3448 0.698760 -0.715356 0.544535
0.6207 0.3793 0.0000 0.0000 0.0000
0.6207 0.4138 0.0000 0.0000 0.0000
0.6207 0.4483 0.0000 0.0000 0.0000
0.6207 0.4828 0.0000 0.0000 0.0000
0.6207 0.5172 0.0000 0.0000 0.0000
0.6207 0.5517 0.0000 0.0000 0.0000
0.6207 0.5862 0.0000 0.0000 0.0000
0.6207 0.6207 0.0000 0.0000 0.0000
0.6207 0.6552 0.0000 0.0000 0.0000
0.6207 0.6897 0.0000 0.0000 0.0000
0.6207 0.7241 0.0000 0.0000 0.0000
0.6207 0.7586 0.0000 0.0000 0.0000
0.6207 0.7931 0.0000 0.0000 0.0000
0.6207 0.8276 0.0000 0.0000 0.0000
0.6207 0.8621 0.0000 0.0000 0.0000
0.6207 0.8966 0.0000 0.0000 0.0000
0.6207 0.9310 0.0000 0.0000 0.0000
0.6207 0.9655 0.0000 0.0000 0.0000
0.6207 1.0000 0.0000 0.0000 0.0000

0.6552 0.0000 0.0000 0.0000 0.0000
0.6552 0.0345 0.077461 0.996995 0.523451
0.6552 0.0690 0.193496 0.981101 0.419098
0.6552 0.1034 0.375245 0.926926 0.324164
0.6552 0.1379 0.649692 0.760197 0.249638
0.6552 0.1724 0.931645 0.363369 0.217609
0.6552 0.2069 0.991654 -0.128925 0.245329
0.6552 0.2414 0.893902 -0.448262 0.317517
0.6552 0.2759 0.788480 -0.615061 0.411394
0.6552 0.3103 0.708260 -0.705952 0.515239
0.6552 0.3448 0.0000 0.0000 0.0000
0.6552 0.3793 0.0000 0.0000 0.0000
0.6552 0.4138 0.0000 0.0000 0.0000
0.6552 0.4483 0.0000 0.0000 0.0000
0.6552 0.4828 0.0000 0.0000 0.0000
0.6552 0.5172 0.0000 0.0000 0.0000
0.6552 0.5517 0.0000 0.0000 0.0000
0.6552 0.5862 0.0000 0.0000 0.0000
0.6552 0.6207 0.0000 0.0000 0.0000
0.6552 0.6552 0.0000 0.0000 0.0000
0.6552 0.6897 0.0000 0.0000 0.0000
0.6552 0.7241 0.0000 0.0000 0.0000
0.6552 0.7586 0.0000 0.0000 0.0000
0.6552 0.7931 0.0000 0.0000 0.0000
0.6552 0.8276 0.0000 0.0000 0.0000
0.6552 0.8621 0.0000 0.0000 0.0000
0.6552 0.8966 0.0000 0.0000 0.0000
0.6552 0.9310 0.0000 0.0000 0.0000
0.6552 0.9655 0.0000 0.0000 0.0000
0.6552 1.0000 0.0000 0.0000 0.0000

0.6897 0.0000 0.0000 0.0000 0.0000
0.6897 0.0345 0.088810 0.996049 0.484674
0.6897 0.0690 0.228828 0.973467 0.376213
0.6897 0.1034 0.459354 0.888253 0.281117
0.6897 0.1379 0.790997 0.611821 0.217670
0.6897 0.1724 0.997022 0.077118 0.215863
0.6897 0.2069 0.932680 -0.360705 0.276905
0.6897 0.2414 0.812215 -0.583359 0.370971
0.6897 0.2759 0.718922 -0.695091 0.478984
0.6897 0.3103 0.0000 0.0000 0.0000
0.6897 0.3448 0.0000 0.0000 0.0000
0.6897 0.3793 0.0000 0.0000 0.0000
0.6897 0.4138 0.0000 0.0000 0.0000
0.6897 0.4483 0.0000 0.0000 0.0000
0.6897 0.4828 0.0000 0.0000 0.0000
0.6897 0.5172 0.0000 0.0000 0.0000
0.6897 0.5517 0.0000 0.0000 0.0000
0.6897 0.5862 0.0000 0.0000 0.0000
0.6897 0.6207 0.0000 0.0000 0.0000
0.6897 0.6552 0.0000 0.0000 0.0000
0.6897 0.6897 0.0000 0.0000 0.0000
0.6897 0.7241 0.0000 0.0000 0.0000
0.6897 0.7586 0.0000 0.0000 0.0000
0.6897 0.7931 0.0000 0.0000 0.0000
0.6897 0.8276 0.0000 0.0000 0.0000
0.6897 0.8621 0.0000 0.0000 0.0000
0.6897 0.8966 0.0000 0.0000 0.0000
0.6897 0.9310 0.0000 0.0000 0.0000
0.6897 0.9655 0.0000 0.0000 0.0000
0.6897 1.0000 0.0000 0.0000 0.0000

0.7241 0.0000 0.0000 0.0000 0.0000
0.7241 0.0345 0.103656 0.994613 0.439346
0.7241 0.0690 0.278076 0.960559 0.327544
0.7241 0.1034 0.579234 0.815162 0.235869
0.7241 0.1379 0.933597 0.358326 0.195121
0.7241 0.1724 0.974494 -0.224414 0.233665
0.7241 0.2069 0.842391 -0.538866 0.324370
0.7241 0.2414 0.731500 -0.681842 0.435799
0.7241 0.2759 0.0000 0.0000 0.0000
0.7241 0.3103 0.0000 0.0000 0.0000
0.7241 0.3448 0.0000 0.0000 0.0000
0.7241 0.3793 0.0000 0.0000 0.0000
0.7241 0.4138 0.0000 0.0000 0.0000
0.7241 0.4483 0.0000 0.0000 0.0000
0.7241 0.4828 0.0000 0.0000 0.0000
0.7241 0.5172 0.0000 0.0000 0.0000
0.7241 0.5517 0.0000 0.0000 0.0000
0.7241 0.5862 0.0000 0.0000 0.0000
0.7241 0.6207 0.0000 0.0000 0.0000
0.7241 0.6552 0.0000 0.0000 0.0000
0.7241 0.6897 0.0000 0.0000 0.0000
0.7241 0.7241 0.0000 0.0000 0.0000
0.7241 0.7586 0.0000 0.0000 0.0000
0.7241 0.7931 0.0000 0.0000 0.0000
0.7241 0.8276 0.0000 0.0000 0.0000
0.7241 0.8621 0.0000 0.0000 0.0000
0.7241 0.8966 0.0000 0.0000 0.0000
0.7241 0.9310 0.0000 0.0000 0.0000
0.7241 0.9655 0.0000 0.0000 0.0000
0.7241 1.0000 0.0000 0.0000 0.0000

0.7586 0.0000 0.0000 0.0000 0.0000
0.7586 0.0345 0.123959 0.992287 0.387531
0.7586 0.0690 0.350933 0.936401 0.273773
0.7586 0.1034 0.747205 0.664593 0.192871
0.7586 0.1379 1.000000 0.000000 0.192152
0.7586 0.1724 0.882232 -0.470815 0.272253
0.7586 0.2069 0.747205 -0.664593 0.385742
0.7586 0.2414 0.658274 -0.752779 0.510830
0.7586 0.2759 0.0000 0.0000 0.0000
0.7586 0.3103 0.0000 0.0000 0.0000
0.7586 0.3448 0.0000 0.0000 0.0000
0.7586 0.3793 0.0000 0.0000 0.0000
0.7586 0.4138 0.0000 0.0000 0.0000
0.7586 0.4483 0.0000 0.0000 0.0000
0.7586 0.4828 0.0000 0.0000 0.0000
0.7586 0.5172 0.0000 0.0000 0.0000
0.7586 0.5517 0.0000 0.0000 0.0000
0.7586 0.5862 0.0000 0.0000 0.0000
0.7586 0.6207 0.0000 0.0000 0.0000
0.7586 0.6552 0.0000 0.0000 0.0000
0.7586 0.6897 0.0000 0.0000 0.0000
0.7586 0.7241 0.0000 0.0000 0.0000
0.7586 0.7586 0.0000 0.0000 0.0000
0.7586 0.7931 0.0000 0.0000 0.0000
0.7586 0.8276 0.0000 0.0000 0.0000
0.7586 0.8621 0.0000 0.0000 0.0000
0.7586 0.8966 0.0000 0.0000 0.0000
0.7586 0.9310 0.0000 0.0000 0.0000
0.7586 0.9655 0.0000 0.0000 0.0000
0.7586 1.0000 0.0000 0.0000 0.0000

0.7931 0.0000 0.0000 0.0000 0.0000
0.7931 0.0345 0.153441 0.988158 0.329346
0.7931 0.0690 0.466878 0.884322 0.216481
0.7931 0.1034 0.935148 0.354256 0.162119
0.7931 0.1379 0.935148 -0.354256 0.216159
0.7931 0.1724 0.768192 -0.640220 0.328922
0.7931 0.2069 0.0000 0.0000 0.0000
0.7931 0.2414 0.0000 0.0000 0.0000
0.7931 0.2759 0.0000 0.0000 0.0000
0.7931 0.3103 0.0000 0.0000 0.0000
0.7931 0.3448 0.0000 0.0000 0.0000
0.7931 0.3793 0.0000 0.0000 0.0000
0.7931 0.4138 0.0000 0.0000 0.0000
0.7931 0.4483 0.0000 0.0000 0.0000
0.7931 0.4828 0.0000 0.0000 0.0000
0.7931 0.5172 0.0000 0.0000 0.0000
0.7931 0.5517 0.0000 0.0000 0.0000
0.7931 0.5862 0.0000 0.0000 0.0000
0.7931 0.6207 0.0000 0.0000 0.0000
0.7931 0.6552 0.0000 0.0000 0.0000
0.7931 0.6897 0.0000 0.0000 0.0000
0.7931 0.7241 0.0000 0.0000 0.0000
0.7931 0.7586 0.0000 0.0000 0.0000
0.7931 0.7931 0.0000 0.0000 0.0000
0.7931 0.8276 0.0000 0.0000 0.0000
0.7931 0.8621 0.0000 0.0000 0.0000
0.7931 0.8966 0.0000 0.0000 0.0000
0.7931 0.9310 0.0000 0.0000 0.0000
0.7931 0.9655 0.0000 0.0000 0.0000
0.7931 1.0000 0.0000 0.0000 0.0000

0.8276 0.0000 0.0000 0.0000 0.0000
0.8276 0.0345 0.200083 0.979779 0.265050
0.8276 0.0690 0.662702 0.748883 0.160048
0.8276 0.1034 0.992209 -0.124582 0.160346
0.8276 0.1379 0.798709 -0.601718 0.265589
0.8276 0.1724 0.0000 0.0000 0.0000
0.8276 0.2069 0.0000 0.0000 0.0000
0.8276 0.2414 0.0000 0.0000 0.0000
0.8276 0.2759 0.0000 0.0000 0.0000
0.8276 0.3103 0.0000 0.0000 0.0000
0.8276 0.3448 0.0000 0.0000 0.0000
0.8276 0.3793 0.0000 0.0000 0.0000
0.8276 0.4138 0.0000 0.0000 0.0000
0.8276 0.4483 0.0000 0.0000 0.0000
0.8276 0.4828 0.0000 0.0000 0.0000
0.8276 0.5172 0.0000 0.0000 0.0000
0.8276 0.5517 0.0000 0.0000 0.0000
0.8276 0.5862 0.0000 0.0000 0.0000
0.8276 0.6207 0.0000 0.0000 0.0000
0.8276 0.6552 0.0000 0.0000 0.0000
0.8276 0.6897 0.0000 0.0000 0.0000
0.8276 0.7241 0.0000 0.0000 0.0000
0.8276 0.7586 0.0000 0.0000 0.0000
0.8276 0.7931 0.0000 0.0000 0.0000
0.8276 0.8276 0.0000 0.0000 0.0000
0.8276 0.8621 0.0000 0.0000 0.0000
0.8276 0.8966 0.0000 0.0000 0.0000
0.8276 0.9310 0.0000 0.0000 0.0000
0.8276 0.9655 0.0000 0.0000 0.0000
0.8276 1.0000 0.0000 0.0000 0.0000

0.8621 0.0000 0.0000 0.0000 0.0000
0.8621 0.0345 0.284275 0.958743 0.195336
0.8621 0.0690 0.936412 0.350904 0.118600
0.8621 0.1034 0.848168 -0.529727 0.196408
0.8621 0.1379 0.664629 -0.747174 0.334196
0.8621 0.1724 0.0000 0.0000 0.0000
0.8621 0.2069 0.0000 0.0000 0.0000
0.8621 0.2414 0.0000 0.0000 0.0000
0.8621 0.2759 0.0000 0.0000 0.0000
0.8621 0.3103 0.0000 0.0000 0.0000
0.8621 0.3448 0.0000 0.0000 0.0000
0.8621 0.3793 0.0000 0.0000 0.0000
0.8621 0.4138 0.0000 0.0000 0.0000
0.8621 0.4483 0.0000 0.0000 0.0000
0.8621 0.4828 0.0000 0.0000 0.0000
0.8621 0.5172 0.0000 0.0000 0.0000
0.8621 0.5517 0.0000 0.0000 0.0000
0.8621 0.5862 0.0000 0.0000 0.0000
0.8621 0.6207 0.0000 0.0000 0.0000
0.8621 0.6552 0.0000 0.0000 0.0000
0.8621 0.6897 0.0000 0.0000 0.0000
0.8621 0.7241 0.0000 0.0000 0.0000
0.8621 0.7586 0.0000 0.0000 0.0000
0.8621 0.7931 0.0000 0.0000 0.0000
0.8621 0.8276 0.0000 0.0000 0.0000
0.8621 0.8621 0.0000 0.0000 0.0000
0.8621 0.8966 0.0000 0.0000 0.0000
0.8621 0.9310 0.0000 0.0000 0.0000
0.8621 0.9655 0.0000 0.0000 0.0000
0.8621 1.0000 0.0000 0.0000 0.0000

0.8966 0.0000 0.0000 0.0000 0.0000
0.8966 0.0345 0.472598 0.881278 0.122781
0.8966 0.0690 0.936959 -0.349440 0.123861
0.8966 0.1034 0.0000 0.0000 0.0000
0.8966 0.1379 0.0000 0.0000 0.0000
0.8966 0.1724 0.0000 0.0000 0.0000
0.8966 0.2069 0.0000 0.0000 0.0000
0.8966 0.2414 0.0000 0.0000 0.0000
0.8966 0.2759 0.0000 0.0000 0.0000
0.8966 0.3103 0.0000 0.0000 0.0000
0.8966 0.3448 0.0000 0.0000 0.0000
0.8966 0.3793 0.0000 0.0000 0.0000
0.8966 0.4138 0.0000 0.0000 0.0000
0.8966 0.4483 0.0000 0.0000 0.0000
0.8966 0.4828 0.0000 0.0000 0.0000
0.8966 0.5172 0.0000 0.0000 0.0000
0.8966 0.5517 0.0000 0.0000 0.0000
0.8966 0.5862 0.0000 0.0000 0.0000
0.8966 0.6207 0.0000 0.0000 0.0000
0.8966 0.6552 0.0000 0.0000 0.0000
0.8966 0.6897 0.0000 0.0000 0.0000
0.8966 0.7241 0.0000 0.0000 0.0000
0.8966 0.7586 0.0000 0.0000 0.0000
0.8966 0.7931 0.0000 0.0000 0.0000
0.8966 0.8276 0.0000 0.0000 0.0000
0.8966 0.8621 0.0000 0.0000 0.0000
0.8966 0.8966 0.0000 0.0000 0.0000
0.8966 0.9310 0.0000 0.0000 0.0000
0.8966 0.9655 0.0000 0.0000 0.0000
0.8966 1.0000 0.0000 0.0000 0.0000

0.9310 0.0000 0.0000 0.0000 0.0000
0.9310 0.0345 0.937460 0.348094 0.064561
0.9310 0.0690 0.668022 -0.744142 0.181201
0.9310 0.1034 0.0000 0.0000 0.0000
0.9310 0.1379 0.0000 0.0000 0.0000
0.9310 0.1724 0.0000 0.0000 0.0000
0.9310 0.2069 0.0000 0.0000 0.0000
0.9310 0.2414 0.0000 0.0000 0.0000
0.9310 0.2759 0.0000 0.0000 0.0000
0.9310 0.3103 0.0000 0.0000 0.0000
0.9310 0.3448 0.0000 0.0000 0.0000
0.9310 0.3793 0.0000 0.0000 0.0000
0.9310 0.4138 0.0000 0.0000 0.0000
0.9310 0.4483 0.0000 0.0000 0.0000
0.9310 0.4828 0.0000 0.0000 0.0000
0.9310 0.5172 0.0000 0.0000 0.0000
0.9310 0.5517 0.0000 0.0000 0.0000
0.9310 0.5862 0.0000 0.0000 0.0000
0.9310 0.6207 0.0000 0.0000 0.0000
0.9310 0.6552 0.0000 0.0000 0.0000
0.9310 0.6897 0.0000 0.0000 0.0000
0.9310 0.7241 0.0000 0.0000 0.0000
0.9310 0.7586 0.0000 0.0000 0.0000
0.9310 0.7931 0.0000 0.0000 0.0000
0.9310 0.8276 0.0000 0.0000 0.0000
0.9310 0.8621 0.0000 0.0000 0.0000
0.9310 0.8966 0.0000 0.0000 0.0000
0.9310 0.9310 0.0000 0.0000 0.0000
0.9310 0.9655 0.0000 0.0000 0.0000
0.9310 1.0000 0.0000 0.0000 0.0000

0.9655 0.0000 0.0000 0.0000 0.0000
0.9655 0.0345 0.0000 0.0000 0.0000
0.9655 0.0690 0.0000 0.0000 0.0000
0.9655 0.1034 0.0000 0.0000 0.0000
0.9655 0.1379 0.0000 0.0000 0.0000
0.9655 0.1724 0.0000 0.0000 0.0000
0.9655 0.2069 0.0000 0.0000 0.0000
0.9655 0.2414 0.0000 0.0000 0.0000
0.9655 0.2759 0.0000 0.0000 0.0000
0.9655 0.3103 0.0000 0.0000 0.0000
0.9655 0.3448 0.0000 0.0000 0.0000
0.9655 0.3793 0.0000 0.0000 0.0000
0.9655 0.4138 0.0000 0.0000 0.0000
0.9655 0.4483 0.0000 0.0000 0.0000
0.9655 0.4828 0.0000 0.0000 0.0000
0.9655 0.5172 0.0000 0.0000 0.0000
0.9655 0.5517 0.0000 0.0000 0.0000
0.9655 0.5862 0.0000 0.0000 0.0000
0.9655 0.6207 0.0000 0.0000 0.0000
0.9655 0.6552 0.0000 0.0000 0.0000
0.9655 0.6897 0.0000 0.0000 0.0000
0.9655 0.7241 0.0000 0.0000 0.0000
0.9655 0.7586 0.0000 0.0000 0.0000
0.9655 0.7931 0.0000 0.0000 0.0000
0.9655 0.8276 0.0000 0.0000 0.0000
0.9655 0.8621 0.0000 0.0000 0.0000
0.9655 0.8966 0.0000 0.0000 0.0000
0.9655 0.9310 0.0000 0.0000 0.0000
0.9655 0.9655 0.0000 0.0000 0.0000
0.9655 1.0000 0.0000 0.0000 0.0000

1.0000 0.0000 0.0000 0.0000 0.0000
1.0000 0.0345 0.0000 0.0000 0.0000
1.0000 0.0690 0.0000 0.0000 0.0000
1.0000 0.1034 0.0000 0.0000 0.0000
1.0000 0.1379 0.0000 0.0000 0.0000
1.0000 0.1724 0.0000 0.0000 0.0000
1.0000 0.2069 0.0000 0.0000 0.0000
1.0000 0.2414 0.0000 0.0000 0.0000
1.0000 0.2759 0.0000 0.0000 0.0000
1.0000 0.3103 0.0000 0.0000 0.0000
1.0000 0.3448 0.0000 0.0000 0.0000
1.0000 0.3793 0.0000 0.0000 0.0000
1.0000 0.4138 0.0000 0.0000 0.0000
1.0000 0.4483 0.0000 0.0000 0.0000
1.0000 0.4828 0.0000 0.0000 0.0000
1.0000 0.5172 0.0000 0.0000 0.0000
1.0000 0.5517 0.0000 0.0000 0.0000
1.0000 0.5862 0.0000 0.0000 0.0000
1.0000 0.6207 0.0000 0.0000 0.0000
1.0000 0.6552 0.0000 0.0000 0.0000
1.0000 0.6897 0.0000 0.0000 0.0000
1.0000 0.7241 0.0000 0.0000 0.0000
1.0000 0.7586 0.0000 0.0000 0.0000
1.0000 0.7931 0.0000 0.0000 0.0000
1.0000 0.8276 0.0000 0.0000 0.0000
1.0000 0.8621 0.0000 0.0000 0.0000
1.0000 0.8966 0.0000 0.0000 0.0000
1.0000 0.9310 0.0000 0.0000 0.0000
1.0000 0.9655 0.0000 0.0000 0.0000
1.0000 1.0000 0.0000 0.0000 0.0000

