0.0000 0.0000 0.0000 0.0000 0.0000
0.0000 0.0345 0.0000 0.0000 0.0000
0.0000 0.0690 0.0000 0.0000 0.0000
0.0000 0.1034 0.0000 0.0000 0.0000
0.0000 0.1379 0.0000 0.0000 0.0000
0.0000 0.1724 0.0000 0.0000 0.0000
0.0000 0.2069 0.0000 0.0000 0.0000
0.0000 0.2414 0.0000 0.0000 0.0000
0.0000 0.2759 0.0000 0.0000 0.0000
0.0000 0.3103 0.0000 0.0000 0.0000
0.0000 0.3448 0.0000 0.0000 0.0000
0.0000 0.3793 0.0000 0.0000 0.0000
0.0000 0.4138 0.0000 0.0000 0.0000
0.0000 0.4483 0.0000 0.0000 0.0000
0.0000 0.4828 0.0000 0.0000 0.0000
0.0000 0.5172 0.0000 0.0000 0.0000
0.0000 0.5517 0.0000 0.0000 0.0000
0.0000 0.5862 0.0000 0.0000 0.0000
0.0000 0.6207 0.0000 0.0000 0.0000
0.0000 0.6552 0.0000 0.0000 0.0000
0.0000 0.6897 0.0000 0.0000 0.0000
0.0000 0.7241 0.0000 0.0000 0.0000
0.0000 0.7586 0.0000 0.0000 0.0000
0.0000 0.7931 0.0000 0.0000 0.0000
0.0000 0.8276 0.0000 0.0000 0.0000
0.0000 0.8621 0.0000 0.0000 0.0000
0.0000 0.8966 0.0000 0.0000 0.0000
0.0000 0.9310 0.0000 0.0000 0.0000
0.0000 0.9655 0.0000 0.0000 0.0000
0.0000 1.0000 0.0000 0.0000 0.0000

0.0345 0.0000 0.0000 0.0000 0.0000
0.0345 0.0345 -0.010884 0.999941 0.174802
0.0345 0.0690 -0.023317 0.999728 0.163183
0.0345 0.1034 -0.037650 0.999291 0.151594
0.0345 0.1379 -0.054341 0.998522 0.140040
0.0345 0.1724 -0.074008 0.997258 0.128533
0.0345 0.2069 -0.097493 0.995236 0.117086
0.0345 0.2414 -0.125973 0.992034 0.105717
0.0345 0.2759 -0.161132 0.986933 0.094457
0.0345 0.3103 -0.205435 0.978671 0.083347
0.0345 0.3448 -0.262562 0.964915 0.072459
0.0345 0.3793 -0.338039 0.941132 0.061908
0.0345 0.4138 -0.439867 0.898063 0.051902
0.0345 0.4483 -0.577555 0.816352 0.042823
0.0345 0.4828 -0.752577 0.658505 0.035392
0.0345 0.5172 -0.925793 0.378032 0.030825
0.0345 0.5517 -1.000000 0.000000 0.030440
0.0345 0.5862 -0.940799 -0.338964 0.034378
0.0345 0.6207 -0.826713 -0.562624 0.041423
0.0345 0.6552 -0.718831 -0.695185 0.050286
0.0345 0.6897 -0.632377 -0.774661 0.060170
0.0345 0.7241 -0.565528 -0.824729 0.070646
0.0345 0.7586 -0.513637 -0.858007 0.081487
0.0345 0.7931 -0.472720 -0.881212 0.092565
0.0345 0.8276 -0.439867 -0.898063 0.103804
0.0345 0.8621 -0.413025 -0.910720 0.115156
0.0345 0.8966 -0.390743 -0.920500 0.126592
0.0345 0.9310 -0.371984 -0.928239 0.138090
0.0345 0.9655 0.0000 0.0000 0.0000
0.0345 1.0000 0.0000 0.0000 0.0000

0.0690 0.0000 0.0000 0.0000 0.0000
0.0690 0.0345 0.009193 0.999958 0.336281
0.0690 0.0690 0.019753 0.999805 0.313022
0.0690 0.1034 0.032003 0.999488 0.289804
0.0690 0.1379 0.046379 0.998924 0.266636
0.0690 0.1724 0.063473 0.997984 0.243535
0.0690 0.2069 0.084116 0.996456 0.220520
0.0690 0.2414 0.109507 0.993986 0.197621
0.0690 0.2759 0.141421 0.989949 0.174885
0.0690 0.3103 0.182592 0.983189 0.152383
0.0690 0.3448 0.237377 0.971418 0.130239
0.0690 0.3793 0.312943 0.949772 0.108669
0.0690 0.4138 0.421111 0.907009 0.088097
0.0690 0.4483 0.578967 0.815351 0.069417
0.0690 0.4828 0.792624 0.609711 0.054606
0.0690 0.5172 0.977582 0.210556 0.047437
0.0690 0.5517 0.965616 -0.259973 0.051226
0.0690 0.5862 0.820451 -0.571717 0.064058
0.0690 0.6207 0.680451 -0.732794 0.081781
0.0690 0.6552 0.576592 -0.817033 0.101874
0.0690 0.6897 0.501949 -0.864897 0.123182
0.0690 0.7241 0.447214 -0.894427 0.145172
0.0690 0.7586 0.405875 -0.913929 0.167574
0.0690 0.7931 0.373760 -0.927525 0.190244
0.0690 0.8276 0.348187 -0.937425 0.213097
0.0690 0.8621 0.327387 -0.944890 0.236078
0.0690 0.8966 0.310165 -0.950683 0.259154
0.0690 0.9310 0.0000 0.0000 0.0000
0.0690 0.9655 0.0000 0.0000 0.0000
0.0690 1.0000 0.0000 0.0000 0.0000

0.1034 0.0000 0.0000 0.0000 0.0000
0.1034 0.0345 0.016689 0.999861 0.484491
0.1034 0.0690 0.035956 0.999353 0.449756
0.1034 0.1034 0.058420 0.998292 0.415216
0.1034 0.1379 0.084905 0.996389 0.380924
0.1034 0.1724 0.116523 0.993188 0.346953
0.1034 0.2069 0.154794 0.987947 0.313409
0.1034 0.2414 0.201820 0.979423 0.280444
0.1034 0.2759 0.260523 0.965468 0.248289
0.1034 0.3103 0.334880 0.942261 0.217303
0.1034 0.3448 0.429934 0.902861 0.188067
0.1034 0.3793 0.550617 0.834758 0.161531
0.1034 0.4138 0.696786 0.717279 0.139250
0.1034 0.4483 0.850798 0.525493 0.123546
0.1034 0.4828 0.966705 0.255893 0.117097
0.1034 0.5172 0.999153 -0.041142 0.121387
0.1034 0.5517 0.955475 -0.295073 0.135398
0.1034 0.5862 0.878070 -0.478533 0.156543
0.1034 0.6207 0.798118 -0.602501 0.182355
0.1034 0.6552 0.727638 -0.685962 0.211131
0.1034 0.6897 0.668747 -0.743490 0.241814
0.1034 0.7241 0.620236 -0.784416 0.273763
0.1034 0.7586 0.580210 -0.814467 0.306584
0.1034 0.7931 0.546929 -0.837179 0.340024
0.1034 0.8276 0.518978 -0.854788 0.373917
0.1034 0.8621 0.495260 -0.868745 0.408150
0.1034 0.8966 0.0000 0.0000 0.0000
0.1034 0.9310 0.0000 0.0000 0.0000
0.1034 0.9655 0.0000 0.0000 0.0000
0.1034 1.0000 0.0000 0.0000 0.0000

0.1379 0.0000 0.0000 0.0000 0.0000
0.1379 0.0345 0.021117 0.999777 0.619401
0.1379 0.0690 0.045633 0.998958 0.573249
0.1379 0.1034 0.074386 0.997229 0.527502
0.1379 0.1379 0.108483 0.994098 0.482275
0.1379 0.1724 0.149403 0.988776 0.437731
0.1379 0.2069 0.199132 0.979973 0.394100
0.1379 0.2414 0.260313 0.965524 0.351722
0.1379 0.2759 0.336336 0.941742 0.311109
0.1379 0.3103 0.431116 0.902296 0.273052
0.1379 0.3448 0.547786 0.836619 0.238773
0.1379 0.3793 0.684694 0.728831 0.210132
0.1379 0.4138 0.827393 0.561624 0.189700
0.1379 0.4483 0.943136 0.332406 0.180287
0.1379 0.4828 0.997366 0.072536 0.183599
0.1379 0.5172 0.985905 -0.167305 0.199000
0.1379 0.5517 0.934218 -0.356702 0.224010
0.1379 0.5862 0.869157 -0.494536 0.255828
0.1379 0.6207 0.805628 -0.592422 0.292237
0.1379 0.6552 0.749147 -0.662404 0.331729
0.1379 0.6897 0.700708 -0.713448 0.373327
0.1379 0.7241 0.659636 -0.751585 0.416401
0.1379 0.7586 0.624821 -0.780768 0.460536
0.1379 0.7931 0.595171 -0.803599 0.505455
0.1379 0.8276 0.569749 -0.821819 0.550966
0.1379 0.8621 0.0000 0.0000 0.0000
0.1379 0.8966 0.0000 0.0000 0.0000
0.1379 0.9310 0.0000 0.0000 0.0000
0.1379 0.9655 0.0000 0.0000 0.0000
0.1379 1.0000 0.0000 0.0000 0.0000

0.1724 0.0000 0.0000 0.0000 0.0000
0.1724 0.0345 0.024391 0.999702 0.741005
0.1724 0.0690 0.052888 0.998600 0.683477
0.1724 0.1034 0.086531 0.996249 0.626607
0.1724 0.1379 0.126702 0.991941 0.570591
0.1724 0.1724 0.175232 0.984527 0.515708
0.1724 0.2069 0.234540 0.972106 0.462362
0.1724 0.2414 0.307712 0.951479 0.411150
0.1724 0.2759 0.398343 0.917237 0.362978
0.1724 0.3103 0.509557 0.860437 0.319225
0.1724 0.3448 0.641014 0.767529 0.281955
0.1724 0.3793 0.782601 0.622524 0.254039
0.1724 0.4138 0.908309 0.418300 0.238779
0.1724 0.4483 0.984673 0.174411 0.238616
0.1724 0.4828 0.997843 -0.065648 0.253579
0.1724 0.5172 0.963880 -0.266335 0.281265
0.1724 0.5517 0.908309 -0.418300 0.318371
0.1724 0.5862 0.848736 -0.528817 0.362013
0.1724 0.6207 0.793270 -0.608870 0.410109
0.1724 0.6552 0.744472 -0.667653 0.461267
0.1724 0.6897 0.702470 -0.711713 0.514576
0.1724 0.7241 0.666538 -0.745471 0.569432
0.1724 0.7586 0.635761 -0.771886 0.625427
0.1724 0.7931 0.609273 -0.792961 0.682282
0.1724 0.8276 0.0000 0.0000 0.0000
0.1724 0.8621 0.0000 0.0000 0.0000
0.1724 0.8966 0.0000 0.0000 0.0000
0.1724 0.9310 0.0000 0.0000 0.0000
0.1724 0.9655 0.0000 0.0000 0.0000
0.1724 1.0000 0.0000 0.0000 0.0000

0.2069 0.0000 0.0000 0.0000 0.0000
0.2069 0.0345 0.027161 0.999631 0.849303
0.2069 0.0690 0.059115 0.998251 0.780437
0.2069 0.1034 0.097124 0.995272 0.712524
0.2069 0.1379 0.142865 0.989742 0.645864
0.2069 0.1724 0.198556 0.980090 0.580888
0.2069 0.2069 0.267076 0.963676 0.518230
0.2069 0.2414 0.351918 0.936031 0.458840
0.2069 0.2759 0.456603 0.889670 0.404163
0.2069 0.3103 0.582563 0.812786 0.356373
0.2069 0.3448 0.724067 0.689730 0.318586
0.2069 0.3793 0.861103 0.508430 0.294675
0.2069 0.4138 0.960773 0.277336 0.288115
0.2069 0.4483 0.999446 0.033288 0.300047
0.2069 0.4828 0.983215 -0.182452 0.328462
0.2069 0.5172 0.936250 -0.351335 0.369577
0.2069 0.5517 0.879450 -0.475991 0.419676
0.2069 0.5862 0.823969 -0.566635 0.475931
0.2069 0.6207 0.774076 -0.633093 0.536407
0.2069 0.6552 0.730686 -0.682714 0.599830
0.2069 0.6897 0.693394 -0.720558 0.665358
0.2069 0.7241 0.661396 -0.750037 0.732425
0.2069 0.7586 0.633852 -0.773454 0.800646
0.2069 0.7931 0.0000 0.0000 0.0000
0.2069 0.8276 0.0000 0.0000 0.0000
0.2069 0.8621 0.0000 0.0000 0.0000
0.2069 0.8966 0.0000 0.0000 0.0000
0.2069 0.9310 0.0000 0.0000 0.0000
0.2069 0.9655 0.0000 0.0000 0.0000
0.2069 1.0000 0.0000 0.0000 0.0000

0.2414 0.0000 0.0000 0.0000 0.0000
0.2414 0.0345 0.029717 0.999558 0.944293
0.2414 0.0690 0.064948 0.997889 0.864131
0.2414 0.1034 0.107207 0.994237 0.785263
0.2414 0.1379 0.158514 0.987357 0.708121
0.2414 0.1724 0.221540 0.975151 0.633336
0.2414 0.2069 0.299673 0.954042 0.561850
0.2414 0.2414 0.396758 0.917923 0.495095
0.2414 0.2759 0.515781 0.856721 0.435252
0.2414 0.3103 0.655048 0.755587 0.385554
0.2414 0.3448 0.800976 0.598696 0.350345
0.2414 0.3793 0.923539 0.383504 0.334236
0.2414 0.4138 0.990556 0.137111 0.339953
0.2414 0.4483 0.995440 -0.095391 0.366475
0.2414 0.4828 0.958716 -0.284365 0.409783
0.2414 0.5172 0.904807 -0.425822 0.465212
0.2414 0.5517 0.848806 -0.528705 0.528966
0.2414 0.5862 0.797225 -0.603682 0.598389
0.2414 0.6207 0.751962 -0.659206 0.671726
0.2414 0.6552 0.712965 -0.701199 0.747827
0.2414 0.6897 0.679523 -0.733654 0.825928
0.2414 0.7241 0.650791 -0.759257 0.905511
0.2414 0.7586 0.0000 0.0000 0.0000
0.2414 0.7931 0.0000 0.0000 0.0000
0.2414 0.8276 0.0000 0.0000 0.0000
0.2414 0.8621 0.0000 0.0000 0.0000
0.2414 0.8966 0.0000 0.0000 0.0000
0.2414 0.9310 0.0000 0.0000 0.0000
0.2414 0.9655 0.0000 0.0000 0.0000
0.2414 1.0000 0.0000 0.0000 0.0000

0.2759 0.0000 0.0000 0.0000 0.0000
0.2759 0.0345 0.032219 0.999481 1.025979
0.2759 0.0690 0.070741 0.997495 0.934565
0.2759 0.1034 0.117380 0.993087 0.844842
0.2759 0.1379 0.174573 0.984644 0.757409
0.2759 0.1724 0.245527 0.969390 0.673162
0.2759 0.2069 0.334203 0.942501 0.593457
0.2759 0.2414 0.444653 0.895703 0.520386
0.2759 0.2759 0.578479 0.815697 0.457142
0.2759 0.3103 0.728610 0.684929 0.408316
0.2759 0.3448 0.871006 0.491272 0.379514
0.2759 0.3793 0.968672 0.248345 0.375375
0.2759 0.4138 1.000000 0.000000 0.396671
0.2759 0.4483 0.977269 -0.212003 0.439722
0.2759 0.4828 0.927553 -0.373691 0.498928
0.2759 0.5172 0.871006 -0.491272 0.569271
0.2759 0.5517 0.817294 -0.576221 0.647129
0.2759 0.5862 0.769688 -0.638421 0.730101
0.2759 0.6207 0.728610 -0.684929 0.816631
0.2759 0.6552 0.693455 -0.720500 0.905700
0.2759 0.6897 0.663356 -0.748304 0.996626
0.2759 0.7241 0.0000 0.0000 0.0000
0.2759 0.7586 0.0000 0.0000 0.0000
0.2759 0.7931 0.0000 0.0000 0.0000
0.2759 0.8276 0.0000 0.0000 0.0000
0.2759 0.8621 0.0000 0.0000 0.0000
0.2759 0.8966 0.0000 0.0000 0.0000
0.2759 0.9310 0.0000 0.0000 0.0000
0.2759 0.9655 0.0000 0.0000 0.0000
0.2759 1.0000 0.0000 0.0000 0.0000

0.3103 0.0000 0.0000 0.0000 0.0000
0.3103 0.0345 0.034769 0.999395 1.094360
0.3103 0.0690 0.076733 0.997052 0.991747
0.3103 0.1034 0.128073 0.991765 0.891288
0.3103 0.1379 0.191736 0.981447 0.793800
0.3103 0.1724 0.271581 0.962416 0.700526
0.3103 0.2069 0.372193 0.928155 0.613391
0.3103 0.2414 0.497478 0.867477 0.535400
0.3103 0.2759 0.646123 0.763233 0.471117
0.3103 0.3103 0.802401 0.596786 0.426781
0.3103 0.3448 0.930468 0.366372 0.408933
0.3103 0.3793 0.994283 0.106772 0.420956
0.3103 0.4138 0.991496 -0.130134 0.460515
0.3103 0.4483 0.948729 -0.316091 0.521381
0.3103 0.4828 0.892186 -0.451669 0.597072
0.3103 0.5172 0.836048 -0.548656 0.682675
0.3103 0.5517 0.785636 -0.618689 0.774912
0.3103 0.5862 0.742072 -0.670320 0.871680
0.3103 0.6207 0.704901 -0.709306 0.971625
0.3103 0.6552 0.673224 -0.739439 1.073861
0.3103 0.6897 0.0000 0.0000 0.0000
0.3103 0.7241 0.0000 0.0000 0.0000
0.3103 0.7586 0.0000 0.0000 0.0000
0.3103 0.7931 0.0000 0.0000 0.0000
0.3103 0.8276 0.0000 0.0000 0.0000
0.3103 0.8621 0.0000 0.0000 0.0000
0.3103 0.8966 0.0000 0.0000 0.0000
0.3103 0.9310 0.0000 0.0000 0.0000
0.3103 0.9655 0.0000 0.0000 0.0000
0.3103 1.0000 0.0000 0.0000 0.0000

0.3448 0.0000 0.0000 0.0000 0.0000
0.3448 0.0345 0.037448 0.999299 1.149439
0.3448 0.0690 0.083121 0.996539 1.035689
0.3448 0.1034 0.139657 0.990200 0.924638
0.3448 0.1379 0.210642 0.977563 0.817388
0.3448 0.1724 0.300734 0.953708 0.715650
0.3448 0.2069 0.415127 0.909763 0.622132
0.3448 0.2414 0.556828 0.830628 0.541115
0.3448 0.2759 0.718922 0.695091 0.478984
0.3448 0.3103 0.873017 0.487689 0.443744
0.3448 0.3448 0.974118 0.226039 0.441876
0.3448 0.3793 0.999383 -0.035137 0.473776
0.3448 0.4138 0.968333 -0.249662 0.533420
0.3448 0.4483 0.913202 -0.407506 0.612758
0.3448 0.4828 0.854563 -0.519348 0.705174
0.3448 0.5172 0.800884 -0.598819 0.806184
0.3448 0.5517 0.754381 -0.656437 0.912939
0.3448 0.5862 0.714847 -0.699281 1.023643
0.3448 0.6207 0.681349 -0.731959 1.137144
0.3448 0.6552 0.0000 0.0000 0.0000
0.3448 0.6897 0.0000 0.0000 0.0000
0.3448 0.7241 0.0000 0.0000 0.0000
0.3448 0.7586 0.0000 0.0000 0.0000
0.3448 0.7931 0.0000 0.0000 0.0000
0.3448 0.8276 0.0000 0.0000 0.0000
0.3448 0.8621 0.0000 0.0000 0.0000
0.3448 0.8966 0.0000 0.0000 0.0000
0.3448 0.9310 0.0000 0.0000 0.0000
0.3448 0.9655 0.0000 0.0000 0.0000
0.3448 1.0000 0.0000 0.0000 0.0000

0.3793 0.0000 0.0000 0.0000 0.0000
0.3793 0.0345 0.040327 0.999187 1.191219
0.3793 0.0690 0.090093 0.995933 1.066406
0.3793 0.1034 0.152511 0.988302 0.944942
0.3793 0.1379 0.231983 0.972720 0.828304
0.3793 0.1724 0.334135 0.942525 0.718842
0.3793 0.2069 0.464608 0.885516 0.620368
0.3793 0.2414 0.623941 0.781471 0.538939
0.3793 0.2759 0.795251 0.606280 0.483249
0.3793 0.3103 0.934414 0.356188 0.462688
0.3793 0.3448 0.997107 0.076017 0.481774
0.3793 0.3793 0.985319 -0.170724 0.536292
0.3793 0.4138 0.934414 -0.356188 0.616917
0.3793 0.4483 0.873576 -0.486688 0.714872
0.3793 0.4828 0.816183 -0.577793 0.823997
0.3793 0.5172 0.766228 -0.642569 0.940413
0.3793 0.5517 0.723925 -0.689879 1.061725
0.3793 0.5862 0.688323 -0.725405 1.186430
0.3793 0.6207 0.0000 0.0000 0.0000
0.3793 0.6552 0.0000 0.0000 0.0000
0.3793 0.6897 0.0000 0.0000 0.0000
0.3793 0.7241 0.0000 0.0000 0.0000
0.3793 0.7586 0.0000 0.0000 0.0000
0.3793 0.7931 0.0000 0.0000 0.0000
0.3793 0.8276 0.0000 0.0000 0.0000
0.3793 0.8621 0.0000 0.0000 0.0000
0.3793 0.8966 0.0000 0.0000 0.0000
0.3793 0.9310 0.0000 0.0000 0.0000
0.3793 0.9655 0.0000 0.0000 0.0000
0.3793 1.0000 0.0000 0.0000 0.0000

0.4138 0.0000 0.0000 0.0000 0.0000
0.4138 0.0345 0.043480 0.999054 1.219703
0.4138 0.0690 0.097853 0.995201 1.083918
0.4138 0.1034 0.167071 0.985945 0.952267
0.4138 0.1379 0.256588 0.966521 0.826727
0.4138 0.1724 0.373179 0.927759 0.710545
0.4138 0.2069 0.522397 0.852702 0.609101
0.4138 0.2414 0.699224 0.714902 0.530909
0.4138 0.2759 0.870636 0.491929 0.487296
0.4138 0.3103 0.978797 0.204831 0.487628
0.4138 0.3448 0.997174 -0.075123 0.531824
0.4138 0.3793 0.955644 -0.294524 0.610429
0.4138 0.4138 0.893624 -0.448816 0.712140
0.4138 0.4483 0.832139 -0.554568 0.828489
0.4138 0.4828 0.778138 -0.628093 0.954136
0.4138 0.5172 0.732583 -0.680678 1.085859
0.4138 0.5517 0.694539 -0.719455 1.221693
0.4138 0.5862 0.662702 -0.748883 1.360409
0.4138 0.6207 0.0000 0.0000 0.0000
0.4138 0.6552 0.0000 0.0000 0.0000
0.4138 0.6897 0.0000 0.0000 0.0000
0.4138 0.7241 0.0000 0.0000 0.0000
0.4138 0.7586 0.0000 0.0000 0.0000
0.4138 0.7931 0.0000 0.0000 0.0000
0.4138 0.8276 0.0000 0.0000 0.0000
0.4138 0.8621 0.0000 0.0000 0.0000
0.4138 0.8966 0.0000 0.0000 0.0000
0.4138 0.9310 0.0000 0.0000 0.0000
0.4138 0.9655 0.0000 0.0000 0.0000
0.4138 1.0000 0.0000 0.0000 0.0000

0.4483 0.0000 0.0000 0.0000 0.0000
0.4483 0.0345 0.046989 0.998895 1.234896
0.4483 0.0690 0.106641 0.994298 1.088251
0.4483 0.1034 0.183879 0.982949 0.946701
0.4483 0.1379 0.285522 0.958372 0.812912
0.4483 0.1724 0.419625 0.907697 0.691405
0.4483 0.2069 0.590279 0.807199 0.589817
0.4483 0.2414 0.781181 0.624305 0.519960
0.4483 0.2759 0.936959 0.349440 0.495443
0.4483 0.3103 0.999143 0.041403 0.522684
0.4483 0.3448 0.975866 -0.218370 0.594612
0.4483 0.3793 0.915058 -0.403321 0.697538
0.4483 0.4138 0.849299 -0.527912 0.819869
0.4483 0.4483 0.790572 -0.612369 0.954170
0.4483 0.4828 0.741176 -0.671311 1.096051
0.4483 0.5172 0.700282 -0.713867 1.242917
0.4483 0.5517 0.0000 0.0000 0.0000
0.4483 0.5862 0.0000 0.0000 0.0000
0.4483 0.6207 0.0000 0.0000 0.0000
0.4483 0.6552 0.0000 0.0000 0.0000
0.4483 0.6897 0.0000 0.0000 0.0000
0.4483 0.7241 0.0000 0.0000 0.0000
0.4483 0.7586 0.0000 0.0000 0.0000
0.4483 0.7931 0.0000 0.0000 0.0000
0.4483 0.8276 0.0000 0.0000 0.0000
0.4483 0.8621 0.0000 0.0000 0.0000
0.4483 0.8966 0.0000 0.0000 0.0000
0.4483 0.9310 0.0000 0.0000 0.0000
0.4483 0.9655 0.0000 0.0000 0.0000
0.4483 1.0000 0.0000 0.0000 0.0000

0.4828 0.0000 0.0000 0.0000 0.0000
0.4828 0.0345 0.050954 0.998701 1.236803
0.4828 0.0690 0.116765 0.993160 1.079441
0.4828 0.1034 0.203647 0.979044 0.928373
0.4828 0.1379 0.320213 0.947346 0.787230
0.4828 0.1724 0.475705 0.879605 0.662388
0.4828 0.2069 0.669523 0.742791 0.564762
0.4828 0.2414 0.864606 0.502450 0.510223
0.4828 0.2759 0.983331 0.181824 0.512708
0.4828 0.3103 0.992488 -0.122344 0.571475
0.4828 0.3448 0.937919 -0.346853 0.671915
0.4828 0.3793 0.868206 -0.496203 0.798453
0.4828 0.4138 0.803987 -0.594647 0.940615
0.4828 0.4483 0.750022 -0.661413 1.092318
0.4828 0.4828 0.705774 -0.708437 1.250093
0.4828 0.5172 0.0000 0.0000 0.0000
0.4828 0.5517 0.0000 0.0000 0.0000
0.4828 0.5862 0.0000 0.0000 0.0000
0.4828 0.6207 0.0000 0.0000 0.0000
0.4828 0.6552 0.0000 0.0000 0.0000
0.4828 0.6897 0.0000 0.0000 0.0000
0.4828 0.7241 0.0000 0.0000 0.0000
0.4828 0.7586 0.0000 0.0000 0.0000
0.4828 0.7931 0.0000 0.0000 0.0000
0.4828 0.8276 0.0000 0.0000 0.0000
0.4828 0.8621 0.0000 0.0000 0.0000
0.4828 0.8966 0.0000 0.0000 0.0000
0.4828 0.9310 0.0000 0.0000 0.0000
0.4828 0.9655 0.0000 0.0000 0.0000
0.4828 1.0000 0.0000 0.0000 0.0000

0.5172 0.0000 0.0000 0.0000 0.0000
0.5172 0.0345 0.055502 0.998459 1.225432
0.5172 0.0690 0.128628 0.991693 1.057536
0.5172 0.1034 0.227355 0.973812 0.897462
0.5172 0.1379 0.362630 0.931933 0.750234
0.5172 0.1724 0.544119 0.839008 0.624995
0.5172 0.2069 0.759444 0.650573 0.537348
0.5172 0.2414 0.938735 0.344640 0.507172
0.5172 0.2759 1.000000 0.000000 0.544114
0.5172 0.3103 0.961566 -0.274573 0.636595
0.5172 0.3448 0.889396 -0.457137 0.764724
0.5172 0.3793 0.818889 -0.573951 0.913624
0.5172 0.4138 0.759444 -0.650573 1.074696
0.5172 0.4483 0.711208 -0.702982 1.243217
0.5172 0.4828 0.0000 0.0000 0.0000
0.5172 0.5172 0.0000 0.0000 0.0000
0.5172 0.5517 0.0000 0.0000 0.0000
0.5172 0.5862 0.0000 0.0000 0.0000
0.5172 0.6207 0.0000 0.0000 0.0000
0.5172 0.6552 0.0000 0.0000 0.0000
0.5172 0.6897 0.0000 0.0000 0.0000
0.5172 0.7241 0.0000 0.0000 0.0000
0.5172 0.7586 0.0000 0.0000 0.0000
0.5172 0.7931 0.0000 0.0000 0.0000
0.5172 0.8276 0.0000 0.0000 0.0000
0.5172 0.8621 0.0000 0.0000 0.0000
0.5172 0.8966 0.0000 0.0000 0.0000
0.5172 0.9310 0.0000 0.0000 0.0000
0.5172 0.9655 0.0000 0.0000 0.0000
0.5172 1.0000 0.0000 0.0000 0.0000

0.5517 0.0000 0.0000 0.0000 0.0000
0.5517 0.0345 0.060800 0.998150 1.200795
0.5517 0.0690 0.142789 0.989753 1.022607
0.5517 0.1034 0.256398 0.966571 0.854240
0.5517 0.1379 0.415536 0.909577 0.702787
0.5517 0.1724 0.627633 0.778510 0.581617
0.5517 0.2069 0.854449 0.519535 0.512669
0.5517 0.2414 0.987997 0.154475 0.517267
0.5517 0.2759 0.983767 -0.179449 0.593704
0.5517 0.3103 0.913320 -0.407242 0.719435
0.5517 0.3448 0.835884 -0.548906 0.873427
0.5517 0.3793 0.769807 -0.638277 1.043237
0.5517 0.4138 0.716768 -0.697312 1.222292
0.5517 0.4483 0.0000 0.0000 0.0000
0.5517 0.4828 0.0000 0.0000 0.0000
0.5517 0.5172 0.0000 0.0000 0.0000
0.5517 0.5517 0.0000 0.0000 0.0000
0.5517 0.5862 0.0000 0.0000 0.0000
0.5517 0.6207 0.0000 0.0000 0.0000
0.5517 0.6552 0.0000 0.0000 0.0000
0.5517 0.6897 0.0000 0.0000 0.0000
0.5517 0.7241 0.0000 0.0000 0.0000
0.5517 0.7586 0.0000 0.0000 0.0000
0.5517 0.7931 0.0000 0.0000 0.0000
0.5517 0.8276 0.0000 0.0000 0.0000
0.5517 0.8621 0.0000 0.0000 0.0000
0.5517 0.8966 0.0000 0.0000 0.0000
0.5517 0.9310 0.0000 0.0000 0.0000
0.5517 0.9655 0.0000 0.0000 0.0000
0.5517 1.0000 0.0000 0.0000 0.0000

0.5862 0.0000 0.0000 0.0000 0.0000
0.5862 0.0345 0.067075 0.997748 1.162904
0.5862 0.0690 0.160045 0.987110 0.974753
0.5862 0.1034 0.292831 0.956164 0.799120
0.5862 0.1379 0.482766 0.875749 0.646295
0.5862 0.1724 0.727431 0.686181 0.536149
0.5862 0.2069 0.940044 0.341053 0.497864
0.5862 0.2414 0.998660 -0.051760 0.546750
0.5862 0.2759 0.940044 -0.341053 0.663819
0.5862 0.3103 0.855723 -0.517434 0.820384
0.5862 0.3448 0.781566 -0.623823 0.998027
0.5862 0.3793 0.722655 -0.691209 1.187325
0.5862 0.4138 0.676565 -0.736383 1.383502
0.5862 0.4483 0.0000 0.0000 0.0000
0.5862 0.4828 0.0000 0.0000 0.0000
0.5862 0.5172 0.0000 0.0000 0.0000
0.5862 0.5517 0.0000 0.0000 0.0000
0.5862 0.5862 0.0000 0.0000 0.0000
0.5862 0.6207 0.0000 0.0000 0.0000
0.5862 0.6552 0.0000 0.0000 0.0000
0.5862 0.6897 0.0000 0.0000 0.0000
0.5862 0.7241 0.0000 0.0000 0.0000
0.5862 0.7586 0.0000 0.0000 0.0000
0.5862 0.7931 0.0000 0.0000 0.0000
0.5862 0.8276 0.0000 0.0000 0.0000
0.5862 0.8621 0.0000 0.0000 0.0000
0.5862 0.8966 0.0000 0.0000 0.0000
0.5862 0.9310 0.0000 0.0000 0.0000
0.5862 0.9655 0.0000 0.0000 0.0000
0.5862 1.0000 0.0000 0.0000 0.0000

0.6207 0.0000 0.0000 0.0000 0.0000
0.6207 0.0345 0.074652 0.997210 1.111782
0.6207 0.0690 0.181586 0.983375 0.914127
0.6207 0.1034 0.339788 0.940502 0.732778
0.6207 0.1379 0.569295 0.822133 0.583153
0.6207 0.1724 0.838499 0.544904 0.494911
0.6207 0.2069 0.992836 0.119482 0.501572
0.6207 0.2414 0.968321 -0.249710 0.599982
0.6207 0.2759 0.879336 -0.476202 0.755083
0.6207 0.3103 0.795327 -0.606181 0.939196
0.6207 0.3448 0.729107 -0.684400 1.138330
0.6207 0.3793 0.0000 0.0000 0.0000
0.6207 0.4138 0.0000 0.0000 0.0000
0.6207 0.4483 0.0000 0.0000 0.0000
0.6207 0.4828 0.0000 0.0000 0.0000
0.6207 0.5172 0.0000 0.0000 0.0000
0.6207 0.5517 0.0000 0.0000 0.0000
0.6207 0.5862 0.0000 0.0000 0.0000
0.6207 0.6207 0.0000 0.0000 0.0000
0.6207 0.6552 0.0000 0.0000 0.0000
0.6207 0.6897 0.0000 0.0000 0.0000
0.6207 0.7241 0.0000 0.0000 0.0000
0.6207 0.7586 0.0000 0.0000 0.0000
0.6207 0.7931 0.0000 0.0000 0.0000
0.6207 0.8276 0.0000 0.0000 0.0000
0.6207 0.8621 0.0000 0.0000 0.0000
0.6207 0.8966 0.0000 0.0000 0.0000
0.6207 0.9310 0.0000 0.0000 0.0000
0.6207 0.9655 0.0000 0.0000 0.0000
0.6207 1.0000 0.0000 0.0000 0.0000

0.6552 0.0000 0.0000 0.0000 0.0000
0.6552 0.0345 0.084004 0.996465 1.047460
0.6552 0.0690 0.209259 0.977860 0.840973
0.6552 0.1034 0.402168 0.915566 0.656371
0.6552 0.1379 0.679958 0.733251 0.517623
0.6552 0.1724 0.941049 0.338269 0.467513
0.6552 0.2069 0.992898 -0.118969 0.531719
0.6552 0.2414 0.907744 -0.419525 0.678532
0.6552 0.2759 0.811950 -0.583726 0.866954
0.6552 0.3103 0.736438 -0.676505 1.075331
0.6552 0.3448 0.0000 0.0000 0.0000
0.6552 0.3793 0.0000 0.0000 0.0000
0.6552 0.4138 0.0000 0.0000 0.0000
0.6552 0.4483 0.0000 0.0000 0.0000
0.6552 0.4828 0.0000 0.0000 0.0000
0.6552 0.5172 0.0000 0.0000 0.0000
0.6552 0.5517 0.0000 0.0000 0.0000
0.6552 0.5862 0.0000 0.0000 0.0000
0.6552 0.6207 0.0000 0.0000 0.0000
0.6552 0.6552 0.0000 0.0000 0.0000
0.6552 0.6897 0.0000 0.0000 0.0000
0.6552 0.7241 0.0000 0.0000 0.0000
0.6552 0.7586 0.0000 0.0000 0.0000
0.6552 0.7931 0.0000 0.0000 0.0000
0.6552 0.8276 0.0000 0.0000 0.0000
0.6552 0.8621 0.0000 0.0000 0.0000
0.6552 0.8966 0.0000 0.0000 0.0000
0.6552 0.9310 0.0000 0.0000 0.0000
0.6552 0.9655 0.0000 0.0000 0.0000
0.6552 1.0000 0.0000 0.0000 0.0000

0.6897 0.0000 0.0000 0.0000 0.0000
0.6897 0.0345 0.095862 0.995395 0.969984
0.6897 0.0690 0.246088 0.969247 0.755701
0.6897 0.1034 0.487654 0.873037 0.572032
0.6897 0.1379 0.813030 0.582221 0.457471
0.6897 0.1724 0.997446 0.071428 0.466113
0.6897 0.2069 0.941469 -0.337099 0.592592
0.6897 0.2414 0.832705 -0.553717 0.781660
0.6897 0.2759 0.745092 -0.666962 0.998369
0.6897 0.3103 0.0000 0.0000 0.0000
0.6897 0.3448 0.0000 0.0000 0.0000
0.6897 0.3793 0.0000 0.0000 0.0000
0.6897 0.4138 0.0000 0.0000 0.0000
0.6897 0.4483 0.0000 0.0000 0.0000
0.6897 0.4828 0.0000 0.0000 0.0000
0.6897 0.5172 0.0000 0.0000 0.0000
0.6897 0.5517 0.0000 0.0000 0.0000
0.6897 0.5862 0.0000 0.0000 0.0000
0.6897 0.6207 0.0000 0.0000 0.0000
0.6897 0.6552 0.0000 0.0000 0.0000
0.6897 0.6897 0.0000 0.0000 0.0000
0.6897 0.7241 0.0000 0.0000 0.0000
0.6897 0.7586 0.0000 0.0000 0.0000
0.6897 0.7931 0.0000 0.0000 0.0000
0.6897 0.8276 0.0000 0.0000 0.0000
0.6897 0.8621 0.0000 0.0000 0.0000
0.6897 0.8966 0.0000 0.0000 0.0000
0.6897 0.9310 0.0000 0.0000 0.0000
0.6897 0.9655 0.0000 0.0000 0.0000
0.6897 1.0000 0.0000 0.0000 0.0000

0.7241 0.0000 0.0000 0.0000 0.0000
0.7241 0.0345 0.111411 0.993774 0.879435
0.7241 0.0690 0.297330 0.954775 0.659057
0.7241 0.1034 0.607286 0.794483 0.484015
0.7241 0.1379 0.941845 0.336047 0.416113
0.7241 0.1724 0.977844 -0.209335 0.500993
0.7241 0.2069 0.859511 -0.511117 0.683960
0.7241 0.2414 0.755750 -0.654861 0.907510
0.7241 0.2759 0.0000 0.0000 0.0000
0.7241 0.3103 0.0000 0.0000 0.0000
0.7241 0.3448 0.0000 0.0000 0.0000
0.7241 0.3793 0.0000 0.0000 0.0000
0.7241 0.4138 0.0000 0.0000 0.0000
0.7241 0.4483 0.0000 0.0000 0.0000
0.7241 0.4828 0.0000 0.0000 0.0000
0.7241 0.5172 0.0000 0.0000 0.0000
0.7241 0.5517 0.0000 0.0000 0.0000
0.7241 0.5862 0.0000 0.0000 0.0000
0.7241 0.6207 0.0000 0.0000 0.0000
0.7241 0.6552 0.0000 0.0000 0.0000
0.7241 0.6897 0.0000 0.0000 0.0000
0.7241 0.7241 0.0000 0.0000 0.0000
0.7241 0.7586 0.0000 0.0000 0.0000
0.7241 0.7931 0.0000 0.0000 0.0000
0.7241 0.8276 0.0000 0.0000 0.0000
0.7241 0.8621 0.0000 0.0000 0.0000
0.7241 0.8966 0.0000 0.0000 0.0000
0.7241 0.9310 0.0000 0.0000 0.0000
0.7241 0.9655 0.0000 0.0000 0.0000
0.7241 1.0000 0.0000 0.0000 0.0000

0.7586 0.0000 0.0000 0.0000 0.0000
0.7586 0.0345 0.132706 0.991155 0.775947
0.7586 0.0690 0.372726 0.927941 0.552538
0.7586 0.1034 0.769531 0.638610 0.401437
0.7586 0.1379 1.000000 0.000000 0.411891
0.7586 0.1724 0.895170 -0.445724 0.575157
0.7586 0.2069 0.769531 -0.638610 0.802874
0.7586 0.2414 0.683836 -0.729636 1.054066
0.7586 0.2759 0.0000 0.0000 0.0000
0.7586 0.3103 0.0000 0.0000 0.0000
0.7586 0.3448 0.0000 0.0000 0.0000
0.7586 0.3793 0.0000 0.0000 0.0000
0.7586 0.4138 0.0000 0.0000 0.0000
0.7586 0.4483 0.0000 0.0000 0.0000
0.7586 0.4828 0.0000 0.0000 0.0000
0.7586 0.5172 0.0000 0.0000 0.0000
0.7586 0.5517 0.0000 0.0000 0.0000
0.7586 0.5862 0.0000 0.0000 0.0000
0.7586 0.6207 0.0000 0.0000 0.0000
0.7586 0.6552 0.0000 0.0000 0.0000
0.7586 0.6897 0.0000 0.0000 0.0000
0.7586 0.7241 0.0000 0.0000 0.0000
0.7586 0.7586 0.0000 0.0000 0.0000
0.7586 0.7931 0.0000 0.0000 0.0000
0.7586 0.8276 0.0000 0.0000 0.0000
0.7586 0.8621 0.0000 0.0000 0.0000
0.7586 0.8966 0.0000 0.0000 0.0000
0.7586 0.9310 0.0000 0.0000 0.0000
0.7586 0.9655 0.0000 0.0000 0.0000
0.7586 1.0000 0.0000 0.0000 0.0000

0.7931 0.0000 0.0000 0.0000 0.0000
0.7931 0.0345 0.163639 0.986520 0.659786
0.7931 0.0690 0.491237 0.871026 0.439571
0.7931 0.1034 0.942491 0.334231 0.343664
0.7931 0.1379 0.942491 -0.334231 0.458218
0.7931 0.1724 0.788435 -0.615118 0.684690
0.7931 0.2069 0.0000 0.0000 0.0000
0.7931 0.2414 0.0000 0.0000 0.0000
0.7931 0.2759 0.0000 0.0000 0.0000
0.7931 0.3103 0.0000 0.0000 0.0000
0.7931 0.3448 0.0000 0.0000 0.0000
0.7931 0.3793 0.0000 0.0000 0.0000
0.7931 0.4138 0.0000 0.0000 0.0000
0.7931 0.4483 0.0000 0.0000 0.0000
0.7931 0.4828 0.0000 0.0000 0.0000
0.7931 0.5172 0.0000 0.0000 0.0000
0.7931 0.5517 0.0000 0.0000 0.0000
0.7931 0.5862 0.0000 0.0000 0.0000
0.7931 0.6207 0.0000 0.0000 0.0000
0.7931 0.6552 0.0000 0.0000 0.0000
0.7931 0.6897 0.0000 0.0000 0.0000
0.7931 0.7241 0.0000 0.0000 0.0000
0.7931 0.7586 0.0000 0.0000 0.0000
0.7931 0.7931 0.0000 0.0000 0.0000
0.7931 0.8276 0.0000 0.0000 0.0000
0.7931 0.8621 0.0000 0.0000 0.0000
0.7931 0.8966 0.0000 0.0000 0.0000
0.7931 0.9310 0.0000 0.0000 0.0000
0.7931 0.9655 0.0000 0.0000 0.0000
0.7931 1.0000 0.0000 0.0000 0.0000

0.8276 0.0000 0.0000 0.0000 0.0000
0.8276 0.0345 0.212523 0.977156 0.531524
0.8276 0.0690 0.685860 0.727734 0.329399
0.8276 0.1034 0.993122 -0.117084 0.341229
0.8276 0.1379 0.816396 -0.577493 0.553461
0.8276 0.1724 0.0000 0.0000 0.0000
0.8276 0.2069 0.0000 0.0000 0.0000
0.8276 0.2414 0.0000 0.0000 0.0000
0.8276 0.2759 0.0000 0.0000 0.0000
0.8276 0.3103 0.0000 0.0000 0.0000
0.8276 0.3448 0.0000 0.0000 0.0000
0.8276 0.3793 0.0000 0.0000 0.0000
0.8276 0.4138 0.0000 0.0000 0.0000
0.8276 0.4483 0.0000 0.0000 0.0000
0.8276 0.4828 0.0000 0.0000 0.0000
0.8276 0.5172 0.0000 0.0000 0.0000
0.8276 0.5517 0.0000 0.0000 0.0000
0.8276 0.5862 0.0000 0.0000 0.0000
0.8276 0.6207 0.0000 0.0000 0.0000
0.8276 0.6552 0.0000 0.0000 0.0000
0.8276 0.6897 0.0000 0.0000 0.0000
0.8276 0.7241 0.0000 0.0000 0.0000
0.8276 0.7586 0.0000 0.0000 0.0000
0.8276 0.7931 0.0000 0.0000 0.0000
0.8276 0.8276 0.0000 0.0000 0.0000
0.8276 0.8621 0.0000 0.0000 0.0000
0.8276 0.8966 0.0000 0.0000 0.0000
0.8276 0.9310 0.0000 0.0000 0.0000
0.8276 0.9655 0.0000 0.0000 0.0000
0.8276 1.0000 0.0000 0.0000 0.0000

0.8621 0.0000 0.0000 0.0000 0.0000
0.8621 0.0345 0.300378 0.953820 0.392688
0.8621 0.0690 0.943025 0.332721 0.250163
0.8621 0.1034 0.862009 -0.506894 0.410511
0.8621 0.1379 0.686745 -0.726898 0.687037
0.8621 0.1724 0.0000 0.0000 0.0000
0.8621 0.2069 0.0000 0.0000 0.0000
0.8621 0.2414 0.0000 0.0000 0.0000
0.8621 0.2759 0.0000 0.0000 0.0000
0.8621 0.3103 0.0000 0.0000 0.0000
0.8621 0.3448 0.0000 0.0000 0.0000
0.8621 0.3793 0.0000 0.0000 0.0000
0.8621 0.4138 0.0000 0.0000 0.0000
0.8621 0.4483 0.0000 0.0000 0.0000
0.8621 0.4828 0.0000 0.0000 0.0000
0.8621 0.5172 0.0000 0.0000 0.0000
0.8621 0.5517 0.0000 0.0000 0.0000
0.8621 0.5862 0.0000 0.0000 0.0000
0.8621 0.6207 0.0000 0.0000 0.0000
0.8621 0.6552 0.0000 0.0000 0.0000
0.8621 0.6897 0.0000 0.0000 0.0000
0.8621 0.7241 0.0000 0.0000 0.0000
0.8621 0.7586 0.0000 0.0000 0.0000
0.8621 0.7931 0.0000 0.0000 0.0000
0.8621 0.8276 0.0000 0.0000 0.0000
0.8621 0.8621 0.0000 0.0000 0.0000
0.8621 0.8966 0.0000 0.0000 0.0000
0.8621 0.9310 0.0000 0.0000 0.0000
0.8621 0.9655 0.0000 0.0000 0.0000
0.8621 1.0000 0.0000 0.0000 0.0000

0.8966 0.0000 0.0000 0.0000 0.0000
0.8966 0.0345 0.493977 0.869475 0.248896
0.8966 0.0690 0.943259 -0.332057 0.260689
0.8966 0.1034 0.0000 0.0000 0.0000
0.8966 0.1379 0.0000 0.0000 0.0000
0.8966 0.1724 0.0000 0.0000 0.0000
0.8966 0.2069 0.0000 0.0000 0.0000
0.8966 0.2414 0.0000 0.0000 0.0000
0.8966 0.2759 0.0000 0.0000 0.0000
0.8966 0.3103 0.0000 0.0000 0.0000
0.8966 0.3448 0.0000 0.0000 0.0000
0.8966 0.3793 0.0000 0.0000 0.0000
0.8966 0.4138 0.0000 0.0000 0.0000
0.8966 0.4483 0.0000 0.0000 0.0000
0.8966 0.4828 0.0000 0.0000 0.0000
0.8966 0.5172 0.0000 0.0000 0.0000
0.8966 0.5517 0.0000 0.0000 0.0000
0.8966 0.5862 0.0000 0.0000 0.0000
0.8966 0.6207 0.0000 0.0000 0.0000
0.8966 0.6552 0.0000 0.0000 0.0000
0.8966 0.6897 0.0000 0.0000 0.0000
0.8966 0.7241 0.0000 0.0000 0.0000
0.8966 0.7586 0.0000 0.0000 0.0000
0.8966 0.7931 0.0000 0.0000 0.0000
0.8966 0.8276 0.0000 0.0000 0.0000
0.8966 0.8621 0.0000 0.0000 0.0000
0.8966 0.8966 0.0000 0.0000 0.0000
0.8966 0.9310 0.0000 0.0000 0.0000
0.8966 0.9655 0.0000 0.0000 0.0000
0.8966 1.0000 0.0000 0.0000 0.0000

0.9310 0.0000 0.0000 0.0000 0.0000
0.9310 0.0345 0.943475 0.331444 0.135608
0.9310 0.0690 0.688312 -0.725415 0.371758
0.9310 0.1034 0.0000 0.0000 0.0000
0.9310 0.1379 0.0000 0.0000 0.0000
0.9310 0.1724 0.0000 0.0000 0.0000
0.9310 0.2069 0.0000 0.0000 0.0000
0.9310 0.2414 0.0000 0.0000 0.0000
0.9310 0.2759 0.0000 0.0000 0.0000
0.9310 0.3103 0.0000 0.0000 0.0000
0.9310 0.3448 0.0000 0.0000 0.0000
0.9310 0.3793 0.0000 0.0000 0.0000
0.9310 0.4138 0.0000 0.0000 0.0000
0.9310 0.4483 0.0000 0.0000 0.0000
0.9310 0.4828 0.0000 0.0000 0.0000
0.9310 0.5172 0.0000 0.0000 0.0000
0.9310 0.5517 0.0000 0.0000 0.0000
0.9310 0.5862 0.0000 0.0000 0.0000
0.9310 0.6207 0.0000 0.0000 0.0000
0.9310 0.6552 0.0000 0.0000 0.0000
0.9310 0.6897 0.0000 0.0000 0.0000
0.9310 0.7241 0.0000 0.0000 0.0000
0.9310 0.7586 0.0000 0.0000 0.0000
0.9310 0.7931 0.0000 0.0000 0.0000
0.9310 0.8276 0.0000 0.0000 0.0000
0.9310 0.8621 0.0000 0.0000 0.0000
0.9310 0.8966 0.0000 0.0000 0.0000
0.9310 0.9310 0.0000 0.0000 0.0000
0.9310 0.9655 0.0000 0.0000 0.0000
0.9310 1.0000 0.0000 0.0000 0.0000

0.9655 0.0000 0.0000 0.0000 0.0000
0.9655 0.0345 0.0000 0.0000 0.0000
0.9655 0.0690 0.0000 0.0000 0.0000
0.9655 0.1034 0.0000 0.0000 0.0000
0.9655 0.1379 0.0000 0.0000 0.0000
0.9655 0.1724 0.0000 0.0000 0.0000
0.9655 0.2069 0.0000 0.0000 0.0000
0.9655 0.2414 0.0000 0.0000 0.0000
0.9655 0.2759 0.0000 0.0000 0.0000
0.9655 0.3103 0.0000 0.0000 0.0000
0.9655 0.3448 0.0000 0.0000 0.0000
0.9655 0.3793 0.0000 0.0000 0.0000
0.9655 0.4138 0.0000 0.0000 0.0000
0.9655 0.4483 0.0000 0.0000 0.0000
0.9655 0.4828 0.0000 0.0000 0.0000
0.9655 0.5172 0.0000 0.0000 0.0000
0.9655 0.5517 0.0000 0.0000 0.0000
0.9655 0.5862 0.0000 0.0000 0.0000
0.9655 0.6207 0.0000 0.0000 0.0000
0.9655 0.6552 0.0000 0.0000 0.0000
0.9655 0.6897 0.0000 0.0000 0.0000
0.9655 0.7241 0.0000 0.0000 0.0000
0.9655 0.7586 0.0000 0.0000 0.0000
0.9655 0.7931 0.0000 0.0000 0.0000
0.9655 0.8276 0.0000 0.0000 0.0000
0.9655 0.8621 0.0000 0.0000 0.0000
0.9655 0.8966 0.0000 0.0000 0.0000
0.9655 0.9310 0.0000 0.0000 0.0000
0.9655 0.9655 0.0000 0.0000 0.0000
0.9655 1.0000 0.0000 0.0000 0.0000

1.0000 0.0000 0.0000 0.0000 0.0000
1.0000 0.0345 0.0000 0.0000 0.0000
1.0000 0.0690 0.0000 0.0000 0.0000
1.0000 0.1034 0.0000 0.0000 0.0000
1.0000 0.1379 0.0000 0.0000 0.0000
1.0000 0.1724 0.0000 0.0000 0.0000
1.0000 0.2069 0.0000 0.0000 0.0000
1.0000 0.2414 0.0000 0.0000 0.0000
1.0000 0.2759 0.0000 0.0000 0.0000
1.0000 0.3103 0.0000 0.0000 0.0000
1.0000 0.3448 0.0000 0.0000 0.0000
1.0000 0.3793 0.0000 0.0000 0.0000
1.0000 0.4138 0.0000 0.0000 0.0000
1.0000 0.4483 0.0000 0.0000 0.0000
1.0000 0.4828 0.0000 0.0000 0.0000
1.0000 0.5172 0.0000 0.0000 0.0000
1.0000 0.5517 0.0000 0.0000 0.0000
1.0000 0.5862 0.0000 0.0000 0.0000
1.0000 0.6207 0.0000 0.0000 0.0000
1.0000 0.6552 0.0000 0.0000 0.0000
1.0000 0.6897 0.0000 0.0000 0.0000
1.0000 0.7241 0.0000 0.0000 0.0000
1.0000 0.7586 0.0000 0.0000 0.0000
1.0000 0.7931 0.0000 0.0000 0.0000
1.0000 0.8276 0.0000 0.0000 0.0000
1.0000 0.8621 0.0000 0.0000 0.0000
1.0000 0.8966 0.0000 0.0000 0.0000
1.0000 0.9310 0.0000 0.0000 0.0000
1.0000 0.9655 0.0000 0.0000 0.0000
1.0000 1.0000 0.0000 0.0000 0.0000

