0.0000 0.0000 0.0000 0.0000 0.0000
0.0000 0.0345 0.0000 0.0000 0.0000
0.0000 0.0690 0.0000 0.0000 0.0000
0.0000 0.1034 0.0000 0.0000 0.0000
0.0000 0.1379 0.0000 0.0000 0.0000
0.0000 0.1724 0.0000 0.0000 0.0000
0.0000 0.2069 0.0000 0.0000 0.0000
0.0000 0.2414 0.0000 0.0000 0.0000
0.0000 0.2759 0.0000 0.0000 0.0000
0.0000 0.3103 0.0000 0.0000 0.0000
0.0000 0.3448 0.0000 0.0000 0.0000
0.0000 0.3793 0.0000 0.0000 0.0000
0.0000 0.4138 0.0000 0.0000 0.0000
0.0000 0.4483 0.0000 0.0000 0.0000
0.0000 0.4828 0.0000 0.0000 0.0000
0.0000 0.5172 0.0000 0.0000 0.0000
0.0000 0.5517 0.0000 0.0000 0.0000
0.0000 0.5862 0.0000 0.0000 0.0000
0.0000 0.6207 0.0000 0.0000 0.0000
0.0000 0.6552 0.0000 0.0000 0.0000
0.0000 0.6897 0.0000 0.0000 0.0000
0.0000 0.7241 0.0000 0.0000 0.0000
0.0000 0.7586 0.0000 0.0000 0.0000
0.0000 0.7931 0.0000 0.0000 0.0000
0.0000 0.8276 0.0000 0.0000 0.0000
0.0000 0.8621 0.0000 0.0000 0.0000
0.0000 0.8966 0.0000 0.0000 0.0000
0.0000 0.9310 0.0000 0.0000 0.0000
0.0000 0.9655 0.0000 0.0000 0.0000
0.0000 1.0000 0.0000 0.0000 0.0000

0.0345 0.0000 0.0000 0.0000 0.0000
0.0345 0.0345 -0.005952 0.999982 0.199766
0.0345 0.0690 -0.012754 0.999919 0.186460
0.0345 0.1034 -0.020600 0.999788 0.173164
0.0345 0.1379 -0.029749 0.999557 0.159881
0.0345 0.1724 -0.040551 0.999177 0.146613
0.0345 0.2069 -0.053495 0.998568 0.133366
0.0345 0.2414 -0.069278 0.997597 0.120146
0.0345 0.2759 -0.088932 0.996038 0.106964
0.0345 0.3103 -0.114047 0.993475 0.093835
0.0345 0.3448 -0.147189 0.989108 0.080785
0.0345 0.3793 -0.192745 0.981249 0.067860
0.0345 0.4138 -0.258736 0.965948 0.055148
0.0345 0.4483 -0.360838 0.932628 0.042839
0.0345 0.4828 -0.529999 0.847998 0.031409
0.0345 0.5172 -0.801280 0.598289 0.022259
0.0345 0.5517 -1.000000 0.000000 0.019025
0.0345 0.5862 -0.835061 -0.550158 0.024207
0.0345 0.6207 -0.626391 -0.779509 0.034169
0.0345 0.6552 -0.492228 -0.870466 0.045898
0.0345 0.6897 -0.407651 -0.913138 0.058337
0.0345 0.7241 -0.351123 -0.936329 0.071115
0.0345 0.7586 -0.311132 -0.950367 0.084078
0.0345 0.7931 -0.281504 -0.959560 0.097151
0.0345 0.8276 -0.258736 -0.965948 0.110296
0.0345 0.8621 -0.240723 -0.970594 0.123489
0.0345 0.8966 -0.226130 -0.974097 0.136716
0.0345 0.9310 -0.214075 -0.976817 0.149969
0.0345 0.9655 0.0000 0.0000 0.0000
0.0345 1.0000 0.0000 0.0000 0.0000

0.0690 0.0000 0.0000 0.0000 0.0000
0.0690 0.0345 0.011757 0.999931 0.384331
0.0690 0.0690 0.025258 0.999681 0.357784
0.0690 0.1034 0.040914 0.999163 0.331312
0.0690 0.1379 0.059271 0.998242 0.304936
0.0690 0.1724 0.081068 0.996709 0.278682
0.0690 0.2069 0.107331 0.994223 0.252589
0.0690 0.2414 0.139512 0.990220 0.226712
0.0690 0.2759 0.179718 0.983718 0.201135
0.0690 0.3103 0.231072 0.972937 0.175988
0.0690 0.3448 0.298275 0.954480 0.151485
0.0690 0.3793 0.388306 0.921530 0.127999
0.0690 0.4138 0.510539 0.859855 0.106204
0.0690 0.4483 0.672266 0.740309 0.087375
0.0690 0.4828 0.856924 0.515443 0.073820
0.0690 0.5172 0.986112 0.166082 0.068731
0.0690 0.5517 0.978550 -0.206010 0.073880
0.0690 0.5862 0.878103 -0.478471 0.087476
0.0690 0.6207 0.764911 -0.644136 0.106328
0.0690 0.6552 0.669989 -0.742371 0.128137
0.0690 0.6897 0.595977 -0.803001 0.151631
0.0690 0.7241 0.538709 -0.842492 0.176138
0.0690 0.7586 0.493847 -0.869549 0.201288
0.0690 0.7931 0.458082 -0.888910 0.226867
0.0690 0.8276 0.429057 -0.903278 0.252746
0.0690 0.8621 0.405110 -0.914268 0.278840
0.0690 0.8966 0.385058 -0.922892 0.305095
0.0690 0.9310 0.0000 0.0000 0.0000
0.0690 0.9655 0.0000 0.0000 0.0000
0.0690 1.0000 0.0000 0.0000 0.0000

0.1034 0.0000 0.0000 0.0000 0.0000
0.1034 0.0345 0.018468 0.999829 0.553721
0.1034 0.0690 0.039783 0.999208 0.514081
0.1034 0.1034 0.064624 0.997910 0.474714
0.1034 0.1379 0.093882 0.995583 0.435694
0.1034 0.1724 0.128750 0.991677 0.397122
0.1034 0.2069 0.170838 0.985299 0.359144
0.1034 0.2414 0.222323 0.974973 0.321970
0.1034 0.2759 0.286127 0.958192 0.285913
0.1034 0.3103 0.366003 0.930613 0.251455
0.1034 0.3448 0.466193 0.884683 0.219349
0.1034 0.3793 0.589579 0.807711 0.190789
0.1034 0.4138 0.732187 0.681104 0.167595
0.1034 0.4483 0.873198 0.487366 0.152242
0.1034 0.4828 0.972563 0.232640 0.147202
0.1034 0.5172 0.999308 -0.037184 0.153495
0.1034 0.5517 0.963196 -0.268799 0.169866
0.1034 0.5862 0.897111 -0.441806 0.193778
0.1034 0.6207 0.826092 -0.563536 0.222816
0.1034 0.6552 0.761226 -0.648486 0.255236
0.1034 0.6897 0.705464 -0.708745 0.289906
0.1034 0.7241 0.658505 -0.752577 0.326109
0.1034 0.7586 0.619092 -0.785318 0.363387
0.1034 0.7931 0.585880 -0.810398 0.401441
0.1034 0.8276 0.557690 -0.830050 0.440069
0.1034 0.8621 0.533563 -0.845760 0.479133
0.1034 0.8966 0.0000 0.0000 0.0000
0.1034 0.9310 0.0000 0.0000 0.0000
0.1034 0.9655 0.0000 0.0000 0.0000
0.1034 1.0000 0.0000 0.0000 0.0000

0.1379 0.0000 0.0000 0.0000 0.0000
0.1379 0.0345 0.022508 0.999747 0.707908
0.1379 0.0690 0.048634 0.998817 0.655234
0.1379 0.1034 0.079259 0.996854 0.603086
0.1379 0.1379 0.115540 0.993303 0.551613
0.1379 0.1724 0.159009 0.987277 0.501024
0.1379 0.2069 0.211686 0.977338 0.451614
0.1379 0.2414 0.276199 0.961101 0.403818
0.1379 0.2759 0.355775 0.934572 0.358281
0.1379 0.3103 0.453824 0.891091 0.315983
0.1379 0.3448 0.572315 0.820034 0.278403
0.1379 0.3793 0.707587 0.706627 0.247698
0.1379 0.4138 0.843489 0.537147 0.226679
0.1379 0.4483 0.949444 0.313938 0.218164
0.1379 0.4828 0.997680 0.068072 0.223586
0.1379 0.5172 0.987563 -0.157224 0.242011
0.1379 0.5517 0.941424 -0.337226 0.270797
0.1379 0.5862 0.882181 -0.470910 0.307043
0.1379 0.6207 0.823125 -0.567861 0.348430
0.1379 0.6552 0.769657 -0.638458 0.393338
0.1379 0.6897 0.723110 -0.690732 0.440691
0.1379 0.7241 0.683165 -0.730264 0.489781
0.1379 0.7586 0.648977 -0.760808 0.540135
0.1379 0.7931 0.619631 -0.784893 0.591430
0.1379 0.8276 0.594308 -0.804238 0.643441
0.1379 0.8621 0.0000 0.0000 0.0000
0.1379 0.8966 0.0000 0.0000 0.0000
0.1379 0.9310 0.0000 0.0000 0.0000
0.1379 0.9655 0.0000 0.0000 0.0000
0.1379 1.0000 0.0000 0.0000 0.0000

0.1724 0.0000 0.0000 0.0000 0.0000
0.1724 0.0345 0.025553 0.999673 0.846888
0.1724 0.0690 0.055403 0.998464 0.781224
0.1724 0.1034 0.090626 0.995885 0.716384
0.1724 0.1379 0.132641 0.991164 0.652615
0.1724 0.1724 0.183315 0.983054 0.590264
0.1724 0.2069 0.245069 0.969506 0.529831
0.1724 0.2414 0.320909 0.947110 0.472054
0.1724 0.2759 0.414146 0.910211 0.418034
0.1724 0.3103 0.527219 0.849730 0.369426
0.1724 0.3448 0.658505 0.752577 0.328637
0.1724 0.3793 0.796453 0.604700 0.298887
0.1724 0.4138 0.915463 0.402401 0.283671
0.1724 0.4483 0.986008 0.166696 0.285324
0.1724 0.4828 0.998034 -0.062671 0.303569
0.1724 0.5172 0.966937 -0.255016 0.335713
0.1724 0.5517 0.915463 -0.402401 0.378229
0.1724 0.5862 0.859496 -0.511142 0.428036
0.1724 0.6207 0.806687 -0.590979 0.482884
0.1724 0.6552 0.759691 -0.650285 0.541243
0.1724 0.6897 0.718857 -0.695158 0.602092
0.1724 0.7241 0.683655 -0.729805 0.664749
0.1724 0.7586 0.653314 -0.757087 0.728746
0.1724 0.7931 0.627067 -0.778965 0.793760
0.1724 0.8276 0.0000 0.0000 0.0000
0.1724 0.8621 0.0000 0.0000 0.0000
0.1724 0.8966 0.0000 0.0000 0.0000
0.1724 0.9310 0.0000 0.0000 0.0000
0.1724 0.9655 0.0000 0.0000 0.0000
0.1724 1.0000 0.0000 0.0000 0.0000

0.2069 0.0000 0.0000 0.0000 0.0000
0.2069 0.0345 0.028175 0.999603 0.970659
0.2069 0.0690 0.061316 0.998118 0.892047
0.2069 0.1034 0.100718 0.994915 0.814606
0.2069 0.1379 0.148089 0.988974 0.738704
0.2069 0.1724 0.205668 0.978622 0.664868
0.2069 0.2069 0.276307 0.961069 0.593869
0.2069 0.2414 0.363361 0.931648 0.526856
0.2069 0.2759 0.469952 0.882692 0.465552
0.2069 0.3103 0.596674 0.802484 0.412512
0.2069 0.3448 0.736569 0.676362 0.371294
0.2069 0.3793 0.869087 0.494658 0.346147
0.2069 0.4138 0.963398 0.268076 0.340649
0.2069 0.4483 0.999485 0.032090 0.355712
0.2069 0.4828 0.984375 -0.176087 0.388955
0.2069 0.5172 0.940365 -0.340167 0.436241
0.2069 0.5517 0.886585 -0.462566 0.493550
0.2069 0.5862 0.833490 -0.552534 0.557802
0.2069 0.6207 0.785290 -0.619128 0.626865
0.2069 0.6552 0.743040 -0.669247 0.699315
0.2069 0.6897 0.706492 -0.707721 0.774202
0.2069 0.7241 0.674965 -0.737850 0.850883
0.2069 0.7586 0.647708 -0.761889 0.928914
0.2069 0.7931 0.0000 0.0000 0.0000
0.2069 0.8276 0.0000 0.0000 0.0000
0.2069 0.8621 0.0000 0.0000 0.0000
0.2069 0.8966 0.0000 0.0000 0.0000
0.2069 0.9310 0.0000 0.0000 0.0000
0.2069 0.9655 0.0000 0.0000 0.0000
0.2069 1.0000 0.0000 0.0000 0.0000

0.2414 0.0000 0.0000 0.0000 0.0000
0.2414 0.0345 0.030629 0.999531 1.079222
0.2414 0.0690 0.066934 0.997757 0.987709
0.2414 0.1034 0.110461 0.993881 0.897765
0.2414 0.1379 0.163256 0.986584 0.809915
0.2414 0.1724 0.227997 0.973662 0.724919
0.2414 0.2069 0.308017 0.951381 0.643910
0.2414 0.2414 0.406953 0.913449 0.568594
0.2414 0.2759 0.527268 0.849699 0.501542
0.2414 0.3103 0.666312 0.745673 0.446492
0.2414 0.3448 0.809541 0.587063 0.408329
0.2414 0.3793 0.927553 0.373691 0.392015
0.2414 0.4138 0.991103 0.133098 0.400232
0.2414 0.4483 0.995706 -0.092573 0.431580
0.2414 0.4828 0.961000 -0.276547 0.481563
0.2414 0.5172 0.909663 -0.415347 0.545079
0.2414 0.5517 0.855859 -0.517210 0.617969
0.2414 0.5862 0.805895 -0.592058 0.697299
0.2414 0.6207 0.761744 -0.647878 0.781110
0.2414 0.6552 0.723486 -0.690339 0.868105
0.2414 0.6897 0.690523 -0.723310 0.957416
0.2414 0.7241 0.662094 -0.749421 1.048452
0.2414 0.7586 0.0000 0.0000 0.0000
0.2414 0.7931 0.0000 0.0000 0.0000
0.2414 0.8276 0.0000 0.0000 0.0000
0.2414 0.8621 0.0000 0.0000 0.0000
0.2414 0.8966 0.0000 0.0000 0.0000
0.2414 0.9310 0.0000 0.0000 0.0000
0.2414 0.9655 0.0000 0.0000 0.0000
0.2414 1.0000 0.0000 0.0000 0.0000

0.2759 0.0000 0.0000 0.0000 0.0000
0.2759 0.0345 0.033058 0.999453 1.172579
0.2759 0.0690 0.072576 0.997363 1.068215
0.2759 0.1034 0.120398 0.992726 0.965885
0.2759 0.1379 0.178982 0.983852 0.866308
0.2759 0.1724 0.251530 0.967850 0.770552
0.2759 0.2069 0.341911 0.939732 0.680235
0.2759 0.2414 0.453884 0.891061 0.597826
0.2759 0.2759 0.588386 0.808580 0.527047
0.2759 0.3103 0.737342 0.675520 0.473146
0.2759 0.3448 0.876329 0.481712 0.442338
0.2759 0.3793 0.970174 0.242408 0.439506
0.2759 0.4138 1.000000 0.000000 0.465161
0.2759 0.4483 0.978373 -0.206848 0.515063
0.2759 0.4828 0.930821 -0.365476 0.583020
0.2759 0.5172 0.876329 -0.481712 0.663507
0.2759 0.5517 0.824189 -0.566314 0.752514
0.2759 0.5862 0.777683 -0.628657 0.847360
0.2759 0.6207 0.737342 -0.675520 0.946292
0.2759 0.6552 0.702669 -0.711517 1.048153
0.2759 0.6897 0.672878 -0.739753 1.152166
0.2759 0.7241 0.0000 0.0000 0.0000
0.2759 0.7586 0.0000 0.0000 0.0000
0.2759 0.7931 0.0000 0.0000 0.0000
0.2759 0.8276 0.0000 0.0000 0.0000
0.2759 0.8621 0.0000 0.0000 0.0000
0.2759 0.8966 0.0000 0.0000 0.0000
0.2759 0.9310 0.0000 0.0000 0.0000
0.2759 0.9655 0.0000 0.0000 0.0000
0.2759 1.0000 0.0000 0.0000 0.0000

0.3103 0.0000 0.0000 0.0000 0.0000
0.3103 0.0345 0.035556 0.999368 1.250731
0.3103 0.0690 0.078461 0.996917 1.133578
0.3103 0.1034 0.130925 0.991392 1.018997
0.3103 0.1379 0.195915 0.980621 0.907964
0.3103 0.1724 0.277266 0.960793 0.801953
0.3103 0.2069 0.379423 0.925223 0.703240
0.3103 0.2414 0.505888 0.862599 0.615346
0.3103 0.2759 0.654531 0.756035 0.543545
0.3103 0.3103 0.808736 0.588172 0.494893
0.3103 0.3448 0.933217 0.359313 0.476533
0.3103 0.3793 0.994532 0.104433 0.491869
0.3103 0.4138 0.991865 -0.127298 0.538028
0.3103 0.4483 0.950813 -0.309767 0.608029
0.3103 0.4828 0.896200 -0.443650 0.694702
0.3103 0.5172 0.841617 -0.540075 0.792597
0.3103 0.5517 0.792309 -0.610120 0.898051
0.3103 0.5862 0.749487 -0.662019 1.008696
0.3103 0.6207 0.712801 -0.701366 1.123000
0.3103 0.6552 0.681436 -0.731877 1.239949
0.3103 0.6897 0.0000 0.0000 0.0000
0.3103 0.7241 0.0000 0.0000 0.0000
0.3103 0.7586 0.0000 0.0000 0.0000
0.3103 0.7931 0.0000 0.0000 0.0000
0.3103 0.8276 0.0000 0.0000 0.0000
0.3103 0.8621 0.0000 0.0000 0.0000
0.3103 0.8966 0.0000 0.0000 0.0000
0.3103 0.9310 0.0000 0.0000 0.0000
0.3103 0.9655 0.0000 0.0000 0.0000
0.3103 1.0000 0.0000 0.0000 0.0000

0.3448 0.0000 0.0000 0.0000 0.0000
0.3448 0.0345 0.038197 0.999270 1.313682
0.3448 0.0690 0.084774 0.996400 1.183810
0.3448 0.1034 0.142398 0.989810 1.057146
0.3448 0.1379 0.214668 0.976687 0.934996
0.3448 0.1724 0.306197 0.951968 0.819380
0.3448 0.2069 0.421973 0.906608 0.713482
0.3448 0.2414 0.564451 0.825467 0.622283
0.3448 0.2759 0.725772 0.687935 0.553103
0.3448 0.3103 0.877082 0.480340 0.514895
0.3448 0.3448 0.975087 0.221821 0.514604
0.3448 0.3793 0.999407 -0.034447 0.552290
0.3448 0.4138 0.969509 -0.245057 0.621078
0.3448 0.4483 0.916165 -0.400801 0.712010
0.3448 0.4828 0.859080 -0.511842 0.817732
0.3448 0.5172 0.806527 -0.591198 0.933231
0.3448 0.5517 0.760782 -0.649008 1.055301
0.3448 0.5862 0.721741 -0.692163 1.181909
0.3448 0.6207 0.688559 -0.725180 1.311740
0.3448 0.6552 0.0000 0.0000 0.0000
0.3448 0.6897 0.0000 0.0000 0.0000
0.3448 0.7241 0.0000 0.0000 0.0000
0.3448 0.7586 0.0000 0.0000 0.0000
0.3448 0.7931 0.0000 0.0000 0.0000
0.3448 0.8276 0.0000 0.0000 0.0000
0.3448 0.8621 0.0000 0.0000 0.0000
0.3448 0.8966 0.0000 0.0000 0.0000
0.3448 0.9310 0.0000 0.0000 0.0000
0.3448 0.9655 0.0000 0.0000 0.0000
0.3448 1.0000 0.0000 0.0000 0.0000

0.3793 0.0000 0.0000 0.0000 0.0000
0.3793 0.0345 0.041049 0.999157 1.361433
0.3793 0.0690 0.091697 0.995787 1.218928
0.3793 0.1034 0.155183 0.987886 1.080389
0.3793 0.1379 0.235916 0.971773 0.947555
0.3793 0.1724 0.339446 0.940626 0.823193
0.3793 0.2069 0.471108 0.882075 0.711758
0.3793 0.2414 0.630708 0.776020 0.620257
0.3793 0.2759 0.800409 0.599455 0.558573
0.3793 0.3103 0.936493 0.350687 0.537081
0.3793 0.3448 0.997207 0.074684 0.560424
0.3793 0.3793 0.985821 -0.167799 0.623586
0.3793 0.4138 0.936493 -0.350687 0.716108
0.3793 0.4483 0.877214 -0.480099 0.828208
0.3793 0.4828 0.820987 -0.570948 0.953002
0.3793 0.5172 0.771816 -0.635845 1.086123
0.3793 0.5517 0.730021 -0.683424 1.224859
0.3793 0.5862 0.694740 -0.719261 1.367503
0.3793 0.6207 0.0000 0.0000 0.0000
0.3793 0.6552 0.0000 0.0000 0.0000
0.3793 0.6897 0.0000 0.0000 0.0000
0.3793 0.7241 0.0000 0.0000 0.0000
0.3793 0.7586 0.0000 0.0000 0.0000
0.3793 0.7931 0.0000 0.0000 0.0000
0.3793 0.8276 0.0000 0.0000 0.0000
0.3793 0.8621 0.0000 0.0000 0.0000
0.3793 0.8966 0.0000 0.0000 0.0000
0.3793 0.9310 0.0000 0.0000 0.0000
0.3793 0.9655 0.0000 0.0000 0.0000
0.3793 1.0000 0.0000 0.0000 0.0000

0.4138 0.0000 0.0000 0.0000 0.0000
0.4138 0.0345 0.044185 0.999023 1.393989
0.4138 0.0690 0.099428 0.995045 1.238957
0.4138 0.1034 0.169709 0.985494 1.088802
0.4138 0.1379 0.260478 0.965480 0.945850
0.4138 0.1724 0.378383 0.925649 0.813903
0.4138 0.2069 0.528531 0.848914 0.699222
0.4138 0.2414 0.704965 0.709242 0.611596
0.4138 0.2759 0.873998 0.485929 0.563785
0.4138 0.3103 0.979450 0.201688 0.565971
0.4138 0.3448 0.997264 -0.073928 0.617624
0.4138 0.3793 0.956962 -0.290212 0.707997
0.4138 0.4138 0.896494 -0.443055 0.824456
0.4138 0.4483 0.836229 -0.548380 0.957528
0.4138 0.4828 0.783055 -0.621952 1.101208
0.4138 0.5172 0.738029 -0.674769 1.251848
0.4138 0.5517 0.700315 -0.713834 1.407215
0.4138 0.5862 0.668679 -0.743551 1.565903
0.4138 0.6207 0.0000 0.0000 0.0000
0.4138 0.6552 0.0000 0.0000 0.0000
0.4138 0.6897 0.0000 0.0000 0.0000
0.4138 0.7241 0.0000 0.0000 0.0000
0.4138 0.7586 0.0000 0.0000 0.0000
0.4138 0.7931 0.0000 0.0000 0.0000
0.4138 0.8276 0.0000 0.0000 0.0000
0.4138 0.8621 0.0000 0.0000 0.0000
0.4138 0.8966 0.0000 0.0000 0.0000
0.4138 0.9310 0.0000 0.0000 0.0000
0.4138 0.9655 0.0000 0.0000 0.0000
0.4138 1.0000 0.0000 0.0000 0.0000

0.4483 0.0000 0.0000 0.0000 0.0000
0.4483 0.0345 0.047685 0.998862 1.411356
0.4483 0.0690 0.108207 0.994128 1.243927
0.4483 0.1034 0.186516 0.982452 1.082492
0.4483 0.1379 0.289411 0.957205 0.930176
0.4483 0.1724 0.424741 0.905315 0.792256
0.4483 0.2069 0.595949 0.803022 0.677583
0.4483 0.2414 0.785644 0.618679 0.599643
0.4483 0.2759 0.938626 0.344937 0.573612
0.4483 0.3103 0.999167 0.040798 0.606212
0.4483 0.3448 0.976543 -0.215323 0.689174
0.4483 0.3793 0.917229 -0.398360 0.807115
0.4483 0.4138 0.852760 -0.522303 0.947054
0.4483 0.4483 0.794916 -0.606720 1.100634
0.4483 0.4828 0.746078 -0.665859 1.262886
0.4483 0.5172 0.705526 -0.708684 1.430865
0.4483 0.5517 0.0000 0.0000 0.0000
0.4483 0.5862 0.0000 0.0000 0.0000
0.4483 0.6207 0.0000 0.0000 0.0000
0.4483 0.6552 0.0000 0.0000 0.0000
0.4483 0.6897 0.0000 0.0000 0.0000
0.4483 0.7241 0.0000 0.0000 0.0000
0.4483 0.7586 0.0000 0.0000 0.0000
0.4483 0.7931 0.0000 0.0000 0.0000
0.4483 0.8276 0.0000 0.0000 0.0000
0.4483 0.8621 0.0000 0.0000 0.0000
0.4483 0.8966 0.0000 0.0000 0.0000
0.4483 0.9310 0.0000 0.0000 0.0000
0.4483 0.9655 0.0000 0.0000 0.0000
0.4483 1.0000 0.0000 0.0000 0.0000

0.4828 0.0000 0.0000 0.0000 0.0000
0.4828 0.0345 0.051649 0.998665 1.413539
0.4828 0.0690 0.118340 0.992973 1.233878
0.4828 0.1034 0.206315 0.978486 1.061603
0.4828 0.1379 0.324135 0.946011 0.900961
0.4828 0.1724 0.480716 0.876876 0.759370
0.4828 0.2069 0.674530 0.738248 0.649415
0.4828 0.2414 0.867547 0.497356 0.589084
0.4828 0.2759 0.983767 0.179449 0.593704
0.4828 0.3103 0.992687 -0.120718 0.661916
0.4828 0.3448 0.939436 -0.342726 0.777151
0.4828 0.3793 0.871086 -0.491131 0.921943
0.4828 0.4138 0.807825 -0.589423 1.084517
0.4828 0.4483 0.754459 -0.656347 1.257998
0.4828 0.4828 0.710570 -0.703626 1.438446
0.4828 0.5172 0.0000 0.0000 0.0000
0.4828 0.5517 0.0000 0.0000 0.0000
0.4828 0.5862 0.0000 0.0000 0.0000
0.4828 0.6207 0.0000 0.0000 0.0000
0.4828 0.6552 0.0000 0.0000 0.0000
0.4828 0.6897 0.0000 0.0000 0.0000
0.4828 0.7241 0.0000 0.0000 0.0000
0.4828 0.7586 0.0000 0.0000 0.0000
0.4828 0.7931 0.0000 0.0000 0.0000
0.4828 0.8276 0.0000 0.0000 0.0000
0.4828 0.8621 0.0000 0.0000 0.0000
0.4828 0.8966 0.0000 0.0000 0.0000
0.4828 0.9310 0.0000 0.0000 0.0000
0.4828 0.9655 0.0000 0.0000 0.0000
0.4828 1.0000 0.0000 0.0000 0.0000

0.5172 0.0000 0.0000 0.0000 0.0000
0.5172 0.0345 0.056204 0.998419 1.400549
0.5172 0.0690 0.130231 0.991484 1.208868
0.5172 0.1034 0.230085 0.973170 1.026347
0.5172 0.1379 0.366612 0.930374 0.858847
0.5172 0.1724 0.548946 0.835858 0.716972
0.5172 0.2069 0.763474 0.645839 0.618613
0.5172 0.2414 0.940125 0.340831 0.586104
0.5172 0.2759 1.000000 0.000000 0.629727
0.5172 0.3103 0.962469 -0.271391 0.736068
0.5172 0.3448 0.891717 -0.452593 0.882744
0.5172 0.3793 0.822265 -0.569104 1.053035
0.5172 0.4138 0.763474 -0.645839 1.237226
0.5172 0.4483 0.715620 -0.698490 1.429957
0.5172 0.4828 0.0000 0.0000 0.0000
0.5172 0.5172 0.0000 0.0000 0.0000
0.5172 0.5517 0.0000 0.0000 0.0000
0.5172 0.5862 0.0000 0.0000 0.0000
0.5172 0.6207 0.0000 0.0000 0.0000
0.5172 0.6552 0.0000 0.0000 0.0000
0.5172 0.6897 0.0000 0.0000 0.0000
0.5172 0.7241 0.0000 0.0000 0.0000
0.5172 0.7586 0.0000 0.0000 0.0000
0.5172 0.7931 0.0000 0.0000 0.0000
0.5172 0.8276 0.0000 0.0000 0.0000
0.5172 0.8621 0.0000 0.0000 0.0000
0.5172 0.8966 0.0000 0.0000 0.0000
0.5172 0.9310 0.0000 0.0000 0.0000
0.5172 0.9655 0.0000 0.0000 0.0000
0.5172 1.0000 0.0000 0.0000 0.0000

0.5517 0.0000 0.0000 0.0000 0.0000
0.5517 0.0345 0.061515 0.998106 1.372397
0.5517 0.0690 0.144440 0.989514 1.168977
0.5517 0.1034 0.259223 0.965818 0.977036
0.5517 0.1379 0.419583 0.907717 0.804831
0.5517 0.1724 0.632093 0.774893 0.667808
0.5517 0.2069 0.857138 0.515087 0.590967
0.5517 0.2414 0.988270 0.152715 0.597977
0.5517 0.2759 0.984135 -0.177422 0.686274
0.5517 0.3103 0.915083 -0.403266 0.830318
0.5517 0.3448 0.838821 -0.544407 1.006452
0.5517 0.3793 0.773472 -0.633831 1.200634
0.5517 0.4138 0.720846 -0.693095 1.405404
0.5517 0.4483 0.0000 0.0000 0.0000
0.5517 0.4828 0.0000 0.0000 0.0000
0.5517 0.5172 0.0000 0.0000 0.0000
0.5517 0.5517 0.0000 0.0000 0.0000
0.5517 0.5862 0.0000 0.0000 0.0000
0.5517 0.6207 0.0000 0.0000 0.0000
0.5517 0.6552 0.0000 0.0000 0.0000
0.5517 0.6897 0.0000 0.0000 0.0000
0.5517 0.7241 0.0000 0.0000 0.0000
0.5517 0.7586 0.0000 0.0000 0.0000
0.5517 0.7931 0.0000 0.0000 0.0000
0.5517 0.8276 0.0000 0.0000 0.0000
0.5517 0.8621 0.0000 0.0000 0.0000
0.5517 0.8966 0.0000 0.0000 0.0000
0.5517 0.9310 0.0000 0.0000 0.0000
0.5517 0.9655 0.0000 0.0000 0.0000
0.5517 1.0000 0.0000 0.0000 0.0000

0.5862 0.0000 0.0000 0.0000 0.0000
0.5862 0.0345 0.067813 0.997698 1.329100
0.5862 0.0690 0.161768 0.986829 1.114320
0.5862 0.1034 0.295785 0.955254 0.914150
0.5862 0.1379 0.486842 0.873490 0.740534
0.5862 0.1724 0.731184 0.682181 0.616335
0.5862 0.2069 0.941235 0.337752 0.574548
0.5862 0.2414 0.998689 -0.051195 0.631744
0.5862 0.2759 0.941235 -0.337752 0.766064
0.5862 0.3103 0.858225 -0.513274 0.945180
0.5862 0.3448 0.784893 -0.619631 1.148319
0.5862 0.3793 0.726438 -0.687232 1.364795
0.5862 0.4138 0.680589 -0.732666 1.589167
0.5862 0.4483 0.0000 0.0000 0.0000
0.5862 0.4828 0.0000 0.0000 0.0000
0.5862 0.5172 0.0000 0.0000 0.0000
0.5862 0.5517 0.0000 0.0000 0.0000
0.5862 0.5862 0.0000 0.0000 0.0000
0.5862 0.6207 0.0000 0.0000 0.0000
0.5862 0.6552 0.0000 0.0000 0.0000
0.5862 0.6897 0.0000 0.0000 0.0000
0.5862 0.7241 0.0000 0.0000 0.0000
0.5862 0.7586 0.0000 0.0000 0.0000
0.5862 0.7931 0.0000 0.0000 0.0000
0.5862 0.8276 0.0000 0.0000 0.0000
0.5862 0.8621 0.0000 0.0000 0.0000
0.5862 0.8966 0.0000 0.0000 0.0000
0.5862 0.9310 0.0000 0.0000 0.0000
0.5862 0.9655 0.0000 0.0000 0.0000
0.5862 1.0000 0.0000 0.0000 0.0000

0.6207 0.0000 0.0000 0.0000 0.0000
0.6207 0.0345 0.075423 0.997152 1.270682
0.6207 0.0690 0.183409 0.983037 1.045076
0.6207 0.1034 0.342904 0.939370 0.838470
0.6207 0.1379 0.573271 0.819366 0.668711
0.6207 0.1724 0.841056 0.540947 0.569749
0.6207 0.2069 0.992981 0.118271 0.579094
0.6207 0.2414 0.968939 -0.247301 0.692374
0.6207 0.2759 0.881382 -0.472403 0.869891
0.6207 0.3103 0.798333 -0.602216 1.080432
0.6207 0.3448 0.732625 -0.680632 1.308149
0.6207 0.3793 0.0000 0.0000 0.0000
0.6207 0.4138 0.0000 0.0000 0.0000
0.6207 0.4483 0.0000 0.0000 0.0000
0.6207 0.4828 0.0000 0.0000 0.0000
0.6207 0.5172 0.0000 0.0000 0.0000
0.6207 0.5517 0.0000 0.0000 0.0000
0.6207 0.5862 0.0000 0.0000 0.0000
0.6207 0.6207 0.0000 0.0000 0.0000
0.6207 0.6552 0.0000 0.0000 0.0000
0.6207 0.6897 0.0000 0.0000 0.0000
0.6207 0.7241 0.0000 0.0000 0.0000
0.6207 0.7586 0.0000 0.0000 0.0000
0.6207 0.7931 0.0000 0.0000 0.0000
0.6207 0.8276 0.0000 0.0000 0.0000
0.6207 0.8621 0.0000 0.0000 0.0000
0.6207 0.8966 0.0000 0.0000 0.0000
0.6207 0.9310 0.0000 0.0000 0.0000
0.6207 0.9655 0.0000 0.0000 0.0000
0.6207 1.0000 0.0000 0.0000 0.0000

0.6552 0.0000 0.0000 0.0000 0.0000
0.6552 0.0345 0.084821 0.996396 1.197180
0.6552 0.0690 0.211218 0.977439 0.961527
0.6552 0.1034 0.405463 0.914112 0.751332
0.6552 0.1379 0.683515 0.729936 0.594256
0.6552 0.1724 0.942091 0.335358 0.538938
0.6552 0.2069 0.993034 -0.117831 0.613549
0.6552 0.2414 0.909290 -0.416162 0.781731
0.6552 0.2759 0.814635 -0.579974 0.997215
0.6552 0.3103 0.739714 -0.672922 1.235494
0.6552 0.3448 0.0000 0.0000 0.0000
0.6552 0.3793 0.0000 0.0000 0.0000
0.6552 0.4138 0.0000 0.0000 0.0000
0.6552 0.4483 0.0000 0.0000 0.0000
0.6552 0.4828 0.0000 0.0000 0.0000
0.6552 0.5172 0.0000 0.0000 0.0000
0.6552 0.5517 0.0000 0.0000 0.0000
0.6552 0.5862 0.0000 0.0000 0.0000
0.6552 0.6207 0.0000 0.0000 0.0000
0.6552 0.6552 0.0000 0.0000 0.0000
0.6552 0.6897 0.0000 0.0000 0.0000
0.6552 0.7241 0.0000 0.0000 0.0000
0.6552 0.7586 0.0000 0.0000 0.0000
0.6552 0.7931 0.0000 0.0000 0.0000
0.6552 0.8276 0.0000 0.0000 0.0000
0.6552 0.8621 0.0000 0.0000 0.0000
0.6552 0.8966 0.0000 0.0000 0.0000
0.6552 0.9310 0.0000 0.0000 0.0000
0.6552 0.9655 0.0000 0.0000 0.0000
0.6552 1.0000 0.0000 0.0000 0.0000

0.6897 0.0000 0.0000 0.0000 0.0000
0.6897 0.0345 0.096742 0.995309 1.108648
0.6897 0.0690 0.248230 0.968701 0.864145
0.6897 0.1034 0.491088 0.871110 0.655198
0.6897 0.1379 0.815562 0.578669 0.526034
0.6897 0.1724 0.997492 0.070776 0.537615
0.6897 0.2069 0.942449 -0.334350 0.682816
0.6897 0.2414 0.835049 -0.550175 0.899076
0.6897 0.2759 0.748141 -0.663540 1.146878
0.6897 0.3103 0.0000 0.0000 0.0000
0.6897 0.3448 0.0000 0.0000 0.0000
0.6897 0.3793 0.0000 0.0000 0.0000
0.6897 0.4138 0.0000 0.0000 0.0000
0.6897 0.4483 0.0000 0.0000 0.0000
0.6897 0.4828 0.0000 0.0000 0.0000
0.6897 0.5172 0.0000 0.0000 0.0000
0.6897 0.5517 0.0000 0.0000 0.0000
0.6897 0.5862 0.0000 0.0000 0.0000
0.6897 0.6207 0.0000 0.0000 0.0000
0.6897 0.6552 0.0000 0.0000 0.0000
0.6897 0.6897 0.0000 0.0000 0.0000
0.6897 0.7241 0.0000 0.0000 0.0000
0.6897 0.7586 0.0000 0.0000 0.0000
0.6897 0.7931 0.0000 0.0000 0.0000
0.6897 0.8276 0.0000 0.0000 0.0000
0.6897 0.8621 0.0000 0.0000 0.0000
0.6897 0.8966 0.0000 0.0000 0.0000
0.6897 0.9310 0.0000 0.0000 0.0000
0.6897 0.9655 0.0000 0.0000 0.0000
0.6897 1.0000 0.0000 0.0000 0.0000

0.7241 0.0000 0.0000 0.0000 0.0000
0.7241 0.0345 0.112379 0.993665 1.005178
0.7241 0.0690 0.299712 0.954030 0.753796
0.7241 0.1034 0.610642 0.791907 0.554960
0.7241 0.1379 0.942770 0.333443 0.479272
0.7241 0.1724 0.978216 -0.207588 0.577381
0.7241 0.2069 0.861468 -0.507812 0.786756
0.7241 0.2414 0.758580 -0.651580 1.042376
0.7241 0.2759 0.0000 0.0000 0.0000
0.7241 0.3103 0.0000 0.0000 0.0000
0.7241 0.3448 0.0000 0.0000 0.0000
0.7241 0.3793 0.0000 0.0000 0.0000
0.7241 0.4138 0.0000 0.0000 0.0000
0.7241 0.4483 0.0000 0.0000 0.0000
0.7241 0.4828 0.0000 0.0000 0.0000
0.7241 0.5172 0.0000 0.0000 0.0000
0.7241 0.5517 0.0000 0.0000 0.0000
0.7241 0.5862 0.0000 0.0000 0.0000
0.7241 0.6207 0.0000 0.0000 0.0000
0.7241 0.6552 0.0000 0.0000 0.0000
0.7241 0.6897 0.0000 0.0000 0.0000
0.7241 0.7241 0.0000 0.0000 0.0000
0.7241 0.7586 0.0000 0.0000 0.0000
0.7241 0.7931 0.0000 0.0000 0.0000
0.7241 0.8276 0.0000 0.0000 0.0000
0.7241 0.8621 0.0000 0.0000 0.0000
0.7241 0.8966 0.0000 0.0000 0.0000
0.7241 0.9310 0.0000 0.0000 0.0000
0.7241 0.9655 0.0000 0.0000 0.0000
0.7241 1.0000 0.0000 0.0000 0.0000

0.7586 0.0000 0.0000 0.0000 0.0000
0.7586 0.0345 0.133797 0.991009 0.886928
0.7586 0.0690 0.375408 0.926860 0.632209
0.7586 0.1034 0.772139 0.635454 0.461063
0.7586 0.1379 1.000000 0.000000 0.474673
0.7586 0.1724 0.896644 -0.442752 0.661735
0.7586 0.2069 0.772139 -0.635454 0.922127
0.7586 0.2414 0.686866 -0.726784 1.209374
0.7586 0.2759 0.0000 0.0000 0.0000
0.7586 0.3103 0.0000 0.0000 0.0000
0.7586 0.3448 0.0000 0.0000 0.0000
0.7586 0.3793 0.0000 0.0000 0.0000
0.7586 0.4138 0.0000 0.0000 0.0000
0.7586 0.4483 0.0000 0.0000 0.0000
0.7586 0.4828 0.0000 0.0000 0.0000
0.7586 0.5172 0.0000 0.0000 0.0000
0.7586 0.5517 0.0000 0.0000 0.0000
0.7586 0.5862 0.0000 0.0000 0.0000
0.7586 0.6207 0.0000 0.0000 0.0000
0.7586 0.6552 0.0000 0.0000 0.0000
0.7586 0.6897 0.0000 0.0000 0.0000
0.7586 0.7241 0.0000 0.0000 0.0000
0.7586 0.7586 0.0000 0.0000 0.0000
0.7586 0.7931 0.0000 0.0000 0.0000
0.7586 0.8276 0.0000 0.0000 0.0000
0.7586 0.8621 0.0000 0.0000 0.0000
0.7586 0.8966 0.0000 0.0000 0.0000
0.7586 0.9310 0.0000 0.0000 0.0000
0.7586 0.9655 0.0000 0.0000 0.0000
0.7586 1.0000 0.0000 0.0000 0.0000

0.7931 0.0000 0.0000 0.0000 0.0000
0.7931 0.0345 0.164910 0.986309 0.754202
0.7931 0.0690 0.494204 0.869346 0.503337
0.7931 0.1034 0.943323 0.331876 0.395546
0.7931 0.1379 0.943323 -0.331876 0.527394
0.7931 0.1724 0.790799 -0.612076 0.786393
0.7931 0.2069 0.0000 0.0000 0.0000
0.7931 0.2414 0.0000 0.0000 0.0000
0.7931 0.2759 0.0000 0.0000 0.0000
0.7931 0.3103 0.0000 0.0000 0.0000
0.7931 0.3448 0.0000 0.0000 0.0000
0.7931 0.3793 0.0000 0.0000 0.0000
0.7931 0.4138 0.0000 0.0000 0.0000
0.7931 0.4483 0.0000 0.0000 0.0000
0.7931 0.4828 0.0000 0.0000 0.0000
0.7931 0.5172 0.0000 0.0000 0.0000
0.7931 0.5517 0.0000 0.0000 0.0000
0.7931 0.5862 0.0000 0.0000 0.0000
0.7931 0.6207 0.0000 0.0000 0.0000
0.7931 0.6552 0.0000 0.0000 0.0000
0.7931 0.6897 0.0000 0.0000 0.0000
0.7931 0.7241 0.0000 0.0000 0.0000
0.7931 0.7586 0.0000 0.0000 0.0000
0.7931 0.7931 0.0000 0.0000 0.0000
0.7931 0.8276 0.0000 0.0000 0.0000
0.7931 0.8621 0.0000 0.0000 0.0000
0.7931 0.8966 0.0000 0.0000 0.0000
0.7931 0.9310 0.0000 0.0000 0.0000
0.7931 0.9655 0.0000 0.0000 0.0000
0.7931 1.0000 0.0000 0.0000 0.0000

0.8276 0.0000 0.0000 0.0000 0.0000
0.8276 0.0345 0.214070 0.976818 0.607666
0.8276 0.0690 0.688617 0.725125 0.377810
0.8276 0.1034 0.993225 -0.116209 0.392912
0.8276 0.1379 0.818458 -0.574566 0.635748
0.8276 0.1724 0.0000 0.0000 0.0000
0.8276 0.2069 0.0000 0.0000 0.0000
0.8276 0.2414 0.0000 0.0000 0.0000
0.8276 0.2759 0.0000 0.0000 0.0000
0.8276 0.3103 0.0000 0.0000 0.0000
0.8276 0.3448 0.0000 0.0000 0.0000
0.8276 0.3793 0.0000 0.0000 0.0000
0.8276 0.4138 0.0000 0.0000 0.0000
0.8276 0.4483 0.0000 0.0000 0.0000
0.8276 0.4828 0.0000 0.0000 0.0000
0.8276 0.5172 0.0000 0.0000 0.0000
0.8276 0.5517 0.0000 0.0000 0.0000
0.8276 0.5862 0.0000 0.0000 0.0000
0.8276 0.6207 0.0000 0.0000 0.0000
0.8276 0.6552 0.0000 0.0000 0.0000
0.8276 0.6897 0.0000 0.0000 0.0000
0.8276 0.7241 0.0000 0.0000 0.0000
0.8276 0.7586 0.0000 0.0000 0.0000
0.8276 0.7931 0.0000 0.0000 0.0000
0.8276 0.8276 0.0000 0.0000 0.0000
0.8276 0.8621 0.0000 0.0000 0.0000
0.8276 0.8966 0.0000 0.0000 0.0000
0.8276 0.9310 0.0000 0.0000 0.0000
0.8276 0.9655 0.0000 0.0000 0.0000
0.8276 1.0000 0.0000 0.0000 0.0000

0.8621 0.0000 0.0000 0.0000 0.0000
0.8621 0.0345 0.302373 0.953190 0.449084
0.8621 0.0690 0.943781 0.330571 0.287759
0.8621 0.1034 0.863614 -0.504153 0.471706
0.8621 0.1379 0.689384 -0.724396 0.787896
0.8621 0.1724 0.0000 0.0000 0.0000
0.8621 0.2069 0.0000 0.0000 0.0000
0.8621 0.2414 0.0000 0.0000 0.0000
0.8621 0.2759 0.0000 0.0000 0.0000
0.8621 0.3103 0.0000 0.0000 0.0000
0.8621 0.3448 0.0000 0.0000 0.0000
0.8621 0.3793 0.0000 0.0000 0.0000
0.8621 0.4138 0.0000 0.0000 0.0000
0.8621 0.4483 0.0000 0.0000 0.0000
0.8621 0.4828 0.0000 0.0000 0.0000
0.8621 0.5172 0.0000 0.0000 0.0000
0.8621 0.5517 0.0000 0.0000 0.0000
0.8621 0.5862 0.0000 0.0000 0.0000
0.8621 0.6207 0.0000 0.0000 0.0000
0.8621 0.6552 0.0000 0.0000 0.0000
0.8621 0.6897 0.0000 0.0000 0.0000
0.8621 0.7241 0.0000 0.0000 0.0000
0.8621 0.7586 0.0000 0.0000 0.0000
0.8621 0.7931 0.0000 0.0000 0.0000
0.8621 0.8276 0.0000 0.0000 0.0000
0.8621 0.8621 0.0000 0.0000 0.0000
0.8621 0.8966 0.0000 0.0000 0.0000
0.8621 0.9310 0.0000 0.0000 0.0000
0.8621 0.9655 0.0000 0.0000 0.0000
0.8621 1.0000 0.0000 0.0000 0.0000

0.8966 0.0000 0.0000 0.0000 0.0000
0.8966 0.0345 0.496588 0.867986 0.284941
0.8966 0.0690 0.943982 -0.329997 0.299790
0.8966 0.1034 0.0000 0.0000 0.0000
0.8966 0.1379 0.0000 0.0000 0.0000
0.8966 0.1724 0.0000 0.0000 0.0000
0.8966 0.2069 0.0000 0.0000 0.0000
0.8966 0.2414 0.0000 0.0000 0.0000
0.8966 0.2759 0.0000 0.0000 0.0000
0.8966 0.3103 0.0000 0.0000 0.0000
0.8966 0.3448 0.0000 0.0000 0.0000
0.8966 0.3793 0.0000 0.0000 0.0000
0.8966 0.4138 0.0000 0.0000 0.0000
0.8966 0.4483 0.0000 0.0000 0.0000
0.8966 0.4828 0.0000 0.0000 0.0000
0.8966 0.5172 0.0000 0.0000 0.0000
0.8966 0.5517 0.0000 0.0000 0.0000
0.8966 0.5862 0.0000 0.0000 0.0000
0.8966 0.6207 0.0000 0.0000 0.0000
0.8966 0.6552 0.0000 0.0000 0.0000
0.8966 0.6897 0.0000 0.0000 0.0000
0.8966 0.7241 0.0000 0.0000 0.0000
0.8966 0.7586 0.0000 0.0000 0.0000
0.8966 0.7931 0.0000 0.0000 0.0000
0.8966 0.8276 0.0000 0.0000 0.0000
0.8966 0.8621 0.0000 0.0000 0.0000
0.8966 0.8966 0.0000 0.0000 0.0000
0.8966 0.9310 0.0000 0.0000 0.0000
0.8966 0.9655 0.0000 0.0000 0.0000
0.8966 1.0000 0.0000 0.0000 0.0000

0.9310 0.0000 0.0000 0.0000 0.0000
0.9310 0.0345 0.944167 0.329467 0.155911
0.9310 0.0690 0.690741 -0.723102 0.426225
0.9310 0.1034 0.0000 0.0000 0.0000
0.9310 0.1379 0.0000 0.0000 0.0000
0.9310 0.1724 0.0000 0.0000 0.0000
0.9310 0.2069 0.0000 0.0000 0.0000
0.9310 0.2414 0.0000 0.0000 0.0000
0.9310 0.2759 0.0000 0.0000 0.0000
0.9310 0.3103 0.0000 0.0000 0.0000
0.9310 0.3448 0.0000 0.0000 0.0000
0.9310 0.3793 0.0000 0.0000 0.0000
0.9310 0.4138 0.0000 0.0000 0.0000
0.9310 0.4483 0.0000 0.0000 0.0000
0.9310 0.4828 0.0000 0.0000 0.0000
0.9310 0.5172 0.0000 0.0000 0.0000
0.9310 0.5517 0.0000 0.0000 0.0000
0.9310 0.5862 0.0000 0.0000 0.0000
0.9310 0.6207 0.0000 0.0000 0.0000
0.9310 0.6552 0.0000 0.0000 0.0000
0.9310 0.6897 0.0000 0.0000 0.0000
0.9310 0.7241 0.0000 0.0000 0.0000
0.9310 0.7586 0.0000 0.0000 0.0000
0.9310 0.7931 0.0000 0.0000 0.0000
0.9310 0.8276 0.0000 0.0000 0.0000
0.9310 0.8621 0.0000 0.0000 0.0000
0.9310 0.8966 0.0000 0.0000 0.0000
0.9310 0.9310 0.0000 0.0000 0.0000
0.9310 0.9655 0.0000 0.0000 0.0000
0.9310 1.0000 0.0000 0.0000 0.0000

0.9655 0.0000 0.0000 0.0000 0.0000
0.9655 0.0345 0.0000 0.0000 0.0000
0.9655 0.0690 0.0000 0.0000 0.0000
0.9655 0.1034 0.0000 0.0000 0.0000
0.9655 0.1379 0.0000 0.0000 0.0000
0.9655 0.1724 0.0000 0.0000 0.0000
0.9655 0.2069 0.0000 0.0000 0.0000
0.9655 0.2414 0.0000 0.0000 0.0000
0.9655 0.2759 0.0000 0.0000 0.0000
0.9655 0.3103 0.0000 0.0000 0.0000
0.9655 0.3448 0.0000 0.0000 0.0000
0.9655 0.3793 0.0000 0.0000 0.0000
0.9655 0.4138 0.0000 0.0000 0.0000
0.9655 0.4483 0.0000 0.0000 0.0000
0.9655 0.4828 0.0000 0.0000 0.0000
0.9655 0.5172 0.0000 0.0000 0.0000
0.9655 0.5517 0.0000 0.0000 0.0000
0.9655 0.5862 0.0000 0.0000 0.0000
0.9655 0.6207 0.0000 0.0000 0.0000
0.9655 0.6552 0.0000 0.0000 0.0000
0.9655 0.6897 0.0000 0.0000 0.0000
0.9655 0.7241 0.0000 0.0000 0.0000
0.9655 0.7586 0.0000 0.0000 0.0000
0.9655 0.7931 0.0000 0.0000 0.0000
0.9655 0.8276 0.0000 0.0000 0.0000
0.9655 0.8621 0.0000 0.0000 0.0000
0.9655 0.8966 0.0000 0.0000 0.0000
0.9655 0.9310 0.0000 0.0000 0.0000
0.9655 0.9655 0.0000 0.0000 0.0000
0.9655 1.0000 0.0000 0.0000 0.0000

1.0000 0.0000 0.0000 0.0000 0.0000
1.0000 0.0345 0.0000 0.0000 0.0000
1.0000 0.0690 0.0000 0.0000 0.0000
1.0000 0.1034 0.0000 0.0000 0.0000
1.0000 0.1379 0.0000 0.0000 0.0000
1.0000 0.1724 0.0000 0.0000 0.0000
1.0000 0.2069 0.0000 0.0000 0.0000
1.0000 0.2414 0.0000 0.0000 0.0000
1.0000 0.2759 0.0000 0.0000 0.0000
1.0000 0.3103 0.0000 0.0000 0.0000
1.0000 0.3448 0.0000 0.0000 0.0000
1.0000 0.3793 0.0000 0.0000 0.0000
1.0000 0.4138 0.0000 0.0000 0.0000
1.0000 0.4483 0.0000 0.0000 0.0000
1.0000 0.4828 0.0000 0.0000 0.0000
1.0000 0.5172 0.0000 0.0000 0.0000
1.0000 0.5517 0.0000 0.0000 0.0000
1.0000 0.5862 0.0000 0.0000 0.0000
1.0000 0.6207 0.0000 0.0000 0.0000
1.0000 0.6552 0.0000 0.0000 0.0000
1.0000 0.6897 0.0000 0.0000 0.0000
1.0000 0.7241 0.0000 0.0000 0.0000
1.0000 0.7586 0.0000 0.0000 0.0000
1.0000 0.7931 0.0000 0.0000 0.0000
1.0000 0.8276 0.0000 0.0000 0.0000
1.0000 0.8621 0.0000 0.0000 0.0000
1.0000 0.8966 0.0000 0.0000 0.0000
1.0000 0.9310 0.0000 0.0000 0.0000
1.0000 0.9655 0.0000 0.0000 0.0000
1.0000 1.0000 0.0000 0.0000 0.0000

