0.0000 0.0000 0.0000 0.0000 0.0000
0.0000 0.0345 0.0000 0.0000 0.0000
0.0000 0.0690 0.0000 0.0000 0.0000
0.0000 0.1034 0.0000 0.0000 0.0000
0.0000 0.1379 0.0000 0.0000 0.0000
0.0000 0.1724 0.0000 0.0000 0.0000
0.0000 0.2069 0.0000 0.0000 0.0000
0.0000 0.2414 0.0000 0.0000 0.0000
0.0000 0.2759 0.0000 0.0000 0.0000
0.0000 0.3103 0.0000 0.0000 0.0000
0.0000 0.3448 0.0000 0.0000 0.0000
0.0000 0.3793 0.0000 0.0000 0.0000
0.0000 0.4138 0.0000 0.0000 0.0000
0.0000 0.4483 0.0000 0.0000 0.0000
0.0000 0.4828 0.0000 0.0000 0.0000
0.0000 0.5172 0.0000 0.0000 0.0000
0.0000 0.5517 0.0000 0.0000 0.0000
0.0000 0.5862 0.0000 0.0000 0.0000
0.0000 0.6207 0.0000 0.0000 0.0000
0.0000 0.6552 0.0000 0.0000 0.0000
0.0000 0.6897 0.0000 0.0000 0.0000
0.0000 0.7241 0.0000 0.0000 0.0000
0.0000 0.7586 0.0000 0.0000 0.0000
0.0000 0.7931 0.0000 0.0000 0.0000
0.0000 0.8276 0.0000 0.0000 0.0000
0.0000 0.8621 0.0000 0.0000 0.0000
0.0000 0.8966 0.0000 0.0000 0.0000
0.0000 0.9310 0.0000 0.0000 0.0000
0.0000 0.9655 0.0000 0.0000 0.0000
0.0000 1.0000 0.0000 0.0000 0.0000

0.0345 0.0000 0.0000 0.0000 0.0000
0.0345 0.0345 0.003463 0.999994 0.274675
0.0345 0.0690 0.007421 0.999972 0.256369
0.0345 0.1034 0.011987 0.999928 0.238067
0.0345 0.1379 0.017313 0.999850 0.219771
0.0345 0.1724 0.023606 0.999721 0.201483
0.0345 0.2069 0.031154 0.999515 0.183204
0.0345 0.2414 0.040371 0.999185 0.164938
0.0345 0.2759 0.051878 0.998653 0.146690
0.0345 0.3103 0.066642 0.997777 0.128466
0.0345 0.3448 0.086257 0.996273 0.110280
0.0345 0.3793 0.113547 0.993533 0.092154
0.0345 0.4138 0.153985 0.988073 0.074130
0.0345 0.4483 0.219613 0.975587 0.056309
0.0345 0.4828 0.341743 0.939793 0.038969
0.0345 0.5172 0.614650 0.788800 0.023214
0.0345 0.5517 1.000000 0.000000 0.015220
0.0345 0.5862 0.661944 -0.749554 0.024430
0.0345 0.6207 0.423529 -0.905882 0.040428
0.0345 0.6552 0.312524 -0.949910 0.057831
0.0345 0.6897 0.251398 -0.967884 0.075677
0.0345 0.7241 0.213167 -0.977016 0.093712
0.0345 0.7586 0.187112 -0.982339 0.111845
0.0345 0.7931 0.168253 -0.985744 0.130035
0.0345 0.8276 0.153985 -0.988073 0.148261
0.0345 0.8621 0.142821 -0.989749 0.166511
0.0345 0.8966 0.133850 -0.991002 0.184778
0.0345 0.9310 0.126485 -0.991969 0.203058
0.0345 0.9655 0.0000 0.0000 0.0000
0.0345 1.0000 0.0000 0.0000 0.0000

0.0690 0.0000 0.0000 0.0000 0.0000
0.0690 0.0345 0.016649 0.999861 0.528492
0.0690 0.0690 0.035760 0.999360 0.492110
0.0690 0.1034 0.057896 0.998323 0.455937
0.0690 0.1379 0.083795 0.996483 0.420027
0.0690 0.1724 0.114436 0.993431 0.384452
0.0690 0.2069 0.151136 0.988513 0.349316
0.0690 0.2414 0.195680 0.980668 0.314765
0.0690 0.2759 0.250492 0.968119 0.281016
0.0690 0.3103 0.318812 0.947818 0.248396
0.0690 0.3448 0.404717 0.914442 0.217412
0.0690 0.3793 0.512458 0.858713 0.188873
0.0690 0.4138 0.643600 0.765362 0.164059
0.0690 0.4483 0.789441 0.613827 0.144897
0.0690 0.4828 0.920427 0.390915 0.133836
0.0690 0.5172 0.993003 0.118087 0.132916
0.0690 0.5517 0.989132 -0.147033 0.142332
0.0690 0.5862 0.933307 -0.359079 0.160273
0.0690 0.6207 0.859536 -0.511075 0.184266
0.0690 0.6552 0.787600 -0.616187 0.212268
0.0690 0.6897 0.724510 -0.689264 0.242896
0.0690 0.7241 0.671253 -0.741229 0.275276
0.0690 0.7586 0.626759 -0.779213 0.308857
0.0690 0.7931 0.589530 -0.807746 0.343287
0.0690 0.8276 0.558177 -0.829722 0.378334
0.0690 0.8621 0.531548 -0.847028 0.413841
0.0690 0.8966 0.508729 -0.860927 0.449699
0.0690 0.9310 0.0000 0.0000 0.0000
0.0690 0.9655 0.0000 0.0000 0.0000
0.0690 1.0000 0.0000 0.0000 0.0000

0.1034 0.0000 0.0000 0.0000 0.0000
0.1034 0.0345 0.021863 0.999761 0.761419
0.1034 0.0690 0.047086 0.998891 0.707086
0.1034 0.1034 0.076446 0.997074 0.653279
0.1034 0.1379 0.110953 0.993826 0.600138
0.1034 0.1724 0.151927 0.988392 0.547858
0.1034 0.2069 0.201086 0.979574 0.496710
0.1034 0.2414 0.260641 0.965436 0.447082
0.1034 0.2759 0.333318 0.942814 0.399542
0.1034 0.3103 0.422115 0.906542 0.354931
0.1034 0.3448 0.529319 0.848423 0.314496
0.1034 0.3793 0.653863 0.756613 0.280052
0.1034 0.4138 0.786318 0.617822 0.254047
0.1034 0.4483 0.904526 0.426419 0.239251
0.1034 0.4828 0.980194 0.198039 0.237765
0.1034 0.5172 0.999506 -0.031413 0.249826
0.1034 0.5517 0.973326 -0.229427 0.273649
0.1034 0.5862 0.923306 -0.384064 0.306503
0.1034 0.6207 0.866460 -0.499246 0.345825
0.1034 0.6552 0.811708 -0.584064 0.389660
0.1034 0.6897 0.762477 -0.647016 0.436652
0.1034 0.7241 0.719477 -0.694516 0.485886
0.1034 0.7586 0.682318 -0.731055 0.536745
0.1034 0.7931 0.650259 -0.759713 0.588808
0.1034 0.8276 0.622524 -0.782601 0.641782
0.1034 0.8621 0.598412 -0.801188 0.695459
0.1034 0.8966 0.0000 0.0000 0.0000
0.1034 0.9310 0.0000 0.0000 0.0000
0.1034 0.9655 0.0000 0.0000 0.0000
0.1034 1.0000 0.0000 0.0000 0.0000

0.1379 0.0000 0.0000 0.0000 0.0000
0.1379 0.0345 0.025163 0.999683 0.973435
0.1379 0.0690 0.054359 0.998521 0.901214
0.1379 0.1034 0.088546 0.996072 0.829895
0.1379 0.1379 0.128964 0.991649 0.759733
0.1379 0.1724 0.177220 0.984171 0.691082
0.1379 0.2069 0.235360 0.971908 0.624438
0.1379 0.2414 0.305899 0.952064 0.560520
0.1379 0.2759 0.391624 0.920125 0.500371
0.1379 0.3103 0.494816 0.868998 0.445523
0.1379 0.3448 0.615180 0.788386 0.398170
0.1379 0.3793 0.745809 0.666160 0.361274
0.1379 0.4138 0.868935 0.494927 0.338272
0.1379 0.4483 0.958942 0.283601 0.332064
0.1379 0.4828 0.998143 0.060913 0.343563
0.1379 0.5172 0.990013 -0.140973 0.371126
0.1379 0.5517 0.952317 -0.305111 0.411538
0.1379 0.5862 0.902422 -0.430854 0.461435
0.1379 0.6207 0.851027 -0.525121 0.518084
0.1379 0.6552 0.803092 -0.595855 0.579508
0.1379 0.6897 0.760298 -0.649575 0.644344
0.1379 0.7241 0.722801 -0.691056 0.711658
0.1379 0.7586 0.690157 -0.723660 0.780811
0.1379 0.7931 0.661742 -0.749732 0.851355
0.1379 0.8276 0.636935 -0.770918 0.922970
0.1379 0.8621 0.0000 0.0000 0.0000
0.1379 0.8966 0.0000 0.0000 0.0000
0.1379 0.9310 0.0000 0.0000 0.0000
0.1379 0.9655 0.0000 0.0000 0.0000
0.1379 1.0000 0.0000 0.0000 0.0000

0.1724 0.0000 0.0000 0.0000 0.0000
0.1724 0.0345 0.027773 0.999614 1.164540
0.1724 0.0690 0.060201 0.998186 1.074482
0.1724 0.1034 0.098429 0.995144 0.985762
0.1724 0.1379 0.143940 0.989586 0.898777
0.1724 0.1724 0.198643 0.980072 0.814083
0.1724 0.2069 0.264930 0.964268 0.732475
0.1724 0.2414 0.345588 0.938386 0.655108
0.1724 0.2759 0.443298 0.896374 0.583670
0.1724 0.3103 0.559120 0.829087 0.520608
0.1724 0.3448 0.689149 0.724620 0.469310
0.1724 0.3793 0.819798 0.572653 0.433969
0.1724 0.4138 0.927060 0.374914 0.418646
0.1724 0.4483 0.988118 0.153695 0.425508
0.1724 0.4828 0.998335 -0.057677 0.453549
0.1724 0.5172 0.971801 -0.235805 0.499214
0.1724 0.5517 0.927060 -0.374914 0.558194
0.1724 0.5862 0.877271 -0.479995 0.626741
0.1724 0.6207 0.829225 -0.558914 0.702058
0.1724 0.6552 0.785622 -0.618707 0.782192
0.1724 0.6897 0.747106 -0.664705 0.865806
0.1724 0.7241 0.713448 -0.700708 0.951984
0.1724 0.7586 0.684108 -0.729380 1.040089
0.1724 0.7931 0.658490 -0.752590 1.129670
0.1724 0.8276 0.0000 0.0000 0.0000
0.1724 0.8621 0.0000 0.0000 0.0000
0.1724 0.8966 0.0000 0.0000 0.0000
0.1724 0.9310 0.0000 0.0000 0.0000
0.1724 0.9655 0.0000 0.0000 0.0000
0.1724 1.0000 0.0000 0.0000 0.0000

0.2069 0.0000 0.0000 0.0000 0.0000
0.2069 0.0345 0.030111 0.999547 1.334731
0.2069 0.0690 0.065516 0.997852 1.226893
0.2069 0.1034 0.107567 0.994198 1.120891
0.2069 0.1379 0.158027 0.987435 1.017301
0.2069 0.1724 0.219154 0.975690 0.916940
0.2069 0.2069 0.293719 0.955892 0.820993
0.2069 0.2414 0.384754 0.923019 0.731199
0.2069 0.2759 0.494562 0.869142 0.650114
0.2069 0.3103 0.622148 0.782900 0.581393
0.2069 0.3448 0.758496 0.651678 0.529868
0.2069 0.3793 0.882642 0.470046 0.500874
0.2069 0.4138 0.967739 0.251956 0.498361
0.2069 0.4483 0.999549 0.030027 0.522709
0.2069 0.4828 0.986281 -0.165075 0.570490
0.2069 0.5172 0.947216 -0.320596 0.636448
0.2069 0.5517 0.898641 -0.438686 0.715574
0.2069 0.5862 0.849805 -0.527098 0.803990
0.2069 0.6207 0.804737 -0.593632 0.898958
0.2069 0.6552 0.764676 -0.644414 0.998612
0.2069 0.6897 0.729618 -0.683855 1.101679
0.2069 0.7241 0.699084 -0.715039 1.207287
0.2069 0.7586 0.672475 -0.740120 1.314823
0.2069 0.7931 0.0000 0.0000 0.0000
0.2069 0.8276 0.0000 0.0000 0.0000
0.2069 0.8621 0.0000 0.0000 0.0000
0.2069 0.8966 0.0000 0.0000 0.0000
0.2069 0.9310 0.0000 0.0000 0.0000
0.2069 0.9655 0.0000 0.0000 0.0000
0.2069 1.0000 0.0000 0.0000 0.0000

0.2414 0.0000 0.0000 0.0000 0.0000
0.2414 0.0345 0.032370 0.999476 1.484012
0.2414 0.0690 0.070725 0.997496 1.358455
0.2414 0.1034 0.116663 0.993172 1.235308
0.2414 0.1379 0.172277 0.985049 1.115368
0.2414 0.1724 0.240240 0.970713 0.999792
0.2414 0.2069 0.323751 0.946142 0.890279
0.2414 0.2414 0.426000 0.904723 0.789357
0.2414 0.2759 0.548419 0.836204 0.700749
0.2414 0.3103 0.686612 0.727024 0.629675
0.2414 0.3448 0.824566 0.565766 0.582586
0.2414 0.3793 0.934414 0.356188 0.565508
0.2414 0.4138 0.992024 0.126049 0.581091
0.2414 0.4483 0.996153 -0.087628 0.626906
0.2414 0.4828 0.964874 -0.262713 0.697016
0.2414 0.5172 0.917997 -0.396587 0.784938
0.2414 0.5517 0.868111 -0.496370 0.885381
0.2414 0.5862 0.821115 -0.570763 0.994559
0.2414 0.6207 0.779068 -0.626940 1.109897
0.2414 0.6552 0.742255 -0.670118 1.229663
0.2414 0.6897 0.710264 -0.703935 1.352681
0.2414 0.7241 0.682479 -0.730905 1.478140
0.2414 0.7586 0.0000 0.0000 0.0000
0.2414 0.7931 0.0000 0.0000 0.0000
0.2414 0.8276 0.0000 0.0000 0.0000
0.2414 0.8621 0.0000 0.0000 0.0000
0.2414 0.8966 0.0000 0.0000 0.0000
0.2414 0.9310 0.0000 0.0000 0.0000
0.2414 0.9655 0.0000 0.0000 0.0000
0.2414 1.0000 0.0000 0.0000 0.0000

0.2759 0.0000 0.0000 0.0000 0.0000
0.2759 0.0345 0.034660 0.999399 1.612384
0.2759 0.0690 0.076078 0.997102 1.469181
0.2759 0.1034 0.126149 0.992011 1.329048
0.2759 0.1379 0.187369 0.982290 1.193068
0.2759 0.1724 0.262909 0.964821 1.062836
0.2759 0.2069 0.356437 0.934319 0.940742
0.2759 0.2414 0.471108 0.882075 0.830384
0.2759 0.2759 0.606587 0.795017 0.737052
0.2759 0.3103 0.753040 0.657975 0.667923
0.2759 0.3448 0.885669 0.464317 0.631001
0.2759 0.3793 0.972762 0.231807 0.631958
0.2759 0.4138 1.000000 0.000000 0.670630
0.2759 0.4483 0.980271 -0.197659 0.741138
0.2759 0.4828 0.936493 -0.350687 0.835460
0.2759 0.5172 0.885669 -0.464317 0.946502
0.2759 0.5517 0.836405 -0.548112 1.069068
0.2759 0.5862 0.791960 -0.610573 1.199630
0.2759 0.6207 0.753040 -0.657975 1.335846
0.2759 0.6552 0.719324 -0.694675 1.476152
0.2759 0.6897 0.690168 -0.723649 1.619485
0.2759 0.7241 0.0000 0.0000 0.0000
0.2759 0.7586 0.0000 0.0000 0.0000
0.2759 0.7931 0.0000 0.0000 0.0000
0.2759 0.8276 0.0000 0.0000 0.0000
0.2759 0.8621 0.0000 0.0000 0.0000
0.2759 0.8966 0.0000 0.0000 0.0000
0.2759 0.9310 0.0000 0.0000 0.0000
0.2759 0.9655 0.0000 0.0000 0.0000
0.2759 1.0000 0.0000 0.0000 0.0000

0.3103 0.0000 0.0000 0.0000 0.0000
0.3103 0.0345 0.037058 0.999313 1.719850
0.3103 0.0690 0.081758 0.996652 1.559084
0.3103 0.1034 0.136362 0.990659 1.402158
0.3103 0.1379 0.203863 0.978999 1.250518
0.3103 0.1724 0.288038 0.957619 1.106341
0.3103 0.2069 0.393034 0.919524 0.972948
0.3103 0.2414 0.521551 0.853220 0.855401
0.3103 0.2759 0.669931 0.742423 0.761077
0.3103 0.3103 0.820094 0.572229 0.699436
0.3103 0.3448 0.938044 0.346516 0.679431
0.3103 0.3793 0.994963 0.100239 0.704619
0.3103 0.4138 0.992504 -0.122211 0.770580
0.3103 0.4483 0.954460 -0.298337 0.868069
0.3103 0.4828 0.903296 -0.429018 0.987795
0.3103 0.5172 0.851549 -0.524275 1.122665
0.3103 0.5517 0.804301 -0.594222 1.267857
0.3103 0.5862 0.762897 -0.646520 1.420208
0.3103 0.6207 0.727164 -0.686464 1.577645
0.3103 0.6552 0.696428 -0.717627 1.738787
0.3103 0.6897 0.0000 0.0000 0.0000
0.3103 0.7241 0.0000 0.0000 0.0000
0.3103 0.7586 0.0000 0.0000 0.0000
0.3103 0.7931 0.0000 0.0000 0.0000
0.3103 0.8276 0.0000 0.0000 0.0000
0.3103 0.8621 0.0000 0.0000 0.0000
0.3103 0.8966 0.0000 0.0000 0.0000
0.3103 0.9310 0.0000 0.0000 0.0000
0.3103 0.9655 0.0000 0.0000 0.0000
0.3103 1.0000 0.0000 0.0000 0.0000

0.3448 0.0000 0.0000 0.0000 0.0000
0.3448 0.0345 0.039626 0.999215 1.806413
0.3448 0.0690 0.087928 0.996127 1.628185
0.3448 0.1034 0.147621 0.989044 1.454701
0.3448 0.1379 0.222323 0.974973 1.287880
0.3448 0.1724 0.316543 0.948578 1.130674
0.3448 0.2069 0.434843 0.900506 0.987686
0.3448 0.2414 0.578611 0.815603 0.865987
0.3448 0.2759 0.738273 0.674502 0.775664
0.3448 0.3103 0.884351 0.466822 0.728481
0.3448 0.3448 0.976794 0.214181 0.732820
0.3448 0.3793 0.999449 -0.033204 0.787830
0.3448 0.4138 0.971581 -0.236708 0.884103
0.3448 0.4483 0.921431 -0.388541 1.009906
0.3448 0.4828 0.867177 -0.497999 1.155635
0.3448 0.5172 0.816717 -0.577038 1.314680
0.3448 0.5517 0.772411 -0.635122 1.482763
0.3448 0.5862 0.734330 -0.678793 1.657136
0.3448 0.6207 0.701776 -0.712397 1.836007
0.3448 0.6552 0.0000 0.0000 0.0000
0.3448 0.6897 0.0000 0.0000 0.0000
0.3448 0.7241 0.0000 0.0000 0.0000
0.3448 0.7586 0.0000 0.0000 0.0000
0.3448 0.7931 0.0000 0.0000 0.0000
0.3448 0.8276 0.0000 0.0000 0.0000
0.3448 0.8621 0.0000 0.0000 0.0000
0.3448 0.8966 0.0000 0.0000 0.0000
0.3448 0.9310 0.0000 0.0000 0.0000
0.3448 0.9655 0.0000 0.0000 0.0000
0.3448 1.0000 0.0000 0.0000 0.0000

0.3793 0.0000 0.0000 0.0000 0.0000
0.3793 0.0345 0.042428 0.999100 1.872078
0.3793 0.0690 0.094756 0.995501 1.676509
0.3793 0.1034 0.160273 0.987073 1.486758
0.3793 0.1379 0.243393 0.969928 1.305367
0.3793 0.1724 0.349495 0.936938 1.136345
0.3793 0.2069 0.483307 0.875451 0.986072
0.3793 0.2414 0.643237 0.765667 0.864385
0.3793 0.2759 0.809783 0.586729 0.784696
0.3793 0.3103 0.940204 0.340613 0.760328
0.3793 0.3448 0.997385 0.072266 0.796375
0.3793 0.3793 0.986711 -0.162482 0.885489
0.3793 0.4138 0.940204 -0.340613 1.013771
0.3793 0.4483 0.883763 -0.467934 1.168390
0.3793 0.4828 0.829695 -0.558217 1.340263
0.3793 0.5172 0.782010 -0.623266 1.523560
0.3793 0.5517 0.741194 -0.671291 1.714623
0.3793 0.5862 0.706547 -0.707667 1.911123
0.3793 0.6207 0.0000 0.0000 0.0000
0.3793 0.6552 0.0000 0.0000 0.0000
0.3793 0.6897 0.0000 0.0000 0.0000
0.3793 0.7241 0.0000 0.0000 0.0000
0.3793 0.7586 0.0000 0.0000 0.0000
0.3793 0.7931 0.0000 0.0000 0.0000
0.3793 0.8276 0.0000 0.0000 0.0000
0.3793 0.8621 0.0000 0.0000 0.0000
0.3793 0.8966 0.0000 0.0000 0.0000
0.3793 0.9310 0.0000 0.0000 0.0000
0.3793 0.9655 0.0000 0.0000 0.0000
0.3793 1.0000 0.0000 0.0000 0.0000

0.4138 0.0000 0.0000 0.0000 0.0000
0.4138 0.0345 0.045531 0.998963 1.916851
0.4138 0.0690 0.102433 0.994740 1.704088
0.4138 0.1034 0.174736 0.984615 1.498439
0.4138 0.1379 0.267870 0.963455 1.303276
0.4138 0.1724 0.388218 0.921568 1.124073
0.4138 0.2069 0.540014 0.841656 0.969720
0.4138 0.2414 0.715551 0.698560 0.853803
0.4138 0.2759 0.880086 0.474815 0.793350
0.4138 0.3103 0.980615 0.195945 0.801021
0.4138 0.3448 0.997423 -0.071749 0.875026
0.4138 0.3793 0.959324 -0.282308 1.000754
0.4138 0.4138 0.901676 -0.432412 1.161531
0.4138 0.4483 0.843669 -0.536864 1.344843
0.4138 0.4828 0.792051 -0.610455 1.542678
0.4138 0.5172 0.748039 -0.663655 1.750118
0.4138 0.5517 0.710971 -0.703222 1.964122
0.4138 0.5862 0.679740 -0.733453 2.182760
0.4138 0.6207 0.0000 0.0000 0.0000
0.4138 0.6552 0.0000 0.0000 0.0000
0.4138 0.6897 0.0000 0.0000 0.0000
0.4138 0.7241 0.0000 0.0000 0.0000
0.4138 0.7586 0.0000 0.0000 0.0000
0.4138 0.7931 0.0000 0.0000 0.0000
0.4138 0.8276 0.0000 0.0000 0.0000
0.4138 0.8621 0.0000 0.0000 0.0000
0.4138 0.8966 0.0000 0.0000 0.0000
0.4138 0.9310 0.0000 0.0000 0.0000
0.4138 0.9655 0.0000 0.0000 0.0000
0.4138 1.0000 0.0000 0.0000 0.0000

0.4483 0.0000 0.0000 0.0000 0.0000
0.4483 0.0345 0.049015 0.998798 1.940739
0.4483 0.0690 0.111194 0.993799 1.710967
0.4483 0.1034 0.191540 0.981485 1.489893
0.4483 0.1379 0.296796 0.954941 1.282024
0.4483 0.1724 0.434397 0.900722 1.094908
0.4483 0.2069 0.606530 0.795060 0.941007
0.4483 0.2414 0.793834 0.608134 0.838807
0.4483 0.2759 0.941635 0.336635 0.808167
0.4483 0.3103 0.999212 0.039691 0.856799
0.4483 0.3448 0.977759 -0.209729 0.972886
0.4483 0.3793 0.921158 -0.389189 1.135933
0.4483 0.4138 0.859068 -0.511861 1.328763
0.4483 0.4483 0.802881 -0.596139 1.540232
0.4483 0.4828 0.755110 -0.655598 1.763647
0.4483 0.5172 0.715225 -0.698894 1.994998
0.4483 0.5517 0.0000 0.0000 0.0000
0.4483 0.5862 0.0000 0.0000 0.0000
0.4483 0.6207 0.0000 0.0000 0.0000
0.4483 0.6552 0.0000 0.0000 0.0000
0.4483 0.6897 0.0000 0.0000 0.0000
0.4483 0.7241 0.0000 0.0000 0.0000
0.4483 0.7586 0.0000 0.0000 0.0000
0.4483 0.7931 0.0000 0.0000 0.0000
0.4483 0.8276 0.0000 0.0000 0.0000
0.4483 0.8621 0.0000 0.0000 0.0000
0.4483 0.8966 0.0000 0.0000 0.0000
0.4483 0.9310 0.0000 0.0000 0.0000
0.4483 0.9655 0.0000 0.0000 0.0000
0.4483 1.0000 0.0000 0.0000 0.0000

0.4828 0.0000 0.0000 0.0000 0.0000
0.4828 0.0345 0.052976 0.998596 1.943752
0.4828 0.0690 0.121344 0.992611 1.697203
0.4828 0.1034 0.211396 0.977401 1.461325
0.4828 0.1379 0.331578 0.943428 1.242213
0.4828 0.1724 0.490154 0.871636 1.050412
0.4828 0.2069 0.683836 0.729636 0.903485
0.4828 0.2414 0.872918 0.487867 0.825746
0.4828 0.2759 0.984554 0.175082 0.836705
0.4828 0.3103 0.993046 -0.117728 0.933244
0.4828 0.3448 0.942184 -0.335096 1.092914
0.4828 0.3793 0.876344 -0.481686 1.292528
0.4828 0.4138 0.814876 -0.579635 1.516392
0.4828 0.4483 0.762651 -0.646810 1.755252
0.4828 0.4828 0.719459 -0.694535 2.003752
0.4828 0.5172 0.0000 0.0000 0.0000
0.4828 0.5517 0.0000 0.0000 0.0000
0.4828 0.5862 0.0000 0.0000 0.0000
0.4828 0.6207 0.0000 0.0000 0.0000
0.4828 0.6552 0.0000 0.0000 0.0000
0.4828 0.6897 0.0000 0.0000 0.0000
0.4828 0.7241 0.0000 0.0000 0.0000
0.4828 0.7586 0.0000 0.0000 0.0000
0.4828 0.7931 0.0000 0.0000 0.0000
0.4828 0.8276 0.0000 0.0000 0.0000
0.4828 0.8621 0.0000 0.0000 0.0000
0.4828 0.8966 0.0000 0.0000 0.0000
0.4828 0.9310 0.0000 0.0000 0.0000
0.4828 0.9655 0.0000 0.0000 0.0000
0.4828 1.0000 0.0000 0.0000 0.0000

0.5172 0.0000 0.0000 0.0000 0.0000
0.5172 0.0345 0.057542 0.998343 1.925902
0.5172 0.0690 0.133288 0.991077 1.662875
0.5172 0.1034 0.235282 0.971927 1.413033
0.5172 0.1379 0.374158 0.927365 1.184746
0.5172 0.1724 0.558012 0.829833 0.992994
0.5172 0.2069 0.770926 0.636924 0.862498
0.5172 0.2414 0.942654 0.333772 0.822935
0.5172 0.2759 1.000000 0.000000 0.886564
0.5172 0.3103 0.964108 -0.265509 1.034514
0.5172 0.3448 0.895960 -0.444135 1.236891
0.5172 0.3793 0.828478 -0.560022 1.471404
0.5172 0.4138 0.770926 -0.636924 1.724997
0.5172 0.4483 0.723811 -0.689998 1.990389
0.5172 0.4828 0.0000 0.0000 0.0000
0.5172 0.5172 0.0000 0.0000 0.0000
0.5172 0.5517 0.0000 0.0000 0.0000
0.5172 0.5862 0.0000 0.0000 0.0000
0.5172 0.6207 0.0000 0.0000 0.0000
0.5172 0.6552 0.0000 0.0000 0.0000
0.5172 0.6897 0.0000 0.0000 0.0000
0.5172 0.7241 0.0000 0.0000 0.0000
0.5172 0.7586 0.0000 0.0000 0.0000
0.5172 0.7931 0.0000 0.0000 0.0000
0.5172 0.8276 0.0000 0.0000 0.0000
0.5172 0.8621 0.0000 0.0000 0.0000
0.5172 0.8966 0.0000 0.0000 0.0000
0.5172 0.9310 0.0000 0.0000 0.0000
0.5172 0.9655 0.0000 0.0000 0.0000
0.5172 1.0000 0.0000 0.0000 0.0000

0.5517 0.0000 0.0000 0.0000 0.0000
0.5517 0.0345 0.062880 0.998021 1.887207
0.5517 0.0690 0.147588 0.989049 1.608098
0.5517 0.1034 0.264598 0.964359 1.345457
0.5517 0.1379 0.427240 0.904138 1.111023
0.5517 0.1724 0.640437 0.768011 0.926463
0.5517 0.2069 0.862082 0.506768 0.825918
0.5517 0.2414 0.988768 0.149462 0.840114
0.5517 0.2759 0.984803 -0.173673 0.963995
0.5517 0.3103 0.918307 -0.395868 1.163025
0.5517 0.3448 0.844232 -0.535978 1.405635
0.5517 0.3793 0.780258 -0.625458 1.672973
0.5517 0.4138 0.728429 -0.685122 1.954919
0.5517 0.4483 0.0000 0.0000 0.0000
0.5517 0.4828 0.0000 0.0000 0.0000
0.5517 0.5172 0.0000 0.0000 0.0000
0.5517 0.5517 0.0000 0.0000 0.0000
0.5517 0.5862 0.0000 0.0000 0.0000
0.5517 0.6207 0.0000 0.0000 0.0000
0.5517 0.6552 0.0000 0.0000 0.0000
0.5517 0.6897 0.0000 0.0000 0.0000
0.5517 0.7241 0.0000 0.0000 0.0000
0.5517 0.7586 0.0000 0.0000 0.0000
0.5517 0.7931 0.0000 0.0000 0.0000
0.5517 0.8276 0.0000 0.0000 0.0000
0.5517 0.8621 0.0000 0.0000 0.0000
0.5517 0.8966 0.0000 0.0000 0.0000
0.5517 0.9310 0.0000 0.0000 0.0000
0.5517 0.9655 0.0000 0.0000 0.0000
0.5517 1.0000 0.0000 0.0000 0.0000

0.5862 0.0000 0.0000 0.0000 0.0000
0.5862 0.0345 0.069222 0.997601 1.827690
0.5862 0.0690 0.165053 0.986285 1.533036
0.5862 0.1034 0.301402 0.953497 1.259273
0.5862 0.1379 0.494536 0.869157 1.023310
0.5862 0.1724 0.738167 0.674618 0.856961
0.5862 0.2069 0.943415 0.331614 0.804626
0.5862 0.2414 0.998742 -0.050152 0.886728
0.5862 0.2759 0.943415 -0.331614 1.072835
0.5862 0.3103 0.862836 -0.505484 1.319653
0.5862 0.3448 0.791063 -0.611735 1.599318
0.5862 0.3793 0.733481 -0.679710 1.897360
0.5862 0.4138 0.688103 -0.725613 2.206344
0.5862 0.4483 0.0000 0.0000 0.0000
0.5862 0.4828 0.0000 0.0000 0.0000
0.5862 0.5172 0.0000 0.0000 0.0000
0.5862 0.5517 0.0000 0.0000 0.0000
0.5862 0.5862 0.0000 0.0000 0.0000
0.5862 0.6207 0.0000 0.0000 0.0000
0.5862 0.6552 0.0000 0.0000 0.0000
0.5862 0.6897 0.0000 0.0000 0.0000
0.5862 0.7241 0.0000 0.0000 0.0000
0.5862 0.7586 0.0000 0.0000 0.0000
0.5862 0.7931 0.0000 0.0000 0.0000
0.5862 0.8276 0.0000 0.0000 0.0000
0.5862 0.8621 0.0000 0.0000 0.0000
0.5862 0.8966 0.0000 0.0000 0.0000
0.5862 0.9310 0.0000 0.0000 0.0000
0.5862 0.9655 0.0000 0.0000 0.0000
0.5862 1.0000 0.0000 0.0000 0.0000

0.6207 0.0000 0.0000 0.0000 0.0000
0.6207 0.0345 0.076894 0.997039 1.747385
0.6207 0.0690 0.186884 0.982382 1.437938
0.6207 0.1034 0.348822 0.937189 1.155580
0.6207 0.1379 0.580752 0.814081 0.925447
0.6207 0.1724 0.845788 0.533520 0.794312
0.6207 0.2069 0.993246 0.116025 0.811665
0.6207 0.2414 0.970070 -0.242824 0.969566
0.6207 0.2759 0.885156 -0.465294 1.214374
0.6207 0.3103 0.803910 -0.594751 1.504241
0.6207 0.3448 0.739182 -0.673506 1.817737
0.6207 0.3793 0.0000 0.0000 0.0000
0.6207 0.4138 0.0000 0.0000 0.0000
0.6207 0.4483 0.0000 0.0000 0.0000
0.6207 0.4828 0.0000 0.0000 0.0000
0.6207 0.5172 0.0000 0.0000 0.0000
0.6207 0.5517 0.0000 0.0000 0.0000
0.6207 0.5862 0.0000 0.0000 0.0000
0.6207 0.6207 0.0000 0.0000 0.0000
0.6207 0.6552 0.0000 0.0000 0.0000
0.6207 0.6897 0.0000 0.0000 0.0000
0.6207 0.7241 0.0000 0.0000 0.0000
0.6207 0.7586 0.0000 0.0000 0.0000
0.6207 0.7931 0.0000 0.0000 0.0000
0.6207 0.8276 0.0000 0.0000 0.0000
0.6207 0.8621 0.0000 0.0000 0.0000
0.6207 0.8966 0.0000 0.0000 0.0000
0.6207 0.9310 0.0000 0.0000 0.0000
0.6207 0.9655 0.0000 0.0000 0.0000
0.6207 1.0000 0.0000 0.0000 0.0000

0.6552 0.0000 0.0000 0.0000 0.0000
0.6552 0.0345 0.086380 0.996262 1.646344
0.6552 0.0690 0.214951 0.976625 1.323201
0.6552 0.1034 0.411710 0.911315 1.036252
0.6552 0.1379 0.690174 0.723644 0.824208
0.6552 0.1724 0.944006 0.329928 0.753235
0.6552 0.2069 0.993282 -0.115717 0.859041
0.6552 0.2414 0.912142 -0.409875 1.091367
0.6552 0.2759 0.819618 -0.572910 1.388077
0.6552 0.3103 0.745825 -0.666142 1.716094
0.6552 0.3448 0.0000 0.0000 0.0000
0.6552 0.3793 0.0000 0.0000 0.0000
0.6552 0.4138 0.0000 0.0000 0.0000
0.6552 0.4483 0.0000 0.0000 0.0000
0.6552 0.4828 0.0000 0.0000 0.0000
0.6552 0.5172 0.0000 0.0000 0.0000
0.6552 0.5517 0.0000 0.0000 0.0000
0.6552 0.5862 0.0000 0.0000 0.0000
0.6552 0.6207 0.0000 0.0000 0.0000
0.6552 0.6552 0.0000 0.0000 0.0000
0.6552 0.6897 0.0000 0.0000 0.0000
0.6552 0.7241 0.0000 0.0000 0.0000
0.6552 0.7586 0.0000 0.0000 0.0000
0.6552 0.7931 0.0000 0.0000 0.0000
0.6552 0.8276 0.0000 0.0000 0.0000
0.6552 0.8621 0.0000 0.0000 0.0000
0.6552 0.8966 0.0000 0.0000 0.0000
0.6552 0.9310 0.0000 0.0000 0.0000
0.6552 0.9655 0.0000 0.0000 0.0000
0.6552 1.0000 0.0000 0.0000 0.0000

0.6897 0.0000 0.0000 0.0000 0.0000
0.6897 0.0345 0.098423 0.995145 1.524644
0.6897 0.0690 0.252308 0.967647 1.189494
0.6897 0.1034 0.497582 0.867417 0.904732
0.6897 0.1379 0.820269 0.571978 0.731757
0.6897 0.1724 0.997578 0.069562 0.752119
0.6897 0.2069 0.944254 -0.329217 0.953511
0.6897 0.2414 0.839402 -0.543511 1.251387
0.6897 0.2759 0.753833 -0.657066 1.592495
0.6897 0.3103 0.0000 0.0000 0.0000
0.6897 0.3448 0.0000 0.0000 0.0000
0.6897 0.3793 0.0000 0.0000 0.0000
0.6897 0.4138 0.0000 0.0000 0.0000
0.6897 0.4483 0.0000 0.0000 0.0000
0.6897 0.4828 0.0000 0.0000 0.0000
0.6897 0.5172 0.0000 0.0000 0.0000
0.6897 0.5517 0.0000 0.0000 0.0000
0.6897 0.5862 0.0000 0.0000 0.0000
0.6897 0.6207 0.0000 0.0000 0.0000
0.6897 0.6552 0.0000 0.0000 0.0000
0.6897 0.6897 0.0000 0.0000 0.0000
0.6897 0.7241 0.0000 0.0000 0.0000
0.6897 0.7586 0.0000 0.0000 0.0000
0.6897 0.7931 0.0000 0.0000 0.0000
0.6897 0.8276 0.0000 0.0000 0.0000
0.6897 0.8621 0.0000 0.0000 0.0000
0.6897 0.8966 0.0000 0.0000 0.0000
0.6897 0.9310 0.0000 0.0000 0.0000
0.6897 0.9655 0.0000 0.0000 0.0000
0.6897 1.0000 0.0000 0.0000 0.0000

0.7241 0.0000 0.0000 0.0000 0.0000
0.7241 0.0345 0.114226 0.993455 1.382413
0.7241 0.0690 0.304244 0.952594 1.038031
0.7241 0.1034 0.616959 0.786995 0.767833
0.7241 0.1379 0.944478 0.328576 0.668760
0.7241 0.1724 0.978902 -0.204331 0.806553
0.7241 0.2069 0.865099 -0.501601 1.095185
0.7241 0.2414 0.763866 -0.645375 1.447048
0.7241 0.2759 0.0000 0.0000 0.0000
0.7241 0.3103 0.0000 0.0000 0.0000
0.7241 0.3448 0.0000 0.0000 0.0000
0.7241 0.3793 0.0000 0.0000 0.0000
0.7241 0.4138 0.0000 0.0000 0.0000
0.7241 0.4483 0.0000 0.0000 0.0000
0.7241 0.4828 0.0000 0.0000 0.0000
0.7241 0.5172 0.0000 0.0000 0.0000
0.7241 0.5517 0.0000 0.0000 0.0000
0.7241 0.5862 0.0000 0.0000 0.0000
0.7241 0.6207 0.0000 0.0000 0.0000
0.7241 0.6552 0.0000 0.0000 0.0000
0.7241 0.6897 0.0000 0.0000 0.0000
0.7241 0.7241 0.0000 0.0000 0.0000
0.7241 0.7586 0.0000 0.0000 0.0000
0.7241 0.7931 0.0000 0.0000 0.0000
0.7241 0.8276 0.0000 0.0000 0.0000
0.7241 0.8621 0.0000 0.0000 0.0000
0.7241 0.8966 0.0000 0.0000 0.0000
0.7241 0.9310 0.0000 0.0000 0.0000
0.7241 0.9655 0.0000 0.0000 0.0000
0.7241 1.0000 0.0000 0.0000 0.0000

0.7586 0.0000 0.0000 0.0000 0.0000
0.7586 0.0345 0.135879 0.990725 1.219875
0.7586 0.0690 0.380503 0.924780 0.871243
0.7586 0.1034 0.777011 0.629487 0.639972
0.7586 0.1379 1.000000 0.000000 0.663020
0.7586 0.1724 0.899378 -0.437172 0.921499
0.7586 0.2069 0.777011 -0.629487 1.279943
0.7586 0.2414 0.692553 -0.721367 1.675375
0.7586 0.2759 0.0000 0.0000 0.0000
0.7586 0.3103 0.0000 0.0000 0.0000
0.7586 0.3448 0.0000 0.0000 0.0000
0.7586 0.3793 0.0000 0.0000 0.0000
0.7586 0.4138 0.0000 0.0000 0.0000
0.7586 0.4483 0.0000 0.0000 0.0000
0.7586 0.4828 0.0000 0.0000 0.0000
0.7586 0.5172 0.0000 0.0000 0.0000
0.7586 0.5517 0.0000 0.0000 0.0000
0.7586 0.5862 0.0000 0.0000 0.0000
0.7586 0.6207 0.0000 0.0000 0.0000
0.7586 0.6552 0.0000 0.0000 0.0000
0.7586 0.6897 0.0000 0.0000 0.0000
0.7586 0.7241 0.0000 0.0000 0.0000
0.7586 0.7586 0.0000 0.0000 0.0000
0.7586 0.7931 0.0000 0.0000 0.0000
0.7586 0.8276 0.0000 0.0000 0.0000
0.7586 0.8621 0.0000 0.0000 0.0000
0.7586 0.8966 0.0000 0.0000 0.0000
0.7586 0.9310 0.0000 0.0000 0.0000
0.7586 0.9655 0.0000 0.0000 0.0000
0.7586 1.0000 0.0000 0.0000 0.0000

0.7931 0.0000 0.0000 0.0000 0.0000
0.7931 0.0345 0.167335 0.985900 1.037458
0.7931 0.0690 0.499821 0.866129 0.694660
0.7931 0.1034 0.944863 0.327466 0.551200
0.7931 0.1379 0.944863 -0.327466 0.734934
0.7931 0.1724 0.795217 -0.606325 1.091544
0.7931 0.2069 0.0000 0.0000 0.0000
0.7931 0.2414 0.0000 0.0000 0.0000
0.7931 0.2759 0.0000 0.0000 0.0000
0.7931 0.3103 0.0000 0.0000 0.0000
0.7931 0.3448 0.0000 0.0000 0.0000
0.7931 0.3793 0.0000 0.0000 0.0000
0.7931 0.4138 0.0000 0.0000 0.0000
0.7931 0.4483 0.0000 0.0000 0.0000
0.7931 0.4828 0.0000 0.0000 0.0000
0.7931 0.5172 0.0000 0.0000 0.0000
0.7931 0.5517 0.0000 0.0000 0.0000
0.7931 0.5862 0.0000 0.0000 0.0000
0.7931 0.6207 0.0000 0.0000 0.0000
0.7931 0.6552 0.0000 0.0000 0.0000
0.7931 0.6897 0.0000 0.0000 0.0000
0.7931 0.7241 0.0000 0.0000 0.0000
0.7931 0.7586 0.0000 0.0000 0.0000
0.7931 0.7931 0.0000 0.0000 0.0000
0.7931 0.8276 0.0000 0.0000 0.0000
0.7931 0.8621 0.0000 0.0000 0.0000
0.7931 0.8966 0.0000 0.0000 0.0000
0.7931 0.9310 0.0000 0.0000 0.0000
0.7931 0.9655 0.0000 0.0000 0.0000
0.7931 1.0000 0.0000 0.0000 0.0000

0.8276 0.0000 0.0000 0.0000 0.0000
0.8276 0.0345 0.217021 0.976167 0.836098
0.8276 0.0690 0.693799 0.720169 0.523064
0.8276 0.1034 0.993415 -0.114575 0.547960
0.8276 0.1379 0.822309 -0.569042 0.882640
0.8276 0.1724 0.0000 0.0000 0.0000
0.8276 0.2069 0.0000 0.0000 0.0000
0.8276 0.2414 0.0000 0.0000 0.0000
0.8276 0.2759 0.0000 0.0000 0.0000
0.8276 0.3103 0.0000 0.0000 0.0000
0.8276 0.3448 0.0000 0.0000 0.0000
0.8276 0.3793 0.0000 0.0000 0.0000
0.8276 0.4138 0.0000 0.0000 0.0000
0.8276 0.4483 0.0000 0.0000 0.0000
0.8276 0.4828 0.0000 0.0000 0.0000
0.8276 0.5172 0.0000 0.0000 0.0000
0.8276 0.5517 0.0000 0.0000 0.0000
0.8276 0.5862 0.0000 0.0000 0.0000
0.8276 0.6207 0.0000 0.0000 0.0000
0.8276 0.6552 0.0000 0.0000 0.0000
0.8276 0.6897 0.0000 0.0000 0.0000
0.8276 0.7241 0.0000 0.0000 0.0000
0.8276 0.7586 0.0000 0.0000 0.0000
0.8276 0.7931 0.0000 0.0000 0.0000
0.8276 0.8276 0.0000 0.0000 0.0000
0.8276 0.8621 0.0000 0.0000 0.0000
0.8276 0.8966 0.0000 0.0000 0.0000
0.8276 0.9310 0.0000 0.0000 0.0000
0.8276 0.9655 0.0000 0.0000 0.0000
0.8276 1.0000 0.0000 0.0000 0.0000

0.8621 0.0000 0.0000 0.0000 0.0000
0.8621 0.0345 0.306171 0.951977 0.618277
0.8621 0.0690 0.945184 0.326540 0.400554
0.8621 0.1034 0.866608 -0.498989 0.655308
0.8621 0.1379 0.694345 -0.719642 1.090515
0.8621 0.1724 0.0000 0.0000 0.0000
0.8621 0.2069 0.0000 0.0000 0.0000
0.8621 0.2414 0.0000 0.0000 0.0000
0.8621 0.2759 0.0000 0.0000 0.0000
0.8621 0.3103 0.0000 0.0000 0.0000
0.8621 0.3448 0.0000 0.0000 0.0000
0.8621 0.3793 0.0000 0.0000 0.0000
0.8621 0.4138 0.0000 0.0000 0.0000
0.8621 0.4483 0.0000 0.0000 0.0000
0.8621 0.4828 0.0000 0.0000 0.0000
0.8621 0.5172 0.0000 0.0000 0.0000
0.8621 0.5517 0.0000 0.0000 0.0000
0.8621 0.5862 0.0000 0.0000 0.0000
0.8621 0.6207 0.0000 0.0000 0.0000
0.8621 0.6552 0.0000 0.0000 0.0000
0.8621 0.6897 0.0000 0.0000 0.0000
0.8621 0.7241 0.0000 0.0000 0.0000
0.8621 0.7586 0.0000 0.0000 0.0000
0.8621 0.7931 0.0000 0.0000 0.0000
0.8621 0.8276 0.0000 0.0000 0.0000
0.8621 0.8621 0.0000 0.0000 0.0000
0.8621 0.8966 0.0000 0.0000 0.0000
0.8621 0.9310 0.0000 0.0000 0.0000
0.8621 0.9655 0.0000 0.0000 0.0000
0.8621 1.0000 0.0000 0.0000 0.0000

0.8966 0.0000 0.0000 0.0000 0.0000
0.8966 0.0345 0.501537 0.865136 0.393084
0.8966 0.0690 0.945324 -0.326131 0.417098
0.8966 0.1034 0.0000 0.0000 0.0000
0.8966 0.1379 0.0000 0.0000 0.0000
0.8966 0.1724 0.0000 0.0000 0.0000
0.8966 0.2069 0.0000 0.0000 0.0000
0.8966 0.2414 0.0000 0.0000 0.0000
0.8966 0.2759 0.0000 0.0000 0.0000
0.8966 0.3103 0.0000 0.0000 0.0000
0.8966 0.3448 0.0000 0.0000 0.0000
0.8966 0.3793 0.0000 0.0000 0.0000
0.8966 0.4138 0.0000 0.0000 0.0000
0.8966 0.4483 0.0000 0.0000 0.0000
0.8966 0.4828 0.0000 0.0000 0.0000
0.8966 0.5172 0.0000 0.0000 0.0000
0.8966 0.5517 0.0000 0.0000 0.0000
0.8966 0.5862 0.0000 0.0000 0.0000
0.8966 0.6207 0.0000 0.0000 0.0000
0.8966 0.6552 0.0000 0.0000 0.0000
0.8966 0.6897 0.0000 0.0000 0.0000
0.8966 0.7241 0.0000 0.0000 0.0000
0.8966 0.7586 0.0000 0.0000 0.0000
0.8966 0.7931 0.0000 0.0000 0.0000
0.8966 0.8276 0.0000 0.0000 0.0000
0.8966 0.8621 0.0000 0.0000 0.0000
0.8966 0.8966 0.0000 0.0000 0.0000
0.8966 0.9310 0.0000 0.0000 0.0000
0.8966 0.9655 0.0000 0.0000 0.0000
0.8966 1.0000 0.0000 0.0000 0.0000

0.9310 0.0000 0.0000 0.0000 0.0000
0.9310 0.0345 0.945455 0.325754 0.216821
0.9310 0.0690 0.695314 -0.718706 0.589645
0.9310 0.1034 0.0000 0.0000 0.0000
0.9310 0.1379 0.0000 0.0000 0.0000
0.9310 0.1724 0.0000 0.0000 0.0000
0.9310 0.2069 0.0000 0.0000 0.0000
0.9310 0.2414 0.0000 0.0000 0.0000
0.9310 0.2759 0.0000 0.0000 0.0000
0.9310 0.3103 0.0000 0.0000 0.0000
0.9310 0.3448 0.0000 0.0000 0.0000
0.9310 0.3793 0.0000 0.0000 0.0000
0.9310 0.4138 0.0000 0.0000 0.0000
0.9310 0.4483 0.0000 0.0000 0.0000
0.9310 0.4828 0.0000 0.0000 0.0000
0.9310 0.5172 0.0000 0.0000 0.0000
0.9310 0.5517 0.0000 0.0000 0.0000
0.9310 0.5862 0.0000 0.0000 0.0000
0.9310 0.6207 0.0000 0.0000 0.0000
0.9310 0.6552 0.0000 0.0000 0.0000
0.9310 0.6897 0.0000 0.0000 0.0000
0.9310 0.7241 0.0000 0.0000 0.0000
0.9310 0.7586 0.0000 0.0000 0.0000
0.9310 0.7931 0.0000 0.0000 0.0000
0.9310 0.8276 0.0000 0.0000 0.0000
0.9310 0.8621 0.0000 0.0000 0.0000
0.9310 0.8966 0.0000 0.0000 0.0000
0.9310 0.9310 0.0000 0.0000 0.0000
0.9310 0.9655 0.0000 0.0000 0.0000
0.9310 1.0000 0.0000 0.0000 0.0000

0.9655 0.0000 0.0000 0.0000 0.0000
0.9655 0.0345 0.0000 0.0000 0.0000
0.9655 0.0690 0.0000 0.0000 0.0000
0.9655 0.1034 0.0000 0.0000 0.0000
0.9655 0.1379 0.0000 0.0000 0.0000
0.9655 0.1724 0.0000 0.0000 0.0000
0.9655 0.2069 0.0000 0.0000 0.0000
0.9655 0.2414 0.0000 0.0000 0.0000
0.9655 0.2759 0.0000 0.0000 0.0000
0.9655 0.3103 0.0000 0.0000 0.0000
0.9655 0.3448 0.0000 0.0000 0.0000
0.9655 0.3793 0.0000 0.0000 0.0000
0.9655 0.4138 0.0000 0.0000 0.0000
0.9655 0.4483 0.0000 0.0000 0.0000
0.9655 0.4828 0.0000 0.0000 0.0000
0.9655 0.5172 0.0000 0.0000 0.0000
0.9655 0.5517 0.0000 0.0000 0.0000
0.9655 0.5862 0.0000 0.0000 0.0000
0.9655 0.6207 0.0000 0.0000 0.0000
0.9655 0.6552 0.0000 0.0000 0.0000
0.9655 0.6897 0.0000 0.0000 0.0000
0.9655 0.7241 0.0000 0.0000 0.0000
0.9655 0.7586 0.0000 0.0000 0.0000
0.9655 0.7931 0.0000 0.0000 0.0000
0.9655 0.8276 0.0000 0.0000 0.0000
0.9655 0.8621 0.0000 0.0000 0.0000
0.9655 0.8966 0.0000 0.0000 0.0000
0.9655 0.9310 0.0000 0.0000 0.0000
0.9655 0.9655 0.0000 0.0000 0.0000
0.9655 1.0000 0.0000 0.0000 0.0000

1.0000 0.0000 0.0000 0.0000 0.0000
1.0000 0.0345 0.0000 0.0000 0.0000
1.0000 0.0690 0.0000 0.0000 0.0000
1.0000 0.1034 0.0000 0.0000 0.0000
1.0000 0.1379 0.0000 0.0000 0.0000
1.0000 0.1724 0.0000 0.0000 0.0000
1.0000 0.2069 0.0000 0.0000 0.0000
1.0000 0.2414 0.0000 0.0000 0.0000
1.0000 0.2759 0.0000 0.0000 0.0000
1.0000 0.3103 0.0000 0.0000 0.0000
1.0000 0.3448 0.0000 0.0000 0.0000
1.0000 0.3793 0.0000 0.0000 0.0000
1.0000 0.4138 0.0000 0.0000 0.0000
1.0000 0.4483 0.0000 0.0000 0.0000
1.0000 0.4828 0.0000 0.0000 0.0000
1.0000 0.5172 0.0000 0.0000 0.0000
1.0000 0.5517 0.0000 0.0000 0.0000
1.0000 0.5862 0.0000 0.0000 0.0000
1.0000 0.6207 0.0000 0.0000 0.0000
1.0000 0.6552 0.0000 0.0000 0.0000
1.0000 0.6897 0.0000 0.0000 0.0000
1.0000 0.7241 0.0000 0.0000 0.0000
1.0000 0.7586 0.0000 0.0000 0.0000
1.0000 0.7931 0.0000 0.0000 0.0000
1.0000 0.8276 0.0000 0.0000 0.0000
1.0000 0.8621 0.0000 0.0000 0.0000
1.0000 0.8966 0.0000 0.0000 0.0000
1.0000 0.9310 0.0000 0.0000 0.0000
1.0000 0.9655 0.0000 0.0000 0.0000
1.0000 1.0000 0.0000 0.0000 0.0000

