0.0000 0.0000 0.000000 0.000000 0.000000
0.0000 0.0345 -1.000000 0.000000 0.006897
0.0000 0.0690 -1.000000 0.000000 0.013793
0.0000 0.1034 -1.000000 0.000000 0.020690
0.0000 0.1379 -1.000000 0.000000 0.027586
0.0000 0.1724 -1.000000 0.000000 0.034483
0.0000 0.2069 -1.000000 0.000000 0.041379
0.0000 0.2414 -1.000000 0.000000 0.048276
0.0000 0.2759 -1.000000 0.000000 0.055172
0.0000 0.3103 -1.000000 0.000000 0.062069
0.0000 0.3448 -1.000000 0.000000 0.068966
0.0000 0.3793 -1.000000 0.000000 0.075862
0.0000 0.4138 -1.000000 0.000000 0.082759
0.0000 0.4483 -1.000000 0.000000 0.089655
0.0000 0.4828 -1.000000 0.000000 0.096552
0.0000 0.5172 -1.000000 0.000000 0.103448
0.0000 0.5517 -1.000000 0.000000 0.110345
0.0000 0.5862 -1.000000 -0.000000 0.117241
0.0000 0.6207 -1.000000 -0.000000 0.124138
0.0000 0.6552 -1.000000 -0.000000 0.131034
0.0000 0.6897 -1.000000 -0.000000 0.137931
0.0000 0.7241 -1.000000 -0.000000 0.144828
0.0000 0.7586 -1.000000 -0.000000 0.151724
0.0000 0.7931 -1.000000 -0.000000 0.158621
0.0000 0.8276 -1.000000 -0.000000 0.165517
0.0000 0.8621 -1.000000 -0.000000 0.172414
0.0000 0.8966 -1.000000 -0.000000 0.179310
0.0000 0.9310 -1.000000 -0.000000 0.186207
0.0000 0.9655 -1.000000 -0.000000 0.193103
0.0000 1.0000 -1.000000 -0.000000 0.200000

0.0345 0.0000 0.000000 1.000000 0.039952
0.0345 0.0345 -0.153707 0.988116 0.037906
0.0345 0.0690 -0.316228 0.948683 0.036849
0.0345 0.1034 -0.474100 0.880471 0.036868
0.0345 0.1379 -0.613941 0.789352 0.037961
0.0345 0.1724 -0.727589 0.686013 0.040039
0.0345 0.2069 -0.813733 0.581238 0.042960
0.0345 0.2414 -0.875838 0.482605 0.046567
0.0345 0.2759 -0.919145 0.393919 0.050711
0.0345 0.3103 -0.948683 0.316228 0.055274
0.0345 0.3448 -0.968493 0.249041 0.060159
0.0345 0.3793 -0.981549 0.191211 0.065295
0.0345 0.4138 -0.989949 0.141421 0.070627
0.0345 0.4483 -0.995145 0.098421 0.076113
0.0345 0.4828 -0.998131 0.061110 0.081722
0.0345 0.5172 -0.999592 0.028560 0.087432
0.0345 0.5517 -1.000000 0.000000 0.093222
0.0345 0.5862 -0.999682 -0.025202 0.099080
0.0345 0.6207 -0.998868 -0.047565 0.104994
0.0345 0.6552 -0.997718 -0.067515 0.110955
0.0345 0.6897 -0.996347 -0.085401 0.116955
0.0345 0.7241 -0.994834 -0.101514 0.122990
0.0345 0.7586 -0.993238 -0.116093 0.129053
0.0345 0.7931 -0.991600 -0.129339 0.135142
0.0345 0.8276 -0.989949 -0.141421 0.141253
0.0345 0.8621 -0.988306 -0.152482 0.147383
0.0345 0.8966 -0.986685 -0.162640 0.153531
0.0345 0.9310 -0.985097 -0.172001 0.159693
0.0345 0.9655 -0.983547 -0.180652 0.165868
0.0345 1.0000 0.0000 0.0000 0.0000

0.0690 0.0000 0.000000 1.000000 0.077051
0.0690 0.0345 -0.065863 0.997829 0.072214
0.0690 0.0690 -0.140438 0.990089 0.067734
0.0690 0.1034 -0.224041 0.974580 0.063688
0.0690 0.1379 -0.316228 0.948683 0.060162
0.0690 0.1724 -0.415367 0.909654 0.057253
0.0690 0.2069 -0.518302 0.855198 0.055060
0.0690 0.2414 -0.620362 0.784315 0.053668
0.0690 0.2759 -0.716000 0.698100 0.053142
0.0690 0.3103 -0.800000 0.600000 0.053508
0.0690 0.3448 -0.868777 0.495203 0.054746
0.0690 0.3793 -0.921083 0.389367 0.056801
0.0690 0.4138 -0.957826 0.287348 0.059588
0.0690 0.4483 -0.981300 0.192486 0.063009
0.0690 0.4828 -0.994309 0.106533 0.066969
0.0690 0.5172 -0.999550 0.029987 0.071376
0.0690 0.5517 -0.999298 -0.037474 0.076153
0.0690 0.5862 -0.995323 -0.096605 0.081236
0.0690 0.6207 -0.988936 -0.148340 0.086570
0.0690 0.6552 -0.981074 -0.193633 0.092112
0.0690 0.6897 -0.972387 -0.233373 0.097826
0.0690 0.7241 -0.963320 -0.268354 0.103684
0.0690 0.7586 -0.954171 -0.299263 0.109663
0.0690 0.7931 -0.945133 -0.326687 0.115744
0.0690 0.8276 -0.936329 -0.351123 0.121912
0.0690 0.8621 -0.927835 -0.372990 0.128154
0.0690 0.8966 -0.919693 -0.392638 0.134460
0.0690 0.9310 -0.911922 -0.410365 0.140822
0.0690 0.9655 0.0000 0.0000 0.0000
0.0690 1.0000 0.0000 0.0000 0.0000

0.1034 0.0000 0.000000 1.000000 0.111296
0.1034 0.0345 -0.035487 0.999370 0.103870
0.1034 0.0690 -0.076320 0.997083 0.096596
0.1034 0.1034 -0.123544 0.992339 0.089509
0.1034 0.1379 -0.178379 0.983962 0.082657
0.1034 0.1724 -0.242168 0.970234 0.076106
0.1034 0.2069 -0.316228 0.948683 0.069939
0.1034 0.2414 -0.401498 0.915860 0.064266
0.1034 0.2759 -0.497868 0.867253 0.059230
0.1034 0.3103 -0.603108 0.797659 0.055006
0.1034 0.3448 -0.711683 0.702500 0.051794
0.1034 0.3793 -0.814378 0.580334 0.049789
0.1034 0.4138 -0.900159 0.435561 0.049139
0.1034 0.4483 -0.960346 0.278810 0.049898
0.1034 0.4828 -0.992348 0.123472 0.052003
0.1034 0.5172 -0.999813 -0.019351 0.055302
0.1034 0.5517 -0.989628 -0.143656 0.059596
0.1034 0.5862 -0.968721 -0.248154 0.064687
0.1034 0.6207 -0.942428 -0.334410 0.070403
0.1034 0.6552 -0.914259 -0.405130 0.076604
0.1034 0.6897 -0.886279 -0.463152 0.083181
0.1034 0.7241 -0.859583 -0.510996 0.090053
0.1034 0.7586 -0.834677 -0.550740 0.097156
0.1034 0.7931 -0.811729 -0.584035 0.104444
0.1034 0.8276 -0.790724 -0.612173 0.111880
0.1034 0.8621 -0.771557 -0.636161 0.119437
0.1034 0.8966 -0.754082 -0.656781 0.127093
0.1034 0.9310 0.0000 0.0000 0.0000
0.1034 0.9655 0.0000 0.0000 0.0000
0.1034 1.0000 0.0000 0.0000 0.0000

0.1379 0.0000 0.000000 1.000000 0.142687
0.1379 0.0345 -0.019709 0.999806 0.132725
0.1379 0.0690 -0.042597 0.999092 0.122823
0.1379 0.1034 -0.069452 0.997585 0.112996
0.1379 0.1379 -0.101328 0.994853 0.103266
0.1379 0.1724 -0.139644 0.990202 0.093664
0.1379 0.2069 -0.186334 0.982487 0.084234
0.1379 0.2414 -0.244027 0.969769 0.075039
0.1379 0.2759 -0.316228 0.948683 0.066178
0.1379 0.3103 -0.407283 0.913302 0.057806
0.1379 0.3448 -0.521450 0.853282 0.050167
0.1379 0.3793 -0.659276 0.751901 0.043647
0.1379 0.4138 -0.808736 0.588172 0.038815
0.1379 0.4483 -0.935520 0.353273 0.036351
0.1379 0.4828 -0.996978 0.077687 0.036734
0.1379 0.5172 -0.983870 -0.178885 0.039882
0.1379 0.5517 -0.925547 -0.378633 0.045222
0.1379 0.5862 -0.853846 -0.520526 0.052083
0.1379 0.6207 -0.785492 -0.618872 0.059946
0.1379 0.6552 -0.725953 -0.687745 0.068466
0.1379 0.6897 -0.675725 -0.737154 0.077426
0.1379 0.7241 -0.633686 -0.773590 0.086691
0.1379 0.7586 -0.598416 -0.801185 0.096171
0.1379 0.7931 -0.568626 -0.822597 0.105810
0.1379 0.8276 -0.543251 -0.839570 0.115568
0.1379 0.8621 -0.521450 -0.853282 0.125416
0.1379 0.8966 0.0000 0.0000 0.0000
0.1379 0.9310 0.0000 0.0000 0.0000
0.1379 0.9655 0.0000 0.0000 0.0000
0.1379 1.0000 0.0000 0.0000 0.0000

0.1724 0.0000 0.000000 1.000000 0.171225
0.1724 0.0345 -0.009737 0.999953 0.158747
0.1724 0.0690 -0.021133 0.999777 0.146287
0.1724 0.1034 -0.034646 0.999400 0.133850
0.1724 0.1379 -0.050914 0.998703 0.121442
0.1724 0.1724 -0.070860 0.997486 0.109073
0.1724 0.2069 -0.095853 0.995396 0.096759
0.1724 0.2414 -0.128016 0.991772 0.084524
0.1724 0.2759 -0.170787 0.985308 0.072407
0.1724 0.3103 -0.230025 0.973185 0.060480
0.1724 0.3448 -0.316228 0.948683 0.048882
0.1724 0.3793 -0.448468 0.893799 0.037915
0.1724 0.4138 -0.654931 0.755689 0.028323
0.1724 0.4483 -0.914034 0.405637 0.021985
0.1724 0.4828 -0.986685 -0.162640 0.021933
0.1724 0.5172 -0.822192 -0.569210 0.028201
0.1724 0.5517 -0.654931 -0.755689 0.037763
0.1724 0.5862 -0.539400 -0.842050 0.048718
0.1724 0.6207 -0.461353 -0.887217 0.060310
0.1724 0.6552 -0.406597 -0.913608 0.072233
0.1724 0.6897 -0.366525 -0.930408 0.084348
0.1724 0.7241 -0.336102 -0.941825 0.096582
0.1724 0.7586 -0.312294 -0.949985 0.108895
0.1724 0.7931 -0.293190 -0.956054 0.121262
0.1724 0.8276 -0.277540 -0.960714 0.133670
0.1724 0.8621 0.0000 0.0000 0.0000
0.1724 0.8966 0.0000 0.0000 0.0000
0.1724 0.9310 0.0000 0.0000 0.0000
0.1724 0.9655 0.0000 0.0000 0.0000
0.1724 1.0000 0.0000 0.0000 0.0000

0.2069 0.0000 0.000000 1.000000 0.196908
0.2069 0.0345 -0.002614 0.999997 0.181927
0.2069 0.0690 -0.005698 0.999984 0.166947
0.2069 0.1034 -0.009389 0.999956 0.151969
0.2069 0.1379 -0.013888 0.999904 0.136993
0.2069 0.1724 -0.019489 0.999810 0.122021
0.2069 0.2069 -0.026657 0.999645 0.107053
0.2069 0.2414 -0.036152 0.999346 0.092093
0.2069 0.2759 -0.049323 0.998783 0.077145
0.2069 0.3103 -0.068802 0.997630 0.062216
0.2069 0.3448 -0.100499 0.994937 0.047326
0.2069 0.3793 -0.160841 0.986980 0.032528
0.2069 0.4138 -0.316228 0.948683 0.018049
0.2069 0.4483 -0.944986 0.327110 0.006543
0.2069 0.4828 -0.460317 -0.887754 0.014466
0.2069 0.5172 -0.248375 -0.968664 0.028724
0.2069 0.5517 -0.175033 -0.984562 0.043477
0.2069 0.5862 -0.138568 -0.990353 0.058351
0.2069 0.6207 -0.116841 -0.993151 0.073272
0.2069 0.6552 -0.102439 -0.994739 0.088217
0.2069 0.6897 -0.092198 -0.995741 0.103174
0.2069 0.7241 -0.084545 -0.996420 0.118140
0.2069 0.7586 -0.078609 -0.996906 0.133111
0.2069 0.7931 -0.073872 -0.997268 0.148086
0.2069 0.8276 0.0000 0.0000 0.0000
0.2069 0.8621 0.0000 0.0000 0.0000
0.2069 0.8966 0.0000 0.0000 0.0000
0.2069 0.9310 0.0000 0.0000 0.0000
0.2069 0.9655 0.0000 0.0000 0.0000
0.2069 1.0000 0.0000 0.0000 0.0000

0.2414 0.0000 0.000000 1.000000 0.219738
0.2414 0.0345 0.002939 0.999996 0.202260
0.2414 0.0690 0.006435 0.999979 0.184784
0.2414 0.1034 0.010660 0.999943 0.167310
0.2414 0.1379 0.015871 0.999874 0.149841
0.2414 0.1724 0.022456 0.999748 0.132376
0.2414 0.2069 0.031041 0.999518 0.114919
0.2414 0.2414 0.042696 0.999088 0.097473
0.2414 0.2759 0.059419 0.998233 0.080046
0.2414 0.3103 0.085401 0.996347 0.062655
0.2414 0.3448 0.131133 0.991365 0.045338
0.2414 0.3793 0.231620 0.972806 0.028235
0.2414 0.4138 0.581238 0.813734 0.012274
0.2414 0.4483 0.718068 -0.695973 0.010763
0.2414 0.4828 0.316228 -0.948683 0.026321
0.2414 0.5172 0.205596 -0.978637 0.043376
0.2414 0.5517 0.156767 -0.987636 0.060679
0.2414 0.5862 0.129469 -0.991583 0.078065
0.2414 0.6207 0.112071 -0.993700 0.095489
0.2414 0.6552 0.100025 -0.994985 0.112933
0.2414 0.6897 0.091193 -0.995833 0.130389
0.2414 0.7241 0.084443 -0.996428 0.147853
0.2414 0.7586 0.079116 -0.996865 0.165322
0.2414 0.7931 0.0000 0.0000 0.0000
0.2414 0.8276 0.0000 0.0000 0.0000
0.2414 0.8621 0.0000 0.0000 0.0000
0.2414 0.8966 0.0000 0.0000 0.0000
0.2414 0.9310 0.0000 0.0000 0.0000
0.2414 0.9655 0.0000 0.0000 0.0000
0.2414 1.0000 0.0000 0.0000 0.0000

0.2759 0.0000 0.000000 1.000000 0.239715
0.2759 0.0345 0.007576 0.999971 0.219745
0.2759 0.0690 0.016664 0.999861 0.199790
0.2759 0.1034 0.027767 0.999614 0.179855
0.2759 0.1379 0.041631 0.999133 0.159948
0.2759 0.1724 0.059419 0.998233 0.140081
0.2759 0.2069 0.083045 0.996546 0.120273
0.2759 0.2414 0.115881 0.993263 0.100559
0.2759 0.2759 0.164399 0.986394 0.081007
0.2759 0.3103 0.242536 0.970143 0.061773
0.2759 0.3448 0.384615 0.923077 0.043282
0.2759 0.3793 0.675725 0.737154 0.027099
0.2759 0.4138 1.000000 0.000000 0.019976
0.2759 0.4483 0.734803 -0.678280 0.029451
0.2759 0.4828 0.503871 -0.863779 0.046253
0.2759 0.5172 0.384615 -0.923077 0.064923
0.2759 0.5517 0.316228 -0.948683 0.084227
0.2759 0.5862 0.272603 -0.962127 0.103813
0.2759 0.6207 0.242536 -0.970143 0.123546
0.2759 0.6552 0.220617 -0.975360 0.143366
0.2759 0.6897 0.203954 -0.978980 0.163241
0.2759 0.7241 0.190870 -0.981615 0.183153
0.2759 0.7586 0.0000 0.0000 0.0000
0.2759 0.7931 0.0000 0.0000 0.0000
0.2759 0.8276 0.0000 0.0000 0.0000
0.2759 0.8621 0.0000 0.0000 0.0000
0.2759 0.8966 0.0000 0.0000 0.0000
0.2759 0.9310 0.0000 0.0000 0.0000
0.2759 0.9655 0.0000 0.0000 0.0000
0.2759 1.0000 0.0000 0.0000 0.0000

0.3103 0.0000 0.000000 1.000000 0.256837
0.3103 0.0345 0.011668 0.999932 0.234380
0.3103 0.0690 0.025805 0.999667 0.211961
0.3103 0.1034 0.043274 0.999063 0.189595
0.3103 0.1379 0.065387 0.997860 0.167302
0.3103 0.1724 0.094229 0.995551 0.145117
0.3103 0.2069 0.133303 0.991075 0.123096
0.3103 0.2414 0.188891 0.981998 0.101349
0.3103 0.2759 0.273152 0.961971 0.080097
0.3103 0.3103 0.411108 0.911587 0.059871
0.3103 0.3448 0.648466 0.761243 0.042174
0.3103 0.3793 0.952380 0.304912 0.031587
0.3103 0.4138 0.931243 -0.364399 0.035241
0.3103 0.4483 0.709476 -0.704730 0.050112
0.3103 0.4828 0.552323 -0.833630 0.069321
0.3103 0.5172 0.455111 -0.890435 0.090138
0.3103 0.5517 0.391862 -0.920024 0.111665
0.3103 0.5862 0.348097 -0.937458 0.133561
0.3103 0.6207 0.316228 -0.948683 0.155670
0.3103 0.6552 0.292066 -0.956398 0.177912
0.3103 0.6897 0.273152 -0.961971 0.200243
0.3103 0.7241 0.0000 0.0000 0.0000
0.3103 0.7586 0.0000 0.0000 0.0000
0.3103 0.7931 0.0000 0.0000 0.0000
0.3103 0.8276 0.0000 0.0000 0.0000
0.3103 0.8621 0.0000 0.0000 0.0000
0.3103 0.8966 0.0000 0.0000 0.0000
0.3103 0.9310 0.0000 0.0000 0.0000
0.3103 0.9655 0.0000 0.0000 0.0000
0.3103 1.0000 0.0000 0.0000 0.0000

0.3448 0.0000 0.000000 1.000000 0.271106
0.3448 0.0345 0.015457 0.999881 0.246165
0.3448 0.0690 0.034388 0.999409 0.221296
0.3448 0.1034 0.058084 0.998312 0.196527
0.3448 0.1379 0.088540 0.996073 0.171900
0.3448 0.1724 0.128995 0.991645 0.147487
0.3448 0.2069 0.184987 0.982741 0.123414
0.3448 0.2414 0.266539 0.963824 0.099929
0.3448 0.2759 0.392439 0.919778 0.077566
0.3448 0.3103 0.594043 0.804433 0.057647
0.3448 0.3448 0.871576 0.490261 0.043656
0.3448 0.3793 0.996388 -0.084919 0.042007
0.3448 0.4138 0.847998 -0.529999 0.053844
0.3448 0.4483 0.678822 -0.734303 0.072869
0.3448 0.4828 0.561624 -0.827393 0.094850
0.3448 0.5172 0.483077 -0.875578 0.118149
0.3448 0.5517 0.428374 -0.903602 0.142119
0.3448 0.5862 0.388568 -0.921420 0.166470
0.3448 0.6207 0.358479 -0.933538 0.191057
0.3448 0.6552 0.335010 -0.942215 0.215799
0.3448 0.6897 0.0000 0.0000 0.0000
0.3448 0.7241 0.0000 0.0000 0.0000
0.3448 0.7586 0.0000 0.0000 0.0000
0.3448 0.7931 0.0000 0.0000 0.0000
0.3448 0.8276 0.0000 0.0000 0.0000
0.3448 0.8621 0.0000 0.0000 0.0000
0.3448 0.8966 0.0000 0.0000 0.0000
0.3448 0.9310 0.0000 0.0000 0.0000
0.3448 0.9655 0.0000 0.0000 0.0000
0.3448 1.0000 0.0000 0.0000 0.0000

0.3793 0.0000 0.000000 1.000000 0.282521
0.3793 0.0345 0.019111 0.999817 0.255100
0.3793 0.0690 0.042803 0.999084 0.227795
0.3793 0.1034 0.072889 0.997340 0.200653
0.3793 0.1379 0.112234 0.993682 0.173749
0.3793 0.1724 0.165578 0.986197 0.147216
0.3793 0.2069 0.241151 0.970488 0.121297
0.3793 0.2414 0.353688 0.935363 0.096486
0.3793 0.2759 0.527683 0.849441 0.073910
0.3793 0.3103 0.779012 0.627009 0.056323
0.3793 0.3448 0.987290 0.158930 0.049379
0.3793 0.3793 0.939123 -0.343582 0.057103
0.3793 0.4138 0.779012 -0.627009 0.075097
0.3793 0.4483 0.647684 -0.761909 0.097852
0.3793 0.4828 0.556041 -0.831155 0.122747
0.3793 0.5172 0.491741 -0.870741 0.148711
0.3793 0.5517 0.445041 -0.895510 0.175270
0.3793 0.5862 0.409900 -0.912130 0.202190
0.3793 0.6207 0.382627 -0.923903 0.229343
0.3793 0.6552 0.0000 0.0000 0.0000
0.3793 0.6897 0.0000 0.0000 0.0000
0.3793 0.7241 0.0000 0.0000 0.0000
0.3793 0.7586 0.0000 0.0000 0.0000
0.3793 0.7931 0.0000 0.0000 0.0000
0.3793 0.8276 0.0000 0.0000 0.0000
0.3793 0.8621 0.0000 0.0000 0.0000
0.3793 0.8966 0.0000 0.0000 0.0000
0.3793 0.9310 0.0000 0.0000 0.0000
0.3793 0.9655 0.0000 0.0000 0.0000
0.3793 1.0000 0.0000 0.0000 0.0000

0.4138 0.0000 0.000000 1.000000 0.291082
0.4138 0.0345 0.022763 0.999741 0.261185
0.4138 0.0690 0.051372 0.998680 0.231459
0.4138 0.1034 0.088306 0.996093 0.201978
0.4138 0.1379 0.137568 0.990492 0.172868
0.4138 0.1724 0.205927 0.978567 0.144354
0.4138 0.2069 0.305219 0.952282 0.116873
0.4138 0.2414 0.455524 0.890224 0.091361
0.4138 0.2759 0.679408 0.733761 0.070006
0.4138 0.3103 0.928477 0.371391 0.057630
0.4138 0.3448 0.989791 -0.142530 0.060066
0.4138 0.3793 0.861612 -0.507568 0.075902
0.4138 0.4138 0.721387 -0.692532 0.098898
0.4138 0.4483 0.617486 -0.786582 0.125167
0.4138 0.4828 0.543895 -0.839153 0.153034
0.4138 0.5172 0.490634 -0.871366 0.181764
0.4138 0.5517 0.450816 -0.892617 0.211006
0.4138 0.5862 0.420124 -0.907467 0.240572
0.4138 0.6207 0.0000 0.0000 0.0000
0.4138 0.6552 0.0000 0.0000 0.0000
0.4138 0.6897 0.0000 0.0000 0.0000
0.4138 0.7241 0.0000 0.0000 0.0000
0.4138 0.7586 0.0000 0.0000 0.0000
0.4138 0.7931 0.0000 0.0000 0.0000
0.4138 0.8276 0.0000 0.0000 0.0000
0.4138 0.8621 0.0000 0.0000 0.0000
0.4138 0.8966 0.0000 0.0000 0.0000
0.4138 0.9310 0.0000 0.0000 0.0000
0.4138 0.9655 0.0000 0.0000 0.0000
0.4138 1.0000 0.0000 0.0000 0.0000

0.4483 0.0000 0.000000 1.000000 0.296790
0.4483 0.0345 0.026531 0.999648 0.264421
0.4483 0.0690 0.060402 0.998174 0.232291
0.4483 0.1034 0.104963 0.994476 0.200513
0.4483 0.1379 0.165766 0.986165 0.169286
0.4483 0.1724 0.252387 0.967626 0.138982
0.4483 0.2069 0.381400 0.924410 0.110364
0.4483 0.2414 0.576738 0.816929 0.085148
0.4483 0.2759 0.834219 0.551433 0.067277
0.4483 0.3103 0.997314 0.073249 0.063309
0.4483 0.3448 0.929559 -0.368673 0.075471
0.4483 0.3793 0.788043 -0.615620 0.097926
0.4483 0.4138 0.672106 -0.740455 0.125256
0.4483 0.4483 0.588765 -0.808304 0.154902
0.4483 0.4828 0.528732 -0.848789 0.185758
0.4483 0.5172 0.484249 -0.874930 0.217310
0.4483 0.5517 0.450264 -0.892896 0.249292
0.4483 0.5862 0.0000 0.0000 0.0000
0.4483 0.6207 0.0000 0.0000 0.0000
0.4483 0.6552 0.0000 0.0000 0.0000
0.4483 0.6897 0.0000 0.0000 0.0000
0.4483 0.7241 0.0000 0.0000 0.0000
0.4483 0.7586 0.0000 0.0000 0.0000
0.4483 0.7931 0.0000 0.0000 0.0000
0.4483 0.8276 0.0000 0.0000 0.0000
0.4483 0.8621 0.0000 0.0000 0.0000
0.4483 0.8966 0.0000 0.0000 0.0000
0.4483 0.9310 0.0000 0.0000 0.0000
0.4483 0.9655 0.0000 0.0000 0.0000
0.4483 1.0000 0.0000 0.0000 0.0000

0.4828 0.0000 0.000000 1.000000 0.299643
0.4828 0.0345 0.030534 0.999534 0.264808
0.4828 0.0690 0.070220 0.997532 0.230295
0.4828 0.1034 0.123587 0.992334 0.196273
0.4828 0.1379 0.198360 0.980129 0.163050
0.4828 0.1724 0.308062 0.951366 0.131234
0.4828 0.2069 0.474933 0.880022 0.102149
0.4828 0.2414 0.717581 0.696475 0.078875
0.4828 0.2759 0.955475 0.295073 0.067699
0.4828 0.3103 0.979457 -0.201653 0.074297
0.4828 0.3448 0.850798 -0.525493 0.095036
0.4828 0.3793 0.723356 -0.690476 0.122957
0.4828 0.4138 0.629198 -0.777245 0.154208
0.4828 0.4483 0.561719 -0.827328 0.187127
0.4828 0.4828 0.512278 -0.858820 0.220971
0.4828 0.5172 0.0000 0.0000 0.0000
0.4828 0.5517 0.0000 0.0000 0.0000
0.4828 0.5862 0.0000 0.0000 0.0000
0.4828 0.6207 0.0000 0.0000 0.0000
0.4828 0.6552 0.0000 0.0000 0.0000
0.4828 0.6897 0.0000 0.0000 0.0000
0.4828 0.7241 0.0000 0.0000 0.0000
0.4828 0.7586 0.0000 0.0000 0.0000
0.4828 0.7931 0.0000 0.0000 0.0000
0.4828 0.8276 0.0000 0.0000 0.0000
0.4828 0.8621 0.0000 0.0000 0.0000
0.4828 0.8966 0.0000 0.0000 0.0000
0.4828 0.9310 0.0000 0.0000 0.0000
0.4828 0.9655 0.0000 0.0000 0.0000
0.4828 1.0000 0.0000 0.0000 0.0000

0.5172 0.0000 0.000000 1.000000 0.299643
0.5172 0.0345 0.034899 0.999391 0.262348
0.5172 0.0690 0.081212 0.996697 0.225477
0.5172 0.1034 0.145114 0.989415 0.189281
0.5172 0.1379 0.237453 0.971399 0.154233
0.5172 0.1724 0.377297 0.926092 0.121334
0.5172 0.2069 0.591364 0.806405 0.092895
0.5172 0.2414 0.863372 0.504568 0.074233
0.5172 0.2759 1.000000 0.000000 0.073246
0.5172 0.3103 0.910366 -0.413803 0.090515
0.5172 0.3448 0.773957 -0.633238 0.118298
0.5172 0.3793 0.667440 -0.744664 0.150895
0.5172 0.4138 0.591364 -0.806405 0.185790
0.5172 0.4483 0.536390 -0.843970 0.221900
0.5172 0.4828 0.0000 0.0000 0.0000
0.5172 0.5172 0.0000 0.0000 0.0000
0.5172 0.5517 0.0000 0.0000 0.0000
0.5172 0.5862 0.0000 0.0000 0.0000
0.5172 0.6207 0.0000 0.0000 0.0000
0.5172 0.6552 0.0000 0.0000 0.0000
0.5172 0.6897 0.0000 0.0000 0.0000
0.5172 0.7241 0.0000 0.0000 0.0000
0.5172 0.7586 0.0000 0.0000 0.0000
0.5172 0.7931 0.0000 0.0000 0.0000
0.5172 0.8276 0.0000 0.0000 0.0000
0.5172 0.8621 0.0000 0.0000 0.0000
0.5172 0.8966 0.0000 0.0000 0.0000
0.5172 0.9310 0.0000 0.0000 0.0000
0.5172 0.9655 0.0000 0.0000 0.0000
0.5172 1.0000 0.0000 0.0000 0.0000

0.5517 0.0000 0.000000 1.000000 0.296790
0.5517 0.0345 0.039783 0.999208 0.257041
0.5517 0.0690 0.093882 0.995583 0.217847
0.5517 0.1034 0.170838 0.985299 0.179572
0.5517 0.1379 0.286127 0.958192 0.142957
0.5517 0.1724 0.466193 0.884683 0.109675
0.5517 0.2069 0.732187 0.681104 0.083798
0.5517 0.2414 0.972563 0.232640 0.073601
0.5517 0.2759 0.963196 -0.268799 0.084933
0.5517 0.3103 0.826092 -0.563536 0.111408
0.5517 0.3448 0.705464 -0.708746 0.144953
0.5517 0.3793 0.619092 -0.785318 0.181694
0.5517 0.4138 0.557690 -0.830050 0.220035
0.5517 0.4483 0.512741 -0.858543 0.259267
0.5517 0.4828 0.0000 0.0000 0.0000
0.5517 0.5172 0.0000 0.0000 0.0000
0.5517 0.5517 0.0000 0.0000 0.0000
0.5517 0.5862 0.0000 0.0000 0.0000
0.5517 0.6207 0.0000 0.0000 0.0000
0.5517 0.6552 0.0000 0.0000 0.0000
0.5517 0.6897 0.0000 0.0000 0.0000
0.5517 0.7241 0.0000 0.0000 0.0000
0.5517 0.7586 0.0000 0.0000 0.0000
0.5517 0.7931 0.0000 0.0000 0.0000
0.5517 0.8276 0.0000 0.0000 0.0000
0.5517 0.8621 0.0000 0.0000 0.0000
0.5517 0.8966 0.0000 0.0000 0.0000
0.5517 0.9310 0.0000 0.0000 0.0000
0.5517 0.9655 0.0000 0.0000 0.0000
0.5517 1.0000 0.0000 0.0000 0.0000

0.5862 0.0000 0.000000 1.000000 0.291082
0.5862 0.0345 0.045386 0.998970 0.248889
0.5862 0.0690 0.108921 0.994050 0.207417
0.5862 0.1034 0.202676 0.979246 0.167204
0.5862 0.1379 0.349109 0.937082 0.129427
0.5862 0.1724 0.582397 0.812904 0.096979
0.5862 0.2069 0.881066 0.472993 0.076926
0.5862 0.2414 0.997072 -0.076467 0.079305
0.5862 0.2759 0.881066 -0.472993 0.102567
0.5862 0.3103 0.745241 -0.666795 0.136418
0.5862 0.3448 0.646186 -0.763180 0.174811
0.5862 0.3793 0.577052 -0.816708 0.215331
0.5862 0.4138 0.527501 -0.849554 0.256972
0.5862 0.4483 0.0000 0.0000 0.0000
0.5862 0.4828 0.0000 0.0000 0.0000
0.5862 0.5172 0.0000 0.0000 0.0000
0.5862 0.5517 0.0000 0.0000 0.0000
0.5862 0.5862 0.0000 0.0000 0.0000
0.5862 0.6207 0.0000 0.0000 0.0000
0.5862 0.6552 0.0000 0.0000 0.0000
0.5862 0.6897 0.0000 0.0000 0.0000
0.5862 0.7241 0.0000 0.0000 0.0000
0.5862 0.7586 0.0000 0.0000 0.0000
0.5862 0.7931 0.0000 0.0000 0.0000
0.5862 0.8276 0.0000 0.0000 0.0000
0.5862 0.8621 0.0000 0.0000 0.0000
0.5862 0.8966 0.0000 0.0000 0.0000
0.5862 0.9310 0.0000 0.0000 0.0000
0.5862 0.9655 0.0000 0.0000 0.0000
0.5862 1.0000 0.0000 0.0000 0.0000

0.6207 0.0000 0.000000 1.000000 0.282521
0.6207 0.0345 0.051982 0.998648 0.237896
0.6207 0.0690 0.127350 0.991858 0.194209
0.6207 0.1034 0.243638 0.969866 0.152270
0.6207 0.1379 0.433816 0.901002 0.114023
0.6207 0.1724 0.730588 0.682819 0.084632
0.6207 0.2069 0.985351 0.170541 0.075300
0.6207 0.2414 0.937593 -0.347734 0.092325
0.6207 0.2759 0.788944 -0.614466 0.125395
0.6207 0.3103 0.673962 -0.738766 0.165137
0.6207 0.3448 0.595228 -0.803557 0.207756
0.6207 0.3793 0.540232 -0.841516 0.251796
0.6207 0.4138 0.0000 0.0000 0.0000
0.6207 0.4483 0.0000 0.0000 0.0000
0.6207 0.4828 0.0000 0.0000 0.0000
0.6207 0.5172 0.0000 0.0000 0.0000
0.6207 0.5517 0.0000 0.0000 0.0000
0.6207 0.5862 0.0000 0.0000 0.0000
0.6207 0.6207 0.0000 0.0000 0.0000
0.6207 0.6552 0.0000 0.0000 0.0000
0.6207 0.6897 0.0000 0.0000 0.0000
0.6207 0.7241 0.0000 0.0000 0.0000
0.6207 0.7586 0.0000 0.0000 0.0000
0.6207 0.7931 0.0000 0.0000 0.0000
0.6207 0.8276 0.0000 0.0000 0.0000
0.6207 0.8621 0.0000 0.0000 0.0000
0.6207 0.8966 0.0000 0.0000 0.0000
0.6207 0.9310 0.0000 0.0000 0.0000
0.6207 0.9655 0.0000 0.0000 0.0000
0.6207 1.0000 0.0000 0.0000 0.0000

0.6552 0.0000 0.000000 1.000000 0.271106
0.6552 0.0345 0.059966 0.998200 0.224066
0.6552 0.0690 0.150754 0.988571 0.178256
0.6552 0.1034 0.298727 0.954339 0.134937
0.6552 0.1379 0.551318 0.834295 0.097486
0.6552 0.1724 0.892841 0.450371 0.075245
0.6552 0.2069 0.986157 -0.165814 0.081750
0.6552 0.2414 0.839001 -0.544131 0.112103
0.6552 0.2759 0.703985 -0.710215 0.152689
0.6552 0.3103 0.612939 -0.790130 0.197291
0.6552 0.3448 0.551318 -0.834295 0.243714
0.6552 0.3793 0.0000 0.0000 0.0000
0.6552 0.4138 0.0000 0.0000 0.0000
0.6552 0.4483 0.0000 0.0000 0.0000
0.6552 0.4828 0.0000 0.0000 0.0000
0.6552 0.5172 0.0000 0.0000 0.0000
0.6552 0.5517 0.0000 0.0000 0.0000
0.6552 0.5862 0.0000 0.0000 0.0000
0.6552 0.6207 0.0000 0.0000 0.0000
0.6552 0.6552 0.0000 0.0000 0.0000
0.6552 0.6897 0.0000 0.0000 0.0000
0.6552 0.7241 0.0000 0.0000 0.0000
0.6552 0.7586 0.0000 0.0000 0.0000
0.6552 0.7931 0.0000 0.0000 0.0000
0.6552 0.8276 0.0000 0.0000 0.0000
0.6552 0.8621 0.0000 0.0000 0.0000
0.6552 0.8966 0.0000 0.0000 0.0000
0.6552 0.9310 0.0000 0.0000 0.0000
0.6552 0.9655 0.0000 0.0000 0.0000
0.6552 1.0000 0.0000 0.0000 0.0000

0.6897 0.0000 0.000000 1.000000 0.256837
0.6897 0.0345 0.069943 0.997551 0.207404
0.6897 0.0690 0.181769 0.983341 0.159615
0.6897 0.1034 0.376708 0.926332 0.115526
0.6897 0.1379 0.712926 0.701239 0.081392
0.6897 0.1724 0.995197 0.097888 0.072883
0.6897 0.2069 0.897350 -0.441320 0.096996
0.6897 0.2414 0.738373 -0.674392 0.137526
0.6897 0.2759 0.630982 -0.775798 0.183923
0.6897 0.3103 0.0000 0.0000 0.0000
0.6897 0.3448 0.0000 0.0000 0.0000
0.6897 0.3793 0.0000 0.0000 0.0000
0.6897 0.4138 0.0000 0.0000 0.0000
0.6897 0.4483 0.0000 0.0000 0.0000
0.6897 0.4828 0.0000 0.0000 0.0000
0.6897 0.5172 0.0000 0.0000 0.0000
0.6897 0.5517 0.0000 0.0000 0.0000
0.6897 0.5862 0.0000 0.0000 0.0000
0.6897 0.6207 0.0000 0.0000 0.0000
0.6897 0.6552 0.0000 0.0000 0.0000
0.6897 0.6897 0.0000 0.0000 0.0000
0.6897 0.7241 0.0000 0.0000 0.0000
0.6897 0.7586 0.0000 0.0000 0.0000
0.6897 0.7931 0.0000 0.0000 0.0000
0.6897 0.8276 0.0000 0.0000 0.0000
0.6897 0.8621 0.0000 0.0000 0.0000
0.6897 0.8966 0.0000 0.0000 0.0000
0.6897 0.9310 0.0000 0.0000 0.0000
0.6897 0.9655 0.0000 0.0000 0.0000
0.6897 1.0000 0.0000 0.0000 0.0000

0.7241 0.0000 0.000000 1.000000 0.239715
0.7241 0.0345 0.082888 0.996559 0.187924
0.7241 0.0690 0.225110 0.974333 0.138392
0.7241 0.1034 0.493298 0.869861 0.094730
0.7241 0.1379 0.901201 0.433402 0.069138
0.7241 0.1724 0.960801 -0.277239 0.081061
0.7241 0.2069 0.780287 -0.625421 0.119777
0.7241 0.2414 0.650382 -0.759607 0.167650
0.7241 0.2759 0.569662 -0.821879 0.218750
0.7241 0.3103 0.0000 0.0000 0.0000
0.7241 0.3448 0.0000 0.0000 0.0000
0.7241 0.3793 0.0000 0.0000 0.0000
0.7241 0.4138 0.0000 0.0000 0.0000
0.7241 0.4483 0.0000 0.0000 0.0000
0.7241 0.4828 0.0000 0.0000 0.0000
0.7241 0.5172 0.0000 0.0000 0.0000
0.7241 0.5517 0.0000 0.0000 0.0000
0.7241 0.5862 0.0000 0.0000 0.0000
0.7241 0.6207 0.0000 0.0000 0.0000
0.7241 0.6552 0.0000 0.0000 0.0000
0.7241 0.6897 0.0000 0.0000 0.0000
0.7241 0.7241 0.0000 0.0000 0.0000
0.7241 0.7586 0.0000 0.0000 0.0000
0.7241 0.7931 0.0000 0.0000 0.0000
0.7241 0.8276 0.0000 0.0000 0.0000
0.7241 0.8621 0.0000 0.0000 0.0000
0.7241 0.8966 0.0000 0.0000 0.0000
0.7241 0.9310 0.0000 0.0000 0.0000
0.7241 0.9655 0.0000 0.0000 0.0000
0.7241 1.0000 0.0000 0.0000 0.0000

0.7586 0.0000 0.000000 1.000000 0.219738
0.7586 0.0345 0.100499 0.994937 0.165642
0.7586 0.0690 0.290007 0.957024 0.114803
0.7586 0.1034 0.672673 0.739940 0.074242
0.7586 0.1379 1.000000 0.000000 0.066587
0.7586 0.1724 0.834609 -0.550842 0.099728
0.7586 0.2069 0.672673 -0.739940 0.148484
0.7586 0.2414 0.577331 -0.816510 0.201839
0.7586 0.2759 0.0000 0.0000 0.0000
0.7586 0.3103 0.0000 0.0000 0.0000
0.7586 0.3448 0.0000 0.0000 0.0000
0.7586 0.3793 0.0000 0.0000 0.0000
0.7586 0.4138 0.0000 0.0000 0.0000
0.7586 0.4483 0.0000 0.0000 0.0000
0.7586 0.4828 0.0000 0.0000 0.0000
0.7586 0.5172 0.0000 0.0000 0.0000
0.7586 0.5517 0.0000 0.0000 0.0000
0.7586 0.5862 0.0000 0.0000 0.0000
0.7586 0.6207 0.0000 0.0000 0.0000
0.7586 0.6552 0.0000 0.0000 0.0000
0.7586 0.6897 0.0000 0.0000 0.0000
0.7586 0.7241 0.0000 0.0000 0.0000
0.7586 0.7586 0.0000 0.0000 0.0000
0.7586 0.7931 0.0000 0.0000 0.0000
0.7586 0.8276 0.0000 0.0000 0.0000
0.7586 0.8621 0.0000 0.0000 0.0000
0.7586 0.8966 0.0000 0.0000 0.0000
0.7586 0.9310 0.0000 0.0000 0.0000
0.7586 0.9655 0.0000 0.0000 0.0000
0.7586 1.0000 0.0000 0.0000 0.0000

0.7931 0.0000 0.000000 1.000000 0.196908
0.7931 0.0345 0.126012 0.992029 0.140598
0.7931 0.0690 0.396487 0.918040 0.089370
0.7931 0.1034 0.907424 0.420216 0.058574
0.7931 0.1379 0.907424 -0.420216 0.078098
0.7931 0.1724 0.700494 -0.713658 0.126461
0.7931 0.2069 0.0000 0.0000 0.0000
0.7931 0.2414 0.0000 0.0000 0.0000
0.7931 0.2759 0.0000 0.0000 0.0000
0.7931 0.3103 0.0000 0.0000 0.0000
0.7931 0.3448 0.0000 0.0000 0.0000
0.7931 0.3793 0.0000 0.0000 0.0000
0.7931 0.4138 0.0000 0.0000 0.0000
0.7931 0.4483 0.0000 0.0000 0.0000
0.7931 0.4828 0.0000 0.0000 0.0000
0.7931 0.5172 0.0000 0.0000 0.0000
0.7931 0.5517 0.0000 0.0000 0.0000
0.7931 0.5862 0.0000 0.0000 0.0000
0.7931 0.6207 0.0000 0.0000 0.0000
0.7931 0.6552 0.0000 0.0000 0.0000
0.7931 0.6897 0.0000 0.0000 0.0000
0.7931 0.7241 0.0000 0.0000 0.0000
0.7931 0.7586 0.0000 0.0000 0.0000
0.7931 0.7931 0.0000 0.0000 0.0000
0.7931 0.8276 0.0000 0.0000 0.0000
0.7931 0.8621 0.0000 0.0000 0.0000
0.7931 0.8966 0.0000 0.0000 0.0000
0.7931 0.9310 0.0000 0.0000 0.0000
0.7931 0.9655 0.0000 0.0000 0.0000
0.7931 1.0000 0.0000 0.0000 0.0000

0.8276 0.0000 0.000000 1.000000 0.171225
0.8276 0.0345 0.166449 0.986050 0.112871
0.8276 0.0690 0.590391 0.807117 0.063643
0.8276 0.1034 0.988659 -0.150176 0.057008
0.8276 0.1379 0.739093 -0.673604 0.101677
0.8276 0.1724 0.590391 -0.807117 0.159108
0.8276 0.2069 0.0000 0.0000 0.0000
0.8276 0.2414 0.0000 0.0000 0.0000
0.8276 0.2759 0.0000 0.0000 0.0000
0.8276 0.3103 0.0000 0.0000 0.0000
0.8276 0.3448 0.0000 0.0000 0.0000
0.8276 0.3793 0.0000 0.0000 0.0000
0.8276 0.4138 0.0000 0.0000 0.0000
0.8276 0.4483 0.0000 0.0000 0.0000
0.8276 0.4828 0.0000 0.0000 0.0000
0.8276 0.5172 0.0000 0.0000 0.0000
0.8276 0.5517 0.0000 0.0000 0.0000
0.8276 0.5862 0.0000 0.0000 0.0000
0.8276 0.6207 0.0000 0.0000 0.0000
0.8276 0.6552 0.0000 0.0000 0.0000
0.8276 0.6897 0.0000 0.0000 0.0000
0.8276 0.7241 0.0000 0.0000 0.0000
0.8276 0.7586 0.0000 0.0000 0.0000
0.8276 0.7931 0.0000 0.0000 0.0000
0.8276 0.8276 0.0000 0.0000 0.0000
0.8276 0.8621 0.0000 0.0000 0.0000
0.8276 0.8966 0.0000 0.0000 0.0000
0.8276 0.9310 0.0000 0.0000 0.0000
0.8276 0.9655 0.0000 0.0000 0.0000
0.8276 1.0000 0.0000 0.0000 0.0000

0.8621 0.0000 0.000000 1.000000 0.142687
0.8621 0.0345 0.240166 0.970732 0.082682
0.8621 0.0690 0.912228 0.409683 0.043536
0.8621 0.1034 0.800575 -0.599233 0.074411
0.8621 0.1379 0.595995 -0.802988 0.133272
0.8621 0.1724 0.0000 0.0000 0.0000
0.8621 0.2069 0.0000 0.0000 0.0000
0.8621 0.2414 0.0000 0.0000 0.0000
0.8621 0.2759 0.0000 0.0000 0.0000
0.8621 0.3103 0.0000 0.0000 0.0000
0.8621 0.3448 0.0000 0.0000 0.0000
0.8621 0.3793 0.0000 0.0000 0.0000
0.8621 0.4138 0.0000 0.0000 0.0000
0.8621 0.4483 0.0000 0.0000 0.0000
0.8621 0.4828 0.0000 0.0000 0.0000
0.8621 0.5172 0.0000 0.0000 0.0000
0.8621 0.5517 0.0000 0.0000 0.0000
0.8621 0.5862 0.0000 0.0000 0.0000
0.8621 0.6207 0.0000 0.0000 0.0000
0.8621 0.6552 0.0000 0.0000 0.0000
0.8621 0.6897 0.0000 0.0000 0.0000
0.8621 0.7241 0.0000 0.0000 0.0000
0.8621 0.7586 0.0000 0.0000 0.0000
0.8621 0.7931 0.0000 0.0000 0.0000
0.8621 0.8276 0.0000 0.0000 0.0000
0.8621 0.8621 0.0000 0.0000 0.0000
0.8621 0.8966 0.0000 0.0000 0.0000
0.8621 0.9310 0.0000 0.0000 0.0000
0.8621 0.9655 0.0000 0.0000 0.0000
0.8621 1.0000 0.0000 0.0000 0.0000

0.8966 0.0000 0.000000 1.000000 0.111296
0.8966 0.0345 0.411336 0.911484 0.050877
0.8966 0.0690 0.914239 -0.405174 0.045781
0.8966 0.1034 0.0000 0.0000 0.0000
0.8966 0.1379 0.0000 0.0000 0.0000
0.8966 0.1724 0.0000 0.0000 0.0000
0.8966 0.2069 0.0000 0.0000 0.0000
0.8966 0.2414 0.0000 0.0000 0.0000
0.8966 0.2759 0.0000 0.0000 0.0000
0.8966 0.3103 0.0000 0.0000 0.0000
0.8966 0.3448 0.0000 0.0000 0.0000
0.8966 0.3793 0.0000 0.0000 0.0000
0.8966 0.4138 0.0000 0.0000 0.0000
0.8966 0.4483 0.0000 0.0000 0.0000
0.8966 0.4828 0.0000 0.0000 0.0000
0.8966 0.5172 0.0000 0.0000 0.0000
0.8966 0.5517 0.0000 0.0000 0.0000
0.8966 0.5862 0.0000 0.0000 0.0000
0.8966 0.6207 0.0000 0.0000 0.0000
0.8966 0.6552 0.0000 0.0000 0.0000
0.8966 0.6897 0.0000 0.0000 0.0000
0.8966 0.7241 0.0000 0.0000 0.0000
0.8966 0.7586 0.0000 0.0000 0.0000
0.8966 0.7931 0.0000 0.0000 0.0000
0.8966 0.8276 0.0000 0.0000 0.0000
0.8966 0.8621 0.0000 0.0000 0.0000
0.8966 0.8966 0.0000 0.0000 0.0000
0.8966 0.9310 0.0000 0.0000 0.0000
0.8966 0.9655 0.0000 0.0000 0.0000
0.8966 1.0000 0.0000 0.0000 0.0000

0.9310 0.0000 0.000000 1.000000 0.077051
0.9310 0.0345 0.916044 0.401079 0.024014
0.9310 0.0690 0.605747 -0.795657 0.072630
0.9310 0.1034 0.0000 0.0000 0.0000
0.9310 0.1379 0.0000 0.0000 0.0000
0.9310 0.1724 0.0000 0.0000 0.0000
0.9310 0.2069 0.0000 0.0000 0.0000
0.9310 0.2414 0.0000 0.0000 0.0000
0.9310 0.2759 0.0000 0.0000 0.0000
0.9310 0.3103 0.0000 0.0000 0.0000
0.9310 0.3448 0.0000 0.0000 0.0000
0.9310 0.3793 0.0000 0.0000 0.0000
0.9310 0.4138 0.0000 0.0000 0.0000
0.9310 0.4483 0.0000 0.0000 0.0000
0.9310 0.4828 0.0000 0.0000 0.0000
0.9310 0.5172 0.0000 0.0000 0.0000
0.9310 0.5517 0.0000 0.0000 0.0000
0.9310 0.5862 0.0000 0.0000 0.0000
0.9310 0.6207 0.0000 0.0000 0.0000
0.9310 0.6552 0.0000 0.0000 0.0000
0.9310 0.6897 0.0000 0.0000 0.0000
0.9310 0.7241 0.0000 0.0000 0.0000
0.9310 0.7586 0.0000 0.0000 0.0000
0.9310 0.7931 0.0000 0.0000 0.0000
0.9310 0.8276 0.0000 0.0000 0.0000
0.9310 0.8621 0.0000 0.0000 0.0000
0.9310 0.8966 0.0000 0.0000 0.0000
0.9310 0.9310 0.0000 0.0000 0.0000
0.9310 0.9655 0.0000 0.0000 0.0000
0.9310 1.0000 0.0000 0.0000 0.0000

0.9655 0.0000 0.000000 1.000000 0.039952
0.9655 0.0345 0.0000 0.0000 0.0000
0.9655 0.0690 0.0000 0.0000 0.0000
0.9655 0.1034 0.0000 0.0000 0.0000
0.9655 0.1379 0.0000 0.0000 0.0000
0.9655 0.1724 0.0000 0.0000 0.0000
0.9655 0.2069 0.0000 0.0000 0.0000
0.9655 0.2414 0.0000 0.0000 0.0000
0.9655 0.2759 0.0000 0.0000 0.0000
0.9655 0.3103 0.0000 0.0000 0.0000
0.9655 0.3448 0.0000 0.0000 0.0000
0.9655 0.3793 0.0000 0.0000 0.0000
0.9655 0.4138 0.0000 0.0000 0.0000
0.9655 0.4483 0.0000 0.0000 0.0000
0.9655 0.4828 0.0000 0.0000 0.0000
0.9655 0.5172 0.0000 0.0000 0.0000
0.9655 0.5517 0.0000 0.0000 0.0000
0.9655 0.5862 0.0000 0.0000 0.0000
0.9655 0.6207 0.0000 0.0000 0.0000
0.9655 0.6552 0.0000 0.0000 0.0000
0.9655 0.6897 0.0000 0.0000 0.0000
0.9655 0.7241 0.0000 0.0000 0.0000
0.9655 0.7586 0.0000 0.0000 0.0000
0.9655 0.7931 0.0000 0.0000 0.0000
0.9655 0.8276 0.0000 0.0000 0.0000
0.9655 0.8621 0.0000 0.0000 0.0000
0.9655 0.8966 0.0000 0.0000 0.0000
0.9655 0.9310 0.0000 0.0000 0.0000
0.9655 0.9655 0.0000 0.0000 0.0000
0.9655 1.0000 0.0000 0.0000 0.0000

1.0000 0.0000 0.000000 0.000000 0.000000
1.0000 0.0345 0.0000 0.0000 0.0000
1.0000 0.0690 0.0000 0.0000 0.0000
1.0000 0.1034 0.0000 0.0000 0.0000
1.0000 0.1379 0.0000 0.0000 0.0000
1.0000 0.1724 0.0000 0.0000 0.0000
1.0000 0.2069 0.0000 0.0000 0.0000
1.0000 0.2414 0.0000 0.0000 0.0000
1.0000 0.2759 0.0000 0.0000 0.0000
1.0000 0.3103 0.0000 0.0000 0.0000
1.0000 0.3448 0.0000 0.0000 0.0000
1.0000 0.3793 0.0000 0.0000 0.0000
1.0000 0.4138 0.0000 0.0000 0.0000
1.0000 0.4483 0.0000 0.0000 0.0000
1.0000 0.4828 0.0000 0.0000 0.0000
1.0000 0.5172 0.0000 0.0000 0.0000
1.0000 0.5517 0.0000 0.0000 0.0000
1.0000 0.5862 0.0000 0.0000 0.0000
1.0000 0.6207 0.0000 0.0000 0.0000
1.0000 0.6552 0.0000 0.0000 0.0000
1.0000 0.6897 0.0000 0.0000 0.0000
1.0000 0.7241 0.0000 0.0000 0.0000
1.0000 0.7586 0.0000 0.0000 0.0000
1.0000 0.7931 0.0000 0.0000 0.0000
1.0000 0.8276 0.0000 0.0000 0.0000
1.0000 0.8621 0.0000 0.0000 0.0000
1.0000 0.8966 0.0000 0.0000 0.0000
1.0000 0.9310 0.0000 0.0000 0.0000
1.0000 0.9655 0.0000 0.0000 0.0000
1.0000 1.0000 0.0000 0.0000 0.0000

