0.0000 0.0000 0.000000 0.000000 0.000000
0.0000 0.0345 -1.000000 0.000000 0.006897
0.0000 0.0690 -1.000000 0.000000 0.013793
0.0000 0.1034 -1.000000 0.000000 0.020690
0.0000 0.1379 -1.000000 0.000000 0.027586
0.0000 0.1724 -1.000000 0.000000 0.034483
0.0000 0.2069 -1.000000 0.000000 0.041379
0.0000 0.2414 -1.000000 0.000000 0.048276
0.0000 0.2759 -1.000000 0.000000 0.055172
0.0000 0.3103 -1.000000 0.000000 0.062069
0.0000 0.3448 -1.000000 0.000000 0.068966
0.0000 0.3793 -1.000000 0.000000 0.075862
0.0000 0.4138 -1.000000 0.000000 0.082759
0.0000 0.4483 -1.000000 0.000000 0.089655
0.0000 0.4828 -1.000000 0.000000 0.096552
0.0000 0.5172 -1.000000 0.000000 0.103448
0.0000 0.5517 -1.000000 0.000000 0.110345
0.0000 0.5862 -1.000000 -0.000000 0.117241
0.0000 0.6207 -1.000000 -0.000000 0.124138
0.0000 0.6552 -1.000000 -0.000000 0.131034
0.0000 0.6897 -1.000000 -0.000000 0.137931
0.0000 0.7241 -1.000000 -0.000000 0.144828
0.0000 0.7586 -1.000000 -0.000000 0.151724
0.0000 0.7931 -1.000000 -0.000000 0.158621
0.0000 0.8276 -1.000000 -0.000000 0.165517
0.0000 0.8621 -1.000000 -0.000000 0.172414
0.0000 0.8966 -1.000000 -0.000000 0.179310
0.0000 0.9310 -1.000000 -0.000000 0.186207
0.0000 0.9655 -1.000000 -0.000000 0.193103
0.0000 1.0000 -1.000000 -0.000000 0.200000

0.0345 0.0000 0.000000 1.000000 0.532699
0.0345 0.0345 0.014760 0.999891 0.499460
0.0345 0.0690 0.031617 0.999500 0.466345
0.0345 0.1034 0.051032 0.998697 0.433383
0.0345 0.1379 0.073609 0.997287 0.400611
0.0345 0.1724 0.100143 0.994973 0.368081
0.0345 0.2069 0.131700 0.991290 0.335862
0.0345 0.2414 0.169724 0.985492 0.304055
0.0345 0.2759 0.216192 0.976351 0.272801
0.0345 0.3103 0.273814 0.961783 0.242317
0.0345 0.3448 0.346223 0.938152 0.212932
0.0345 0.3793 0.437943 0.899003 0.185170
0.0345 0.4138 0.553326 0.832964 0.159881
0.0345 0.4483 0.692353 0.721559 0.138424
0.0345 0.4828 0.840297 0.542127 0.122826
0.0345 0.5172 0.957542 0.288292 0.115486
0.0345 0.5517 1.000000 0.000000 0.117955
0.0345 0.5862 0.966478 -0.256749 0.129674
0.0345 0.6207 0.893786 -0.448495 0.148469
0.0345 0.6552 0.814200 -0.580584 0.172036
0.0345 0.6897 0.742103 -0.670286 0.198683
0.0345 0.7241 0.681013 -0.732272 0.227332
0.0345 0.7586 0.630314 -0.776340 0.257313
0.0345 0.7931 0.588319 -0.808629 0.288211
0.0345 0.8276 0.553326 -0.832964 0.319761
0.0345 0.8621 0.523909 -0.851774 0.351787
0.0345 0.8966 0.498936 -0.866639 0.384170
0.0345 0.9310 0.477532 -0.878614 0.416828
0.0345 0.9655 0.459020 -0.888426 0.449699
0.0345 1.0000 0.0000 0.0000 0.0000

0.0690 0.0000 0.000000 1.000000 1.027348
0.0690 0.0345 0.022519 0.999746 0.961005
0.0690 0.0690 0.048348 0.998831 0.895221
0.0690 0.1034 0.078208 0.996937 0.830129
0.0690 0.1379 0.113021 0.993593 0.765906
0.0690 0.1724 0.153964 0.988076 0.702791
0.0690 0.2069 0.202532 0.979276 0.641111
0.0690 0.2414 0.260590 0.965450 0.581321
0.0690 0.2759 0.330350 0.943858 0.524071
0.0690 0.3103 0.414146 0.910211 0.470289
0.0690 0.3448 0.513665 0.857991 0.421304
0.0690 0.3793 0.628133 0.778106 0.378980
0.0690 0.4138 0.751041 0.660256 0.345775
0.0690 0.4483 0.866978 0.498347 0.324497
0.0690 0.4828 0.954079 0.299554 0.317555
0.0690 0.5172 0.996158 0.087574 0.325866
0.0690 0.5517 0.994016 -0.109233 0.348339
0.0690 0.5862 0.961852 -0.273571 0.382487
0.0690 0.6207 0.915463 -0.402401 0.425507
0.0690 0.6552 0.865643 -0.500661 0.474996
0.0690 0.6897 0.817963 -0.575271 0.529141
0.0690 0.7241 0.774661 -0.632376 0.586655
0.0690 0.7586 0.736268 -0.676690 0.646639
0.0690 0.7931 0.702561 -0.711624 0.708467
0.0690 0.8276 0.673041 -0.739605 0.771694
0.0690 0.8621 0.647153 -0.762360 0.836004
0.0690 0.8966 0.624373 -0.781126 0.901165
0.0690 0.9310 0.604241 -0.796802 0.967005
0.0690 0.9655 0.0000 0.0000 0.0000
0.0690 1.0000 0.0000 0.0000 0.0000

0.1034 0.0000 0.000000 1.000000 1.483948
0.1034 0.0345 0.025936 0.999664 1.384532
0.1034 0.0690 0.055839 0.998440 1.286192
0.1034 0.1034 0.090590 0.995888 1.189194
0.1034 0.1379 0.131309 0.991341 1.093895
0.1034 0.1724 0.179408 0.983775 1.000780
0.1034 0.2069 0.236631 0.971599 0.910520
0.1034 0.2414 0.305037 0.952340 0.824054
0.1034 0.2759 0.386797 0.922165 0.742708
0.1034 0.3103 0.483557 0.875313 0.668353
0.1034 0.3448 0.594945 0.803767 0.603579
0.1034 0.3793 0.715887 0.698216 0.551771
0.1034 0.4138 0.833745 0.552149 0.516843
0.1034 0.4483 0.929323 0.369267 0.502328
0.1034 0.4828 0.985808 0.167876 0.509972
0.1034 0.5172 0.999649 -0.026481 0.538833
0.1034 0.5517 0.980830 -0.194867 0.585784
0.1034 0.5862 0.943681 -0.330858 0.646897
0.1034 0.6207 0.899530 -0.436858 0.718568
0.1034 0.6552 0.855038 -0.518566 0.797957
0.1034 0.6897 0.813369 -0.581748 0.882985
0.1034 0.7241 0.775687 -0.631117 0.972173
0.1034 0.7586 0.742160 -0.670223 1.064477
0.1034 0.7931 0.712523 -0.701649 1.159151
0.1034 0.8276 0.686357 -0.727265 1.255661
0.1034 0.8621 0.663218 -0.748426 1.353613
0.1034 0.8966 0.642693 -0.766124 1.452716
0.1034 0.9310 0.0000 0.0000 0.0000
0.1034 0.9655 0.0000 0.0000 0.0000
0.1034 1.0000 0.0000 0.0000 0.0000

0.1379 0.0000 0.000000 1.000000 1.902497
0.1379 0.0345 0.028349 0.999598 1.770034
0.1379 0.0690 0.061222 0.998124 1.639222
0.1379 0.1034 0.099660 0.995022 1.510493
0.1379 0.1379 0.144980 0.989435 1.384425
0.1379 0.1724 0.198834 0.980033 1.261818
0.1379 0.2069 0.263223 0.964735 1.143784
0.1379 0.2414 0.340392 0.940284 1.031894
0.1379 0.2759 0.432398 0.901683 0.928374
0.1379 0.3103 0.539981 0.841677 0.836335
0.1379 0.3448 0.660275 0.751024 0.759961
0.1379 0.3793 0.783628 0.621230 0.704367
0.1379 0.4138 0.892445 0.451157 0.674709
0.1379 0.4483 0.967234 0.253886 0.674416
0.1379 0.4828 0.998536 0.054085 0.703527
0.1379 0.5172 0.992108 -0.125385 0.758663
0.1379 0.5517 0.961867 -0.273517 0.834683
0.1379 0.5862 0.920744 -0.390167 0.926460
0.1379 0.6207 0.877082 -0.480340 1.029790
0.1379 0.6552 0.835178 -0.549980 1.141540
0.1379 0.6897 0.796817 -0.604221 1.259471
0.1379 0.7241 0.762478 -0.647014 1.382001
0.1379 0.7586 0.732040 -0.681261 1.508010
0.1379 0.7931 0.705143 -0.709066 1.636694
0.1379 0.8276 0.681359 -0.731950 1.767469
0.1379 0.8621 0.660275 -0.751024 1.899904
0.1379 0.8966 0.0000 0.0000 0.0000
0.1379 0.9310 0.0000 0.0000 0.0000
0.1379 0.9655 0.0000 0.0000 0.0000
0.1379 1.0000 0.0000 0.0000 0.0000

0.1724 0.0000 0.000000 1.000000 2.282997
0.1724 0.0345 0.030435 0.999537 2.117509
0.1724 0.0690 0.065954 0.997823 1.954315
0.1724 0.1034 0.107769 0.994176 1.794040
0.1724 0.1379 0.157424 0.987531 1.637541
0.1724 0.1724 0.216846 0.976206 1.486012
0.1724 0.2069 0.288324 0.957533 1.341140
0.1724 0.2414 0.374280 0.927316 1.205325
0.1724 0.2759 0.476510 0.879169 1.081986
0.1724 0.3103 0.594371 0.804191 0.975862
0.1724 0.3448 0.721600 0.692310 0.893114
0.1724 0.3793 0.843277 0.537479 0.840670
0.1724 0.4138 0.938166 0.346187 0.824337
0.1724 0.4483 0.990078 0.140516 0.846208
0.1724 0.4828 0.998613 -0.052642 0.903512
0.1724 0.5172 0.976356 -0.216167 0.990116
0.1724 0.5517 0.938166 -0.346187 1.099117
0.1724 0.5862 0.894699 -0.446670 1.224547
0.1724 0.6207 0.851802 -0.523864 1.361874
0.1724 0.6552 0.812078 -0.583548 1.507853
0.1724 0.6897 0.776377 -0.630269 1.660201
0.1724 0.7241 0.744717 -0.667380 1.817319
0.1724 0.7586 0.716778 -0.697302 1.978069
0.1724 0.7931 0.692127 -0.721776 2.141634
0.1724 0.8276 0.670330 -0.742063 2.307415
0.1724 0.8621 0.0000 0.0000 0.0000
0.1724 0.8966 0.0000 0.0000 0.0000
0.1724 0.9310 0.0000 0.0000 0.0000
0.1724 0.9655 0.0000 0.0000 0.0000
0.1724 1.0000 0.0000 0.0000 0.0000

0.2069 0.0000 0.000000 1.000000 2.625446
0.2069 0.0345 0.032434 0.999474 2.426961
0.2069 0.0690 0.070550 0.997508 2.231482
0.2069 0.1034 0.115766 0.993277 2.039874
0.2069 0.1379 0.169890 0.985463 1.853339
0.2069 0.1724 0.235173 0.971954 1.673573
0.2069 0.2069 0.314233 0.949346 1.503006
0.2069 0.2414 0.409629 0.912252 1.345144
0.2069 0.2759 0.522599 0.852579 1.204990
0.2069 0.3103 0.650306 0.759672 1.089399
0.2069 0.3448 0.781790 0.623542 1.006867
0.2069 0.3793 0.896437 0.443171 0.965906
0.2069 0.4138 0.972013 0.234928 0.971787
0.2069 0.4483 0.999611 0.027877 1.023703
0.2069 0.4828 0.988144 -0.153531 1.115244
0.2069 0.5172 0.954017 -0.299752 1.237648
0.2069 0.5517 0.910837 -0.412766 1.382742
0.2069 0.5862 0.866608 -0.498989 1.544145
0.2069 0.6207 0.825083 -0.565012 1.717263
0.2069 0.6552 0.787616 -0.616166 1.898896
0.2069 0.6897 0.754409 -0.656404 2.086820
0.2069 0.7241 0.725179 -0.688560 2.279481
0.2069 0.7586 0.699478 -0.714654 2.475773
0.2069 0.7931 0.676835 -0.736135 2.674897
0.2069 0.8276 0.0000 0.0000 0.0000
0.2069 0.8621 0.0000 0.0000 0.0000
0.2069 0.8966 0.0000 0.0000 0.0000
0.2069 0.9310 0.0000 0.0000 0.0000
0.2069 0.9655 0.0000 0.0000 0.0000
0.2069 1.0000 0.0000 0.0000 0.0000

0.2414 0.0000 0.000000 1.000000 2.929846
0.2414 0.0345 0.034459 0.999406 2.698392
0.2414 0.0690 0.075269 0.997163 2.470742
0.2414 0.1034 0.124087 0.992271 2.248052
0.2414 0.1379 0.183045 0.983105 2.031953
0.2414 0.1724 0.254782 0.966999 1.824787
0.2414 0.2069 0.342282 0.939597 1.629964
0.2414 0.2414 0.448130 0.893968 1.452461
0.2414 0.2759 0.572479 0.819919 1.299394
0.2414 0.3103 0.709018 0.705190 1.180309
0.2414 0.3448 0.840549 0.541735 1.106236
0.2414 0.3793 0.941469 0.337099 1.086419
0.2414 0.4138 0.992953 0.118511 1.123734
0.2414 0.4483 0.996604 -0.082348 1.212919
0.2414 0.4828 0.968817 -0.247779 1.343684
0.2414 0.5172 0.926613 -0.376017 1.505233
0.2414 0.5517 0.880977 -0.473159 1.688753
0.2414 0.5862 0.837322 -0.546710 1.887848
0.2414 0.6207 0.797736 -0.603006 2.098089
0.2414 0.6552 0.762681 -0.646775 2.316442
0.2414 0.6897 0.731926 -0.681384 2.540818
0.2414 0.7241 0.705000 -0.709207 2.769752
0.2414 0.7586 0.681386 -0.731924 3.002203
0.2414 0.7931 0.0000 0.0000 0.0000
0.2414 0.8276 0.0000 0.0000 0.0000
0.2414 0.8621 0.0000 0.0000 0.0000
0.2414 0.8966 0.0000 0.0000 0.0000
0.2414 0.9310 0.0000 0.0000 0.0000
0.2414 0.9655 0.0000 0.0000 0.0000
0.2414 1.0000 0.0000 0.0000 0.0000

0.2759 0.0000 0.000000 1.000000 3.196195
0.2759 0.0345 0.036583 0.999331 2.931808
0.2759 0.0690 0.080276 0.996773 2.672120
0.2759 0.1034 0.133033 0.991112 2.418644
0.2759 0.1379 0.197378 0.980327 2.173556
0.2759 0.1724 0.276421 0.961037 1.940037
0.2759 0.2069 0.373532 0.927617 1.722798
0.2759 0.2414 0.491088 0.871110 1.528795
0.2759 0.2759 0.627236 0.778829 1.367948
0.2759 0.3103 0.770317 0.637661 1.253094
0.2759 0.3448 0.895616 0.444829 1.197537
0.2759 0.3793 0.975451 0.220219 1.209478
0.2759 0.4138 1.000000 0.000000 1.287039
0.2759 0.4483 0.982239 -0.187636 1.419505
0.2759 0.4828 0.942449 -0.334350 1.593238
0.2759 0.5172 0.895616 -0.444829 1.796306
0.2759 0.5517 0.849582 -0.527457 2.019879
0.2759 0.5862 0.807532 -0.589824 2.257874
0.2759 0.6207 0.770317 -0.637661 2.506187
0.2759 0.6552 0.737794 -0.675026 2.762036
0.2759 0.6897 0.709462 -0.704743 3.023508
0.2759 0.7241 0.684749 -0.728779 3.289263
0.2759 0.7586 0.0000 0.0000 0.0000
0.2759 0.7931 0.0000 0.0000 0.0000
0.2759 0.8276 0.0000 0.0000 0.0000
0.2759 0.8621 0.0000 0.0000 0.0000
0.2759 0.8966 0.0000 0.0000 0.0000
0.2759 0.9310 0.0000 0.0000 0.0000
0.2759 0.9655 0.0000 0.0000 0.0000
0.2759 1.0000 0.0000 0.0000 0.0000

0.3103 0.0000 0.000000 1.000000 3.424495
0.3103 0.0345 0.038860 0.999245 3.127214
0.3103 0.0690 0.085710 0.996320 2.835643
0.3103 0.1034 0.142869 0.989742 2.551742
0.3103 0.1379 0.213348 0.976976 2.278378
0.3103 0.1724 0.300821 0.953680 2.019836
0.3103 0.2069 0.409033 0.912520 1.782575
0.3103 0.2414 0.539674 0.841874 1.576236
0.3103 0.2759 0.687334 0.726341 1.414415
0.3103 0.3103 0.832551 0.553948 1.313670
0.3103 0.3448 0.943195 0.332241 1.288409
0.3103 0.3793 0.995417 0.095628 1.342896
0.3103 0.4138 0.993177 -0.116616 1.468282
0.3103 0.4483 0.958337 -0.285640 1.648466
0.3103 0.4828 0.910933 -0.412555 1.867655
0.3103 0.5172 0.862368 -0.506282 2.113750
0.3103 0.5517 0.817500 -0.575929 2.378414
0.3103 0.5862 0.777785 -0.628531 2.656100
0.3103 0.6207 0.743222 -0.669045 2.943127
0.3103 0.6552 0.713287 -0.700872 3.237009
0.3103 0.6897 0.687334 -0.726341 3.536039
0.3103 0.7241 0.0000 0.0000 0.0000
0.3103 0.7586 0.0000 0.0000 0.0000
0.3103 0.7931 0.0000 0.0000 0.0000
0.3103 0.8276 0.0000 0.0000 0.0000
0.3103 0.8621 0.0000 0.0000 0.0000
0.3103 0.8966 0.0000 0.0000 0.0000
0.3103 0.9310 0.0000 0.0000 0.0000
0.3103 0.9655 0.0000 0.0000 0.0000
0.3103 1.0000 0.0000 0.0000 0.0000

0.3448 0.0000 0.000000 1.000000 3.614744
0.3448 0.0345 0.041341 0.999145 3.284616
0.3448 0.0690 0.091709 0.995786 2.961350
0.3448 0.1034 0.153873 0.988091 2.647463
0.3448 0.1379 0.231456 0.972845 2.346721
0.3448 0.1724 0.328811 0.944396 2.064875
0.3448 0.2069 0.449943 0.893057 1.810772
0.3448 0.2414 0.594939 0.803771 1.597701
0.3448 0.2759 0.752332 0.658784 1.443945
0.3448 0.3103 0.892299 0.451445 1.369627
0.3448 0.3448 0.978622 0.205665 1.387570
0.3448 0.3793 0.999493 -0.031826 1.494455
0.3448 0.4138 0.973803 -0.227391 1.673324
0.3448 0.4483 0.927144 -0.374705 1.903997
0.3448 0.4828 0.876063 -0.482196 2.170015
0.3448 0.5172 0.828013 -0.560709 2.459939
0.3448 0.5517 0.785411 -0.618975 2.766262
0.3448 0.5862 0.748497 -0.663138 3.084102
0.3448 0.6207 0.716733 -0.697347 3.410240
0.3448 0.6552 0.689384 -0.724396 3.742507
0.3448 0.6897 0.0000 0.0000 0.0000
0.3448 0.7241 0.0000 0.0000 0.0000
0.3448 0.7586 0.0000 0.0000 0.0000
0.3448 0.7931 0.0000 0.0000 0.0000
0.3448 0.8276 0.0000 0.0000 0.0000
0.3448 0.8621 0.0000 0.0000 0.0000
0.3448 0.8966 0.0000 0.0000 0.0000
0.3448 0.9310 0.0000 0.0000 0.0000
0.3448 0.9655 0.0000 0.0000 0.0000
0.3448 1.0000 0.0000 0.0000 0.0000

0.3793 0.0000 0.000000 1.000000 3.766944
0.3793 0.0345 0.044083 0.999028 3.404023
0.3793 0.0690 0.098423 0.995145 3.049288
0.3793 0.1034 0.166365 0.986064 2.705962
0.3793 0.1379 0.252308 0.967647 2.378989
0.3793 0.1724 0.361396 0.932413 2.076110
0.3793 0.2069 0.497582 0.867417 1.809464
0.3793 0.2414 0.657619 0.753351 1.597303
0.3793 0.2759 0.820269 0.571978 1.463515
0.3793 0.3103 0.944254 0.329217 1.430266
0.3793 0.3448 0.997578 0.069562 1.504238
0.3793 0.3793 0.987674 -0.156525 1.671254
0.3793 0.4138 0.944254 -0.329217 1.907022
0.3793 0.4483 0.890991 -0.454022 2.189443
0.3793 0.4828 0.839402 -0.543511 2.502773
0.3793 0.5172 0.793465 -0.608616 2.836789
0.3793 0.5517 0.753833 -0.657066 3.184989
0.3793 0.5862 0.719975 -0.694000 3.543194
0.3793 0.6207 0.691049 -0.722808 3.908655
0.3793 0.6552 0.0000 0.0000 0.0000
0.3793 0.6897 0.0000 0.0000 0.0000
0.3793 0.7241 0.0000 0.0000 0.0000
0.3793 0.7586 0.0000 0.0000 0.0000
0.3793 0.7931 0.0000 0.0000 0.0000
0.3793 0.8276 0.0000 0.0000 0.0000
0.3793 0.8621 0.0000 0.0000 0.0000
0.3793 0.8966 0.0000 0.0000 0.0000
0.3793 0.9310 0.0000 0.0000 0.0000
0.3793 0.9655 0.0000 0.0000 0.0000
0.3793 1.0000 0.0000 0.0000 0.0000

0.4138 0.0000 0.000000 1.000000 3.881094
0.4138 0.0345 0.047147 0.998888 3.485446
0.4138 0.0690 0.106035 0.994362 3.099519
0.4138 0.1034 0.180750 0.983529 2.727444
0.4138 0.1379 0.276677 0.960963 2.375738
0.4138 0.1724 0.399847 0.916582 2.054887
0.4138 0.2069 0.553406 0.832912 1.781639
0.4138 0.2414 0.727634 0.685965 1.580873
0.4138 0.2759 0.886859 0.462040 1.482338
0.4138 0.3103 0.981888 0.189462 1.506235
0.4138 0.3448 0.997596 -0.069298 1.647242
0.4138 0.3793 0.961915 -0.273350 1.879179
0.4138 0.4138 0.907421 -0.420224 2.173125
0.4138 0.4483 0.851997 -0.523547 2.507364
0.4138 0.4828 0.802204 -0.597050 2.867844
0.4138 0.5172 0.759412 -0.650610 3.245832
0.4138 0.5517 0.723142 -0.690700 3.635873
0.4138 0.5862 0.692428 -0.721487 4.034472
0.4138 0.6207 0.0000 0.0000 0.0000
0.4138 0.6552 0.0000 0.0000 0.0000
0.4138 0.6897 0.0000 0.0000 0.0000
0.4138 0.7241 0.0000 0.0000 0.0000
0.4138 0.7586 0.0000 0.0000 0.0000
0.4138 0.7931 0.0000 0.0000 0.0000
0.4138 0.8276 0.0000 0.0000 0.0000
0.4138 0.8621 0.0000 0.0000 0.0000
0.4138 0.8966 0.0000 0.0000 0.0000
0.4138 0.9310 0.0000 0.0000 0.0000
0.4138 0.9655 0.0000 0.0000 0.0000
0.4138 1.0000 0.0000 0.0000 0.0000

0.4483 0.0000 0.000000 1.000000 3.957194
0.4483 0.0345 0.050610 0.998719 3.528898
0.4483 0.0690 0.114775 0.993392 3.112124
0.4483 0.1034 0.197549 0.980293 2.712189
0.4483 0.1379 0.305588 0.952164 2.337750
0.4483 0.1724 0.445788 0.895138 2.003158
0.4483 0.2069 0.618816 0.785536 1.731665
0.4483 0.2414 0.803124 0.595812 1.556644
0.4483 0.2759 0.944971 0.327154 1.511978
0.4483 0.3103 0.999261 0.038439 1.608561
0.4483 0.3448 0.979100 -0.203382 1.824094
0.4483 0.3793 0.925527 -0.378681 2.122645
0.4483 0.4138 0.866154 -0.499778 2.474345
0.4483 0.4483 0.811903 -0.583792 2.859651
0.4483 0.4828 0.765409 -0.643544 3.266692
0.4483 0.5172 0.726342 -0.687333 3.688280
0.4483 0.5517 0.693588 -0.720371 4.119951
0.4483 0.5862 0.0000 0.0000 0.0000
0.4483 0.6207 0.0000 0.0000 0.0000
0.4483 0.6552 0.0000 0.0000 0.0000
0.4483 0.6897 0.0000 0.0000 0.0000
0.4483 0.7241 0.0000 0.0000 0.0000
0.4483 0.7586 0.0000 0.0000 0.0000
0.4483 0.7931 0.0000 0.0000 0.0000
0.4483 0.8276 0.0000 0.0000 0.0000
0.4483 0.8621 0.0000 0.0000 0.0000
0.4483 0.8966 0.0000 0.0000 0.0000
0.4483 0.9310 0.0000 0.0000 0.0000
0.4483 0.9655 0.0000 0.0000 0.0000
0.4483 1.0000 0.0000 0.0000 0.0000

0.4828 0.0000 0.000000 1.000000 3.995244
0.4828 0.0345 0.054568 0.998510 3.534398
0.4828 0.0690 0.124945 0.992164 3.087213
0.4828 0.1034 0.217470 0.976067 2.660584
0.4828 0.1379 0.340428 0.940270 2.266153
0.4828 0.1724 0.501256 0.865299 1.923826
0.4828 0.2069 0.694579 0.719416 1.666036
0.4828 0.2414 0.878970 0.476877 1.535956
0.4828 0.2759 0.985425 0.170110 1.565746
0.4828 0.3103 0.993443 -0.114330 1.747248
0.4828 0.3448 0.945249 -0.326350 2.040369
0.4828 0.3793 0.882265 -0.470752 2.404630
0.4828 0.4138 0.822886 -0.568207 2.812527
0.4828 0.4483 0.772019 -0.635599 3.247658
0.4828 0.4828 0.729677 -0.683791 3.700428
0.4828 0.5172 0.0000 0.0000 0.0000
0.4828 0.5517 0.0000 0.0000 0.0000
0.4828 0.5862 0.0000 0.0000 0.0000
0.4828 0.6207 0.0000 0.0000 0.0000
0.4828 0.6552 0.0000 0.0000 0.0000
0.4828 0.6897 0.0000 0.0000 0.0000
0.4828 0.7241 0.0000 0.0000 0.0000
0.4828 0.7586 0.0000 0.0000 0.0000
0.4828 0.7931 0.0000 0.0000 0.0000
0.4828 0.8276 0.0000 0.0000 0.0000
0.4828 0.8621 0.0000 0.0000 0.0000
0.4828 0.8966 0.0000 0.0000 0.0000
0.4828 0.9310 0.0000 0.0000 0.0000
0.4828 0.9655 0.0000 0.0000 0.0000
0.4828 1.0000 0.0000 0.0000 0.0000

0.5172 0.0000 0.000000 1.000000 3.995244
0.5172 0.0345 0.059148 0.998249 3.501970
0.5172 0.0690 0.136951 0.990578 3.024935
0.5172 0.1034 0.241492 0.970403 2.573186
0.5172 0.1379 0.383116 0.923700 2.162630
0.5172 0.1724 0.568633 0.822592 1.821337
0.5172 0.2069 0.779470 0.626440 1.594425
0.5172 0.2414 0.945488 0.325656 1.533536
0.5172 0.2759 1.000000 0.000000 1.657075
0.5172 0.3103 0.965940 -0.258767 1.929944
0.5172 0.3448 0.900747 -0.434344 2.299584
0.5172 0.3793 0.835549 -0.549416 2.726924
0.5172 0.4138 0.779470 -0.626440 3.188850
0.5172 0.4483 0.733252 -0.679957 3.672333
0.5172 0.4828 0.0000 0.0000 0.0000
0.5172 0.5172 0.0000 0.0000 0.0000
0.5172 0.5517 0.0000 0.0000 0.0000
0.5172 0.5862 0.0000 0.0000 0.0000
0.5172 0.6207 0.0000 0.0000 0.0000
0.5172 0.6552 0.0000 0.0000 0.0000
0.5172 0.6897 0.0000 0.0000 0.0000
0.5172 0.7241 0.0000 0.0000 0.0000
0.5172 0.7586 0.0000 0.0000 0.0000
0.5172 0.7931 0.0000 0.0000 0.0000
0.5172 0.8276 0.0000 0.0000 0.0000
0.5172 0.8621 0.0000 0.0000 0.0000
0.5172 0.8966 0.0000 0.0000 0.0000
0.5172 0.9310 0.0000 0.0000 0.0000
0.5172 0.9655 0.0000 0.0000 0.0000
0.5172 1.0000 0.0000 0.0000 0.0000

0.5517 0.0000 0.000000 1.000000 3.957194
0.5517 0.0345 0.064518 0.997917 3.431644
0.5517 0.0690 0.151361 0.988479 2.925502
0.5517 0.1034 0.271015 0.962575 2.450818
0.5517 0.1379 0.436308 0.899797 2.029787
0.5517 0.1724 0.650159 0.759799 1.702685
0.5517 0.2069 0.867707 0.497075 1.530952
0.5517 0.2414 0.989324 0.145734 1.566547
0.5517 0.2759 0.985552 -0.169375 1.797191
0.5517 0.3103 0.921950 -0.387309 2.161319
0.5517 0.3448 0.850401 -0.526134 2.603513
0.5517 0.3793 0.788054 -0.615607 3.090442
0.5517 0.4138 0.737187 -0.675689 3.604021
0.5517 0.4483 0.696181 -0.717866 4.134328
0.5517 0.4828 0.0000 0.0000 0.0000
0.5517 0.5172 0.0000 0.0000 0.0000
0.5517 0.5517 0.0000 0.0000 0.0000
0.5517 0.5862 0.0000 0.0000 0.0000
0.5517 0.6207 0.0000 0.0000 0.0000
0.5517 0.6552 0.0000 0.0000 0.0000
0.5517 0.6897 0.0000 0.0000 0.0000
0.5517 0.7241 0.0000 0.0000 0.0000
0.5517 0.7586 0.0000 0.0000 0.0000
0.5517 0.7931 0.0000 0.0000 0.0000
0.5517 0.8276 0.0000 0.0000 0.0000
0.5517 0.8621 0.0000 0.0000 0.0000
0.5517 0.8966 0.0000 0.0000 0.0000
0.5517 0.9310 0.0000 0.0000 0.0000
0.5517 0.9655 0.0000 0.0000 0.0000
0.5517 1.0000 0.0000 0.0000 0.0000

0.5862 0.0000 0.000000 1.000000 3.881094
0.5862 0.0345 0.070911 0.997483 3.323468
0.5862 0.0690 0.168987 0.985618 2.789222
0.5862 0.1034 0.308102 0.951353 2.294747
0.5862 0.1379 0.503618 0.863926 1.871829
0.5862 0.1724 0.746245 0.665672 1.579052
0.5862 0.2069 0.945879 0.324520 1.494939
0.5862 0.2414 0.998801 -0.048954 1.651683
0.5862 0.2759 0.945879 -0.324520 1.993251
0.5862 0.3103 0.868099 -0.496390 2.443322
0.5862 0.3448 0.798160 -0.602446 2.952689
0.5862 0.3793 0.741631 -0.670808 3.495526
0.5862 0.4138 0.696837 -0.717229 4.058425
0.5862 0.4483 0.0000 0.0000 0.0000
0.5862 0.4828 0.0000 0.0000 0.0000
0.5862 0.5172 0.0000 0.0000 0.0000
0.5862 0.5517 0.0000 0.0000 0.0000
0.5862 0.5862 0.0000 0.0000 0.0000
0.5862 0.6207 0.0000 0.0000 0.0000
0.5862 0.6552 0.0000 0.0000 0.0000
0.5862 0.6897 0.0000 0.0000 0.0000
0.5862 0.7241 0.0000 0.0000 0.0000
0.5862 0.7586 0.0000 0.0000 0.0000
0.5862 0.7931 0.0000 0.0000 0.0000
0.5862 0.8276 0.0000 0.0000 0.0000
0.5862 0.8621 0.0000 0.0000 0.0000
0.5862 0.8966 0.0000 0.0000 0.0000
0.5862 0.9310 0.0000 0.0000 0.0000
0.5862 0.9655 0.0000 0.0000 0.0000
0.5862 1.0000 0.0000 0.0000 0.0000

0.6207 0.0000 0.000000 1.000000 3.766944
0.6207 0.0345 0.078659 0.996902 3.177503
0.6207 0.0690 0.191045 0.981581 2.616565
0.6207 0.1034 0.355869 0.934536 2.107018
0.6207 0.1379 0.589538 0.807740 1.695839
0.6207 0.1724 0.851213 0.524820 1.468143
0.6207 0.2069 0.993545 0.113440 1.509387
0.6207 0.2414 0.971350 -0.237655 1.801189
0.6207 0.2759 0.889465 -0.457004 2.248009
0.6207 0.3103 0.810333 -0.585969 2.775974
0.6207 0.3448 0.746782 -0.665069 3.346902
0.6207 0.3793 0.697419 -0.716663 3.942170
0.6207 0.4138 0.0000 0.0000 0.0000
0.6207 0.4483 0.0000 0.0000 0.0000
0.6207 0.4828 0.0000 0.0000 0.0000
0.6207 0.5172 0.0000 0.0000 0.0000
0.6207 0.5517 0.0000 0.0000 0.0000
0.6207 0.5862 0.0000 0.0000 0.0000
0.6207 0.6207 0.0000 0.0000 0.0000
0.6207 0.6552 0.0000 0.0000 0.0000
0.6207 0.6897 0.0000 0.0000 0.0000
0.6207 0.7241 0.0000 0.0000 0.0000
0.6207 0.7586 0.0000 0.0000 0.0000
0.6207 0.7931 0.0000 0.0000 0.0000
0.6207 0.8276 0.0000 0.0000 0.0000
0.6207 0.8621 0.0000 0.0000 0.0000
0.6207 0.8966 0.0000 0.0000 0.0000
0.6207 0.9310 0.0000 0.0000 0.0000
0.6207 0.9655 0.0000 0.0000 0.0000
0.6207 1.0000 0.0000 0.0000 0.0000

0.6552 0.0000 0.000000 1.000000 3.614744
0.6552 0.0345 0.088251 0.996098 2.993845
0.6552 0.0690 0.219418 0.975631 2.408271
0.6552 0.1034 0.419130 0.907926 1.891127
0.6552 0.1379 0.697939 0.716157 1.514225
0.6552 0.1724 0.946185 0.323627 1.396183
0.6552 0.2069 0.993563 -0.113278 1.595525
0.6552 0.2414 0.915397 -0.402553 2.020398
0.6552 0.2759 0.825362 -0.564604 2.560906
0.6552 0.3103 0.752917 -0.658115 3.158228
0.6552 0.3448 0.697939 -0.716157 3.785564
0.6552 0.3793 0.0000 0.0000 0.0000
0.6552 0.4138 0.0000 0.0000 0.0000
0.6552 0.4483 0.0000 0.0000 0.0000
0.6552 0.4828 0.0000 0.0000 0.0000
0.6552 0.5172 0.0000 0.0000 0.0000
0.6552 0.5517 0.0000 0.0000 0.0000
0.6552 0.5862 0.0000 0.0000 0.0000
0.6552 0.6207 0.0000 0.0000 0.0000
0.6552 0.6552 0.0000 0.0000 0.0000
0.6552 0.6897 0.0000 0.0000 0.0000
0.6552 0.7241 0.0000 0.0000 0.0000
0.6552 0.7586 0.0000 0.0000 0.0000
0.6552 0.7931 0.0000 0.0000 0.0000
0.6552 0.8276 0.0000 0.0000 0.0000
0.6552 0.8621 0.0000 0.0000 0.0000
0.6552 0.8966 0.0000 0.0000 0.0000
0.6552 0.9310 0.0000 0.0000 0.0000
0.6552 0.9655 0.0000 0.0000 0.0000
0.6552 1.0000 0.0000 0.0000 0.0000

0.6897 0.0000 0.000000 1.000000 3.424495
0.6897 0.0345 0.100438 0.994943 2.772641
0.6897 0.0690 0.257184 0.966362 2.165592
0.6897 0.1034 0.505265 0.862964 1.653456
0.6897 0.1379 0.825705 0.564102 1.349044
0.6897 0.1724 0.997674 0.068159 1.395636
0.6897 0.2069 0.946314 -0.323250 1.765660
0.6897 0.2414 0.844420 -0.535682 2.308503
0.6897 0.2759 0.760447 -0.649400 2.929624
0.6897 0.3103 0.0000 0.0000 0.0000
0.6897 0.3448 0.0000 0.0000 0.0000
0.6897 0.3793 0.0000 0.0000 0.0000
0.6897 0.4138 0.0000 0.0000 0.0000
0.6897 0.4483 0.0000 0.0000 0.0000
0.6897 0.4828 0.0000 0.0000 0.0000
0.6897 0.5172 0.0000 0.0000 0.0000
0.6897 0.5517 0.0000 0.0000 0.0000
0.6897 0.5862 0.0000 0.0000 0.0000
0.6897 0.6207 0.0000 0.0000 0.0000
0.6897 0.6552 0.0000 0.0000 0.0000
0.6897 0.6897 0.0000 0.0000 0.0000
0.6897 0.7241 0.0000 0.0000 0.0000
0.6897 0.7586 0.0000 0.0000 0.0000
0.6897 0.7931 0.0000 0.0000 0.0000
0.6897 0.8276 0.0000 0.0000 0.0000
0.6897 0.8621 0.0000 0.0000 0.0000
0.6897 0.8966 0.0000 0.0000 0.0000
0.6897 0.9310 0.0000 0.0000 0.0000
0.6897 0.9655 0.0000 0.0000 0.0000
0.6897 1.0000 0.0000 0.0000 0.0000

0.7241 0.0000 0.000000 1.000000 3.196195
0.7241 0.0345 0.116441 0.993198 2.514129
0.7241 0.0690 0.309655 0.950849 1.890794
0.7241 0.1034 0.624386 0.781116 1.406567
0.7241 0.1379 0.946430 0.322909 1.237267
0.7241 0.1724 0.979683 -0.200552 1.494089
0.7241 0.2069 0.869284 -0.494313 2.020606
0.7241 0.2414 0.770013 -0.638028 2.661290
0.7241 0.2759 0.698827 -0.715290 3.351291
0.7241 0.3103 0.0000 0.0000 0.0000
0.7241 0.3448 0.0000 0.0000 0.0000
0.7241 0.3793 0.0000 0.0000 0.0000
0.7241 0.4138 0.0000 0.0000 0.0000
0.7241 0.4483 0.0000 0.0000 0.0000
0.7241 0.4828 0.0000 0.0000 0.0000
0.7241 0.5172 0.0000 0.0000 0.0000
0.7241 0.5517 0.0000 0.0000 0.0000
0.7241 0.5862 0.0000 0.0000 0.0000
0.7241 0.6207 0.0000 0.0000 0.0000
0.7241 0.6552 0.0000 0.0000 0.0000
0.7241 0.6897 0.0000 0.0000 0.0000
0.7241 0.7241 0.0000 0.0000 0.0000
0.7241 0.7586 0.0000 0.0000 0.0000
0.7241 0.7931 0.0000 0.0000 0.0000
0.7241 0.8276 0.0000 0.0000 0.0000
0.7241 0.8621 0.0000 0.0000 0.0000
0.7241 0.8966 0.0000 0.0000 0.0000
0.7241 0.9310 0.0000 0.0000 0.0000
0.7241 0.9655 0.0000 0.0000 0.0000
0.7241 1.0000 0.0000 0.0000 0.0000

0.7586 0.0000 0.000000 1.000000 2.929846
0.7586 0.0345 0.138375 0.990380 2.218728
0.7586 0.0690 0.386571 0.922260 1.588406
0.7586 0.1034 0.782679 0.622425 1.176786
0.7586 0.1379 1.000000 0.000000 1.228062
0.7586 0.1724 0.902524 -0.430639 1.700871
0.7586 0.2069 0.782679 -0.622425 2.353573
0.7586 0.2414 0.699210 -0.714916 3.073624
0.7586 0.2759 0.0000 0.0000 0.0000
0.7586 0.3103 0.0000 0.0000 0.0000
0.7586 0.3448 0.0000 0.0000 0.0000
0.7586 0.3793 0.0000 0.0000 0.0000
0.7586 0.4138 0.0000 0.0000 0.0000
0.7586 0.4483 0.0000 0.0000 0.0000
0.7586 0.4828 0.0000 0.0000 0.0000
0.7586 0.5172 0.0000 0.0000 0.0000
0.7586 0.5517 0.0000 0.0000 0.0000
0.7586 0.5862 0.0000 0.0000 0.0000
0.7586 0.6207 0.0000 0.0000 0.0000
0.7586 0.6552 0.0000 0.0000 0.0000
0.7586 0.6897 0.0000 0.0000 0.0000
0.7586 0.7241 0.0000 0.0000 0.0000
0.7586 0.7586 0.0000 0.0000 0.0000
0.7586 0.7931 0.0000 0.0000 0.0000
0.7586 0.8276 0.0000 0.0000 0.0000
0.7586 0.8621 0.0000 0.0000 0.0000
0.7586 0.8966 0.0000 0.0000 0.0000
0.7586 0.9310 0.0000 0.0000 0.0000
0.7586 0.9655 0.0000 0.0000 0.0000
0.7586 1.0000 0.0000 0.0000 0.0000

0.7931 0.0000 0.000000 1.000000 2.625446
0.7931 0.0345 0.170240 0.985403 1.887240
0.7931 0.0690 0.506479 0.862252 1.268696
0.7931 0.1034 0.946632 0.322317 1.018192
0.7931 0.1379 0.946632 -0.322317 1.357589
0.7931 0.1724 0.800355 -0.599526 2.007135
0.7931 0.2069 0.0000 0.0000 0.0000
0.7931 0.2414 0.0000 0.0000 0.0000
0.7931 0.2759 0.0000 0.0000 0.0000
0.7931 0.3103 0.0000 0.0000 0.0000
0.7931 0.3448 0.0000 0.0000 0.0000
0.7931 0.3793 0.0000 0.0000 0.0000
0.7931 0.4138 0.0000 0.0000 0.0000
0.7931 0.4483 0.0000 0.0000 0.0000
0.7931 0.4828 0.0000 0.0000 0.0000
0.7931 0.5172 0.0000 0.0000 0.0000
0.7931 0.5517 0.0000 0.0000 0.0000
0.7931 0.5862 0.0000 0.0000 0.0000
0.7931 0.6207 0.0000 0.0000 0.0000
0.7931 0.6552 0.0000 0.0000 0.0000
0.7931 0.6897 0.0000 0.0000 0.0000
0.7931 0.7241 0.0000 0.0000 0.0000
0.7931 0.7586 0.0000 0.0000 0.0000
0.7931 0.7931 0.0000 0.0000 0.0000
0.7931 0.8276 0.0000 0.0000 0.0000
0.7931 0.8621 0.0000 0.0000 0.0000
0.7931 0.8966 0.0000 0.0000 0.0000
0.7931 0.9310 0.0000 0.0000 0.0000
0.7931 0.9655 0.0000 0.0000 0.0000
0.7931 1.0000 0.0000 0.0000 0.0000

0.8276 0.0000 0.000000 1.000000 2.282997
0.8276 0.0345 0.220554 0.975375 1.521413
0.8276 0.0690 0.699878 0.714262 0.958890
0.8276 0.1034 0.993632 -0.112673 1.013110
0.8276 0.1379 0.826785 -0.562518 1.623411
0.8276 0.1724 0.699878 -0.714262 2.397224
0.8276 0.2069 0.0000 0.0000 0.0000
0.8276 0.2414 0.0000 0.0000 0.0000
0.8276 0.2759 0.0000 0.0000 0.0000
0.8276 0.3103 0.0000 0.0000 0.0000
0.8276 0.3448 0.0000 0.0000 0.0000
0.8276 0.3793 0.0000 0.0000 0.0000
0.8276 0.4138 0.0000 0.0000 0.0000
0.8276 0.4483 0.0000 0.0000 0.0000
0.8276 0.4828 0.0000 0.0000 0.0000
0.8276 0.5172 0.0000 0.0000 0.0000
0.8276 0.5517 0.0000 0.0000 0.0000
0.8276 0.5862 0.0000 0.0000 0.0000
0.8276 0.6207 0.0000 0.0000 0.0000
0.8276 0.6552 0.0000 0.0000 0.0000
0.8276 0.6897 0.0000 0.0000 0.0000
0.8276 0.7241 0.0000 0.0000 0.0000
0.8276 0.7586 0.0000 0.0000 0.0000
0.8276 0.7931 0.0000 0.0000 0.0000
0.8276 0.8276 0.0000 0.0000 0.0000
0.8276 0.8621 0.0000 0.0000 0.0000
0.8276 0.8966 0.0000 0.0000 0.0000
0.8276 0.9310 0.0000 0.0000 0.0000
0.8276 0.9655 0.0000 0.0000 0.0000
0.8276 1.0000 0.0000 0.0000 0.0000

0.8621 0.0000 0.000000 1.000000 1.902497
0.8621 0.0345 0.310709 0.950505 1.125880
0.8621 0.0690 0.946800 0.321822 0.738956
0.8621 0.1034 0.870081 -0.492908 1.206169
0.8621 0.1379 0.700171 -0.713975 1.998492
0.8621 0.1724 0.0000 0.0000 0.0000
0.8621 0.2069 0.0000 0.0000 0.0000
0.8621 0.2414 0.0000 0.0000 0.0000
0.8621 0.2759 0.0000 0.0000 0.0000
0.8621 0.3103 0.0000 0.0000 0.0000
0.8621 0.3448 0.0000 0.0000 0.0000
0.8621 0.3793 0.0000 0.0000 0.0000
0.8621 0.4138 0.0000 0.0000 0.0000
0.8621 0.4483 0.0000 0.0000 0.0000
0.8621 0.4828 0.0000 0.0000 0.0000
0.8621 0.5172 0.0000 0.0000 0.0000
0.8621 0.5517 0.0000 0.0000 0.0000
0.8621 0.5862 0.0000 0.0000 0.0000
0.8621 0.6207 0.0000 0.0000 0.0000
0.8621 0.6552 0.0000 0.0000 0.0000
0.8621 0.6897 0.0000 0.0000 0.0000
0.8621 0.7241 0.0000 0.0000 0.0000
0.8621 0.7586 0.0000 0.0000 0.0000
0.8621 0.7931 0.0000 0.0000 0.0000
0.8621 0.8276 0.0000 0.0000 0.0000
0.8621 0.8621 0.0000 0.0000 0.0000
0.8621 0.8966 0.0000 0.0000 0.0000
0.8621 0.9310 0.0000 0.0000 0.0000
0.8621 0.9655 0.0000 0.0000 0.0000
0.8621 1.0000 0.0000 0.0000 0.0000

0.8966 0.0000 0.000000 1.000000 1.483948
0.8966 0.0345 0.507411 0.861704 0.717545
0.8966 0.0690 0.946874 -0.321603 0.769036
0.8966 0.1034 0.0000 0.0000 0.0000
0.8966 0.1379 0.0000 0.0000 0.0000
0.8966 0.1724 0.0000 0.0000 0.0000
0.8966 0.2069 0.0000 0.0000 0.0000
0.8966 0.2414 0.0000 0.0000 0.0000
0.8966 0.2759 0.0000 0.0000 0.0000
0.8966 0.3103 0.0000 0.0000 0.0000
0.8966 0.3448 0.0000 0.0000 0.0000
0.8966 0.3793 0.0000 0.0000 0.0000
0.8966 0.4138 0.0000 0.0000 0.0000
0.8966 0.4483 0.0000 0.0000 0.0000
0.8966 0.4828 0.0000 0.0000 0.0000
0.8966 0.5172 0.0000 0.0000 0.0000
0.8966 0.5517 0.0000 0.0000 0.0000
0.8966 0.5862 0.0000 0.0000 0.0000
0.8966 0.6207 0.0000 0.0000 0.0000
0.8966 0.6552 0.0000 0.0000 0.0000
0.8966 0.6897 0.0000 0.0000 0.0000
0.8966 0.7241 0.0000 0.0000 0.0000
0.8966 0.7586 0.0000 0.0000 0.0000
0.8966 0.7931 0.0000 0.0000 0.0000
0.8966 0.8276 0.0000 0.0000 0.0000
0.8966 0.8621 0.0000 0.0000 0.0000
0.8966 0.8966 0.0000 0.0000 0.0000
0.8966 0.9310 0.0000 0.0000 0.0000
0.8966 0.9655 0.0000 0.0000 0.0000
0.8966 1.0000 0.0000 0.0000 0.0000

0.9310 0.0000 0.000000 1.000000 1.027348
0.9310 0.0345 0.946943 0.321401 0.399558
0.9310 0.0690 0.700692 -0.713464 1.079958
0.9310 0.1034 0.0000 0.0000 0.0000
0.9310 0.1379 0.0000 0.0000 0.0000
0.9310 0.1724 0.0000 0.0000 0.0000
0.9310 0.2069 0.0000 0.0000 0.0000
0.9310 0.2414 0.0000 0.0000 0.0000
0.9310 0.2759 0.0000 0.0000 0.0000
0.9310 0.3103 0.0000 0.0000 0.0000
0.9310 0.3448 0.0000 0.0000 0.0000
0.9310 0.3793 0.0000 0.0000 0.0000
0.9310 0.4138 0.0000 0.0000 0.0000
0.9310 0.4483 0.0000 0.0000 0.0000
0.9310 0.4828 0.0000 0.0000 0.0000
0.9310 0.5172 0.0000 0.0000 0.0000
0.9310 0.5517 0.0000 0.0000 0.0000
0.9310 0.5862 0.0000 0.0000 0.0000
0.9310 0.6207 0.0000 0.0000 0.0000
0.9310 0.6552 0.0000 0.0000 0.0000
0.9310 0.6897 0.0000 0.0000 0.0000
0.9310 0.7241 0.0000 0.0000 0.0000
0.9310 0.7586 0.0000 0.0000 0.0000
0.9310 0.7931 0.0000 0.0000 0.0000
0.9310 0.8276 0.0000 0.0000 0.0000
0.9310 0.8621 0.0000 0.0000 0.0000
0.9310 0.8966 0.0000 0.0000 0.0000
0.9310 0.9310 0.0000 0.0000 0.0000
0.9310 0.9655 0.0000 0.0000 0.0000
0.9310 1.0000 0.0000 0.0000 0.0000

0.9655 0.0000 0.000000 1.000000 0.532699
0.9655 0.0345 0.0000 0.0000 0.0000
0.9655 0.0690 0.0000 0.0000 0.0000
0.9655 0.1034 0.0000 0.0000 0.0000
0.9655 0.1379 0.0000 0.0000 0.0000
0.9655 0.1724 0.0000 0.0000 0.0000
0.9655 0.2069 0.0000 0.0000 0.0000
0.9655 0.2414 0.0000 0.0000 0.0000
0.9655 0.2759 0.0000 0.0000 0.0000
0.9655 0.3103 0.0000 0.0000 0.0000
0.9655 0.3448 0.0000 0.0000 0.0000
0.9655 0.3793 0.0000 0.0000 0.0000
0.9655 0.4138 0.0000 0.0000 0.0000
0.9655 0.4483 0.0000 0.0000 0.0000
0.9655 0.4828 0.0000 0.0000 0.0000
0.9655 0.5172 0.0000 0.0000 0.0000
0.9655 0.5517 0.0000 0.0000 0.0000
0.9655 0.5862 0.0000 0.0000 0.0000
0.9655 0.6207 0.0000 0.0000 0.0000
0.9655 0.6552 0.0000 0.0000 0.0000
0.9655 0.6897 0.0000 0.0000 0.0000
0.9655 0.7241 0.0000 0.0000 0.0000
0.9655 0.7586 0.0000 0.0000 0.0000
0.9655 0.7931 0.0000 0.0000 0.0000
0.9655 0.8276 0.0000 0.0000 0.0000
0.9655 0.8621 0.0000 0.0000 0.0000
0.9655 0.8966 0.0000 0.0000 0.0000
0.9655 0.9310 0.0000 0.0000 0.0000
0.9655 0.9655 0.0000 0.0000 0.0000
0.9655 1.0000 0.0000 0.0000 0.0000

1.0000 0.0000 0.000000 0.000000 0.000000
1.0000 0.0345 0.0000 0.0000 0.0000
1.0000 0.0690 0.0000 0.0000 0.0000
1.0000 0.1034 0.0000 0.0000 0.0000
1.0000 0.1379 0.0000 0.0000 0.0000
1.0000 0.1724 0.0000 0.0000 0.0000
1.0000 0.2069 0.0000 0.0000 0.0000
1.0000 0.2414 0.0000 0.0000 0.0000
1.0000 0.2759 0.0000 0.0000 0.0000
1.0000 0.3103 0.0000 0.0000 0.0000
1.0000 0.3448 0.0000 0.0000 0.0000
1.0000 0.3793 0.0000 0.0000 0.0000
1.0000 0.4138 0.0000 0.0000 0.0000
1.0000 0.4483 0.0000 0.0000 0.0000
1.0000 0.4828 0.0000 0.0000 0.0000
1.0000 0.5172 0.0000 0.0000 0.0000
1.0000 0.5517 0.0000 0.0000 0.0000
1.0000 0.5862 0.0000 0.0000 0.0000
1.0000 0.6207 0.0000 0.0000 0.0000
1.0000 0.6552 0.0000 0.0000 0.0000
1.0000 0.6897 0.0000 0.0000 0.0000
1.0000 0.7241 0.0000 0.0000 0.0000
1.0000 0.7586 0.0000 0.0000 0.0000
1.0000 0.7931 0.0000 0.0000 0.0000
1.0000 0.8276 0.0000 0.0000 0.0000
1.0000 0.8621 0.0000 0.0000 0.0000
1.0000 0.8966 0.0000 0.0000 0.0000
1.0000 0.9310 0.0000 0.0000 0.0000
1.0000 0.9655 0.0000 0.0000 0.0000
1.0000 1.0000 0.0000 0.0000 0.0000

