0.0000 0.0000 0.000000 0.000000 0.000000
0.0000 0.0345 -1.000000 0.000000 0.006897
0.0000 0.0690 -1.000000 0.000000 0.013793
0.0000 0.1034 -1.000000 0.000000 0.020690
0.0000 0.1379 -1.000000 0.000000 0.027586
0.0000 0.1724 -1.000000 0.000000 0.034483
0.0000 0.2069 -1.000000 0.000000 0.041379
0.0000 0.2414 -1.000000 0.000000 0.048276
0.0000 0.2759 -1.000000 0.000000 0.055172
0.0000 0.3103 -1.000000 0.000000 0.062069
0.0000 0.3448 -1.000000 0.000000 0.068966
0.0000 0.3793 -1.000000 0.000000 0.075862
0.0000 0.4138 -1.000000 0.000000 0.082759
0.0000 0.4483 -1.000000 0.000000 0.089655
0.0000 0.4828 -1.000000 0.000000 0.096552
0.0000 0.5172 -1.000000 0.000000 0.103448
0.0000 0.5517 -1.000000 0.000000 0.110345
0.0000 0.5862 -1.000000 -0.000000 0.117241
0.0000 0.6207 -1.000000 -0.000000 0.124138
0.0000 0.6552 -1.000000 -0.000000 0.131034
0.0000 0.6897 -1.000000 -0.000000 0.137931
0.0000 0.7241 -1.000000 -0.000000 0.144828
0.0000 0.7586 -1.000000 -0.000000 0.151724
0.0000 0.7931 -1.000000 -0.000000 0.158621
0.0000 0.8276 -1.000000 -0.000000 0.165517
0.0000 0.8621 -1.000000 -0.000000 0.172414
0.0000 0.8966 -1.000000 -0.000000 0.179310
0.0000 0.9310 -1.000000 -0.000000 0.186207
0.0000 0.9655 -1.000000 -0.000000 0.193103
0.0000 1.0000 -1.000000 -0.000000 0.200000

0.0345 0.0000 0.000000 1.000000 0.159810
0.0345 0.0345 -0.017458 0.999848 0.149844
0.0345 0.0690 -0.037389 0.999301 0.139931
0.0345 0.1034 -0.060329 0.998179 0.130082
0.0345 0.1379 -0.086971 0.996211 0.120313
0.0345 0.1724 -0.118213 0.992988 0.110645
0.0345 0.2069 -0.155238 0.987877 0.101107
0.0345 0.2414 -0.199605 0.979877 0.091739
0.0345 0.2759 -0.253359 0.967372 0.082600
0.0345 0.3103 -0.319127 0.947712 0.073774
0.0345 0.3448 -0.400056 0.916491 0.065389
0.0345 0.3793 -0.499246 0.866460 0.057637
0.0345 0.4138 -0.617822 0.786318 0.050809
0.0345 0.4483 -0.750297 0.661101 0.045325
0.0345 0.4828 -0.877896 0.478852 0.041717
0.0345 0.5172 -0.969097 0.246679 0.040490
0.0345 0.5517 -1.000000 0.000000 0.041855
0.0345 0.5862 -0.975693 -0.219140 0.045579
0.0345 0.6207 -0.920582 -0.390550 0.051149
0.0345 0.6552 -0.856406 -0.516302 0.058036
0.0345 0.6897 -0.794768 -0.606914 0.065829
0.0345 0.7241 -0.739940 -0.672673 0.074242
0.0345 0.7586 -0.692651 -0.721273 0.083087
0.0345 0.7931 -0.652276 -0.757981 0.092241
0.0345 0.8276 -0.617822 -0.786318 0.101619
0.0345 0.8621 -0.588299 -0.808644 0.111165
0.0345 0.8966 -0.562848 -0.826560 0.120839
0.0345 0.9310 -0.540758 -0.841178 0.130613
0.0345 0.9655 -0.521450 -0.853282 0.140466
0.0345 1.0000 0.0000 0.0000 0.0000

0.0690 0.0000 0.000000 1.000000 0.308205
0.0690 0.0345 0.005775 0.999983 0.288233
0.0690 0.0690 0.012410 0.999923 0.268273
0.0690 0.1034 0.020111 0.999798 0.248326
0.0690 0.1379 0.029154 0.999575 0.228397
0.0690 0.1724 0.039922 0.999203 0.208490
0.0690 0.2069 0.052956 0.998597 0.188612
0.0690 0.2414 0.069044 0.997614 0.168774
0.0690 0.2759 0.089384 0.995997 0.148991
0.0690 0.3103 0.115881 0.993263 0.129290
0.0690 0.3448 0.151731 0.988422 0.109713
0.0690 0.3793 0.202693 0.979242 0.090341
0.0690 0.4138 0.280000 0.960000 0.071344
0.0690 0.4483 0.407384 0.913257 0.053122
0.0690 0.4828 0.632535 0.774532 0.036845
0.0690 0.5172 0.945946 0.324324 0.026397
0.0690 0.5517 0.919145 -0.393919 0.028978
0.0690 0.5862 0.669586 -0.742734 0.042264
0.0690 0.6207 0.503871 -0.863779 0.059468
0.0690 0.6552 0.405290 -0.914188 0.078040
0.0690 0.6897 0.342529 -0.939507 0.097200
0.0690 0.7241 0.299668 -0.954044 0.116657
0.0690 0.7586 0.268724 -0.963217 0.136285
0.0690 0.7931 0.245404 -0.969421 0.156019
0.0690 0.8276 0.227230 -0.973841 0.175824
0.0690 0.8621 0.212682 -0.977121 0.195678
0.0690 0.8966 0.200781 -0.979636 0.215567
0.0690 0.9310 0.190870 -0.981615 0.235483
0.0690 0.9655 0.0000 0.0000 0.0000
0.0690 1.0000 0.0000 0.0000 0.0000

0.1034 0.0000 0.000000 1.000000 0.445184
0.1034 0.0345 0.014317 0.999898 0.415263
0.1034 0.0690 0.030850 0.999524 0.385439
0.1034 0.1034 0.050138 0.998742 0.355739
0.1034 0.1379 0.072905 0.997339 0.326195
0.1034 0.1724 0.100138 0.994974 0.296855
0.1034 0.2069 0.133211 0.991088 0.267785
0.1034 0.2414 0.174069 0.984733 0.239084
0.1034 0.2759 0.225518 0.974239 0.210903
0.1034 0.3103 0.291626 0.956532 0.183481
0.1034 0.3448 0.378162 0.925740 0.157216
0.1034 0.3793 0.492470 0.870329 0.132797
0.1034 0.4138 0.640184 0.768221 0.111442
0.1034 0.4483 0.811534 0.584305 0.095238
0.1034 0.4828 0.955543 0.294853 0.087107
0.1034 0.5172 0.998850 -0.047945 0.089282
0.1034 0.5517 0.940887 -0.338719 0.101101
0.1034 0.5862 0.844070 -0.536233 0.119741
0.1034 0.6207 0.750714 -0.660628 0.142552
0.1034 0.6552 0.673025 -0.739619 0.167840
0.1034 0.6897 0.610891 -0.791715 0.194644
0.1034 0.7241 0.561345 -0.827582 0.222415
0.1034 0.7586 0.521450 -0.853282 0.250833
0.1034 0.7931 0.488888 -0.872346 0.279700
0.1034 0.8276 0.461934 -0.886914 0.308891
0.1034 0.8621 0.439324 -0.898329 0.338321
0.1034 0.8966 0.420124 -0.907467 0.367934
0.1034 0.9310 0.0000 0.0000 0.0000
0.1034 0.9655 0.0000 0.0000 0.0000
0.1034 1.0000 0.0000 0.0000 0.0000

0.1379 0.0000 0.000000 1.000000 0.570749
0.1379 0.0345 0.019262 0.999814 0.530895
0.1379 0.0690 0.041631 0.999133 0.491270
0.1379 0.1034 0.067881 0.997693 0.451934
0.1379 0.1379 0.099048 0.995083 0.412970
0.1379 0.1724 0.136530 0.990636 0.374494
0.1379 0.2069 0.182241 0.983254 0.336672
0.1379 0.2414 0.238800 0.971069 0.299754
0.1379 0.2759 0.309737 0.950822 0.264118
0.1379 0.3103 0.399519 0.916725 0.230360
0.1379 0.3448 0.512741 0.858543 0.199436
0.1379 0.3793 0.650678 0.759354 0.172874
0.1379 0.4138 0.802233 0.597011 0.152962
0.1379 0.4483 0.932785 0.360432 0.142516
0.1379 0.4828 0.996836 0.079482 0.143617
0.1379 0.5172 0.983130 -0.182908 0.156021
0.1379 0.5517 0.922441 -0.386138 0.177371
0.1379 0.5862 0.848454 -0.529268 0.204891
0.1379 0.6207 0.778508 -0.627634 0.236435
0.1379 0.6552 0.718007 -0.696036 0.270600
0.1379 0.6897 0.667248 -0.744835 0.306510
0.1379 0.7241 0.624948 -0.780666 0.343619
0.1379 0.7586 0.589579 -0.807711 0.381578
0.1379 0.7931 0.559784 -0.828639 0.420155
0.1379 0.8276 0.534461 -0.845193 0.459196
0.1379 0.8621 0.512741 -0.858543 0.498591
0.1379 0.8966 0.0000 0.0000 0.0000
0.1379 0.9310 0.0000 0.0000 0.0000
0.1379 0.9655 0.0000 0.0000 0.0000
0.1379 1.0000 0.0000 0.0000 0.0000

0.1724 0.0000 0.000000 1.000000 0.684899
0.1724 0.0345 0.022840 0.999739 0.635124
0.1724 0.0690 0.049533 0.998773 0.585737
0.1724 0.1034 0.081066 0.996709 0.536844
0.1724 0.1379 0.118761 0.992923 0.488595
0.1724 0.1724 0.164399 0.986394 0.441199
0.1724 0.2069 0.220372 0.975416 0.394965
0.1724 0.2414 0.289838 0.957076 0.350354
0.1724 0.2759 0.376708 0.926332 0.308069
0.1724 0.3103 0.484968 0.874532 0.269211
0.1724 0.3448 0.616036 0.787718 0.235482
0.1724 0.3793 0.762135 0.647418 0.209375
0.1724 0.4138 0.897350 0.441320 0.193992
0.1724 0.4483 0.982576 0.185859 0.191929
0.1724 0.4828 0.997541 -0.070085 0.203592
0.1724 0.5172 0.959115 -0.283017 0.226874
0.1724 0.5517 0.897350 -0.441320 0.258656
0.1724 0.5862 0.832544 -0.553959 0.296214
0.1724 0.6207 0.773392 -0.633928 0.337627
0.1724 0.6552 0.722209 -0.691675 0.381641
0.1724 0.6897 0.678742 -0.734377 0.427454
0.1724 0.7241 0.641957 -0.766740 0.474545
0.1724 0.7586 0.610722 -0.791845 0.522568
0.1724 0.7931 0.584031 -0.811732 0.571289
0.1724 0.8276 0.561051 -0.827781 0.620544
0.1724 0.8621 0.0000 0.0000 0.0000
0.1724 0.8966 0.0000 0.0000 0.0000
0.1724 0.9310 0.0000 0.0000 0.0000
0.1724 0.9655 0.0000 0.0000 0.0000
0.1724 1.0000 0.0000 0.0000 0.0000

0.2069 0.0000 0.000000 1.000000 0.787634
0.2069 0.0345 0.025808 0.999667 0.727948
0.2069 0.0690 0.056179 0.998421 0.668833
0.2069 0.1034 0.092327 0.995729 0.610455
0.2069 0.1379 0.135881 0.990725 0.553049
0.2069 0.1724 0.189025 0.981972 0.496949
0.2069 0.2069 0.254652 0.967033 0.442655
0.2069 0.2414 0.336413 0.941714 0.390918
0.2069 0.2759 0.438314 0.898822 0.342898
0.2069 0.3103 0.562895 0.826529 0.300384
0.2069 0.3448 0.706212 0.708000 0.266027
0.2069 0.3793 0.849368 0.527801 0.243309
0.2069 0.4138 0.956820 0.290680 0.235620
0.2069 0.4483 0.999386 0.035032 0.244383
0.2069 0.4828 0.981458 -0.191677 0.267989
0.2069 0.5172 0.930092 -0.367327 0.302989
0.2069 0.5517 0.868919 -0.494954 0.345941
0.2069 0.5862 0.810090 -0.586305 0.394254
0.2069 0.6207 0.757901 -0.652370 0.446192
0.2069 0.6552 0.713020 -0.701144 0.500626
0.2069 0.6897 0.674796 -0.738005 0.556825
0.2069 0.7241 0.642238 -0.766505 0.614305
0.2069 0.7586 0.614381 -0.789009 0.672738
0.2069 0.7931 0.590391 -0.807117 0.731895
0.2069 0.8276 0.0000 0.0000 0.0000
0.2069 0.8621 0.0000 0.0000 0.0000
0.2069 0.8966 0.0000 0.0000 0.0000
0.2069 0.9310 0.0000 0.0000 0.0000
0.2069 0.9655 0.0000 0.0000 0.0000
0.2069 1.0000 0.0000 0.0000 0.0000

0.2414 0.0000 0.000000 1.000000 0.878954
0.2414 0.0345 0.028501 0.999594 0.809366
0.2414 0.0690 0.062298 0.998058 0.740559
0.2414 0.1034 0.102863 0.994696 0.672772
0.2414 0.1379 0.152175 0.988354 0.606348
0.2414 0.1724 0.212885 0.977077 0.541789
0.2414 0.2069 0.288439 0.957498 0.479847
0.2414 0.2414 0.382933 0.923776 0.421678
0.2414 0.2759 0.500020 0.866014 0.369070
0.2414 0.3103 0.639320 0.768941 0.324736
0.2414 0.3448 0.788739 0.614728 0.292464
0.2414 0.3793 0.917671 0.397342 0.276510
0.2414 0.4138 0.989744 0.142850 0.279682
0.2414 0.4483 0.995045 -0.099426 0.301374
0.2414 0.4828 0.955352 -0.295470 0.338042
0.2414 0.5172 0.897734 -0.440538 0.385433
0.2414 0.5517 0.838641 -0.544684 0.440098
0.2414 0.5862 0.784846 -0.619691 0.499655
0.2414 0.6207 0.738101 -0.674690 0.562552
0.2414 0.6552 0.698149 -0.715953 0.627786
0.2414 0.6897 0.664109 -0.747636 0.694699
0.2414 0.7241 0.635019 -0.772497 0.762849
0.2414 0.7586 0.610015 -0.792390 0.831933
0.2414 0.7931 0.0000 0.0000 0.0000
0.2414 0.8276 0.0000 0.0000 0.0000
0.2414 0.8621 0.0000 0.0000 0.0000
0.2414 0.8966 0.0000 0.0000 0.0000
0.2414 0.9310 0.0000 0.0000 0.0000
0.2414 0.9655 0.0000 0.0000 0.0000
0.2414 1.0000 0.0000 0.0000 0.0000

0.2759 0.0000 0.000000 1.000000 0.958858
0.2759 0.0345 0.031100 0.999516 0.879379
0.2759 0.0690 0.068293 0.997665 0.800919
0.2759 0.1034 0.113352 0.993555 0.723809
0.2759 0.1379 0.168679 0.985671 0.648532
0.2759 0.1724 0.237479 0.971393 0.575806
0.2759 0.2069 0.323820 0.946119 0.506733
0.2759 0.2414 0.432120 0.901816 0.443022
0.2759 0.2759 0.564860 0.825187 0.387330
0.2759 0.3103 0.716389 0.697701 0.343578
0.2759 0.3448 0.863397 0.504524 0.316753
0.2759 0.3793 0.966488 0.256711 0.311263
0.2759 0.4138 1.000000 0.000000 0.328181
0.2759 0.4483 0.975662 -0.219279 0.364398
0.2759 0.4828 0.922839 -0.385185 0.414891
0.2759 0.5172 0.863397 -0.504524 0.475130
0.2759 0.5517 0.807520 -0.589841 0.541874
0.2759 0.5862 0.758434 -0.651749 0.613003
0.2759 0.6207 0.716389 -0.697701 0.687156
0.2759 0.6552 0.680618 -0.732638 0.763452
0.2759 0.6897 0.650139 -0.759815 0.841309
0.2759 0.7241 0.624033 -0.781398 0.920330
0.2759 0.7586 0.0000 0.0000 0.0000
0.2759 0.7931 0.0000 0.0000 0.0000
0.2759 0.8276 0.0000 0.0000 0.0000
0.2759 0.8621 0.0000 0.0000 0.0000
0.2759 0.8966 0.0000 0.0000 0.0000
0.2759 0.9310 0.0000 0.0000 0.0000
0.2759 0.9655 0.0000 0.0000 0.0000
0.2759 1.0000 0.0000 0.0000 0.0000

0.3103 0.0000 0.000000 1.000000 1.027348
0.3103 0.0345 0.033720 0.999431 0.937989
0.3103 0.0690 0.074428 0.997226 0.849920
0.3103 0.1034 0.124265 0.992249 0.763588
0.3103 0.1379 0.186147 0.982522 0.679656
0.3103 0.1724 0.263957 0.964534 0.599132
0.3103 0.2069 0.362446 0.932005 0.523592
0.3103 0.2414 0.486042 0.873936 0.455523
0.3103 0.2759 0.634536 0.772893 0.398767
0.3103 0.3103 0.793510 0.608557 0.358736
0.3103 0.3448 0.926542 0.376190 0.341366
0.3103 0.3793 0.993925 0.110059 0.350046
0.3103 0.4138 0.990966 -0.134116 0.383008
0.3103 0.4483 0.945744 -0.324912 0.434766
0.3103 0.4828 0.886483 -0.462761 0.499509
0.3103 0.5172 0.828198 -0.560435 0.572852
0.3103 0.5517 0.776293 -0.630373 0.651899
0.3103 0.5862 0.731744 -0.681580 0.734811
0.3103 0.6207 0.693942 -0.720030 0.820417
0.3103 0.6552 0.661873 -0.749616 0.907956
0.3103 0.6897 0.634536 -0.772893 0.996918
0.3103 0.7241 0.0000 0.0000 0.0000
0.3103 0.7586 0.0000 0.0000 0.0000
0.3103 0.7931 0.0000 0.0000 0.0000
0.3103 0.8276 0.0000 0.0000 0.0000
0.3103 0.8621 0.0000 0.0000 0.0000
0.3103 0.8966 0.0000 0.0000 0.0000
0.3103 0.9310 0.0000 0.0000 0.0000
0.3103 0.9655 0.0000 0.0000 0.0000
0.3103 1.0000 0.0000 0.0000 0.0000

0.3448 0.0000 0.000000 1.000000 1.084423
0.3448 0.0345 0.036449 0.999336 0.985197
0.3448 0.0690 0.080917 0.996721 0.887572
0.3448 0.1034 0.135997 0.990709 0.792140
0.3448 0.1379 0.205257 0.978708 0.699799
0.3448 0.1724 0.293403 0.955989 0.611950
0.3448 0.2069 0.405889 0.913922 0.530829
0.3448 0.2414 0.546441 0.837497 0.460008
0.3448 0.2759 0.709452 0.704754 0.404928
0.3448 0.3103 0.867299 0.497788 0.372636
0.3448 0.3448 0.972737 0.231911 0.369161
0.3448 0.3793 0.999348 -0.036099 0.395264
0.3448 0.4138 0.966659 -0.256069 0.445778
0.3448 0.4483 0.909014 -0.416766 0.513551
0.3448 0.4828 0.848224 -0.529638 0.592691
0.3448 0.5172 0.793014 -0.609203 0.679237
0.3448 0.5517 0.745500 -0.666506 0.770697
0.3448 0.5862 0.705319 -0.708890 0.865515
0.3448 0.6207 0.671418 -0.741079 0.962699
0.3448 0.6552 0.642693 -0.766124 1.061600
0.3448 0.6897 0.0000 0.0000 0.0000
0.3448 0.7241 0.0000 0.0000 0.0000
0.3448 0.7586 0.0000 0.0000 0.0000
0.3448 0.7931 0.0000 0.0000 0.0000
0.3448 0.8276 0.0000 0.0000 0.0000
0.3448 0.8621 0.0000 0.0000 0.0000
0.3448 0.8966 0.0000 0.0000 0.0000
0.3448 0.9310 0.0000 0.0000 0.0000
0.3448 0.9655 0.0000 0.0000 0.0000
0.3448 1.0000 0.0000 0.0000 0.0000

0.3793 0.0000 0.000000 1.000000 1.130083
0.3793 0.0345 0.039363 0.999225 1.021005
0.3793 0.0690 0.087955 0.996124 0.913887
0.3793 0.1034 0.148944 0.988846 0.809505
0.3793 0.1379 0.226721 0.973960 0.709071
0.3793 0.1724 0.327004 0.945023 0.614522
0.3793 0.2069 0.455824 0.890070 0.529024
0.3793 0.2414 0.614696 0.788764 0.457676
0.3793 0.2759 0.788095 0.615554 0.407974
0.3793 0.3103 0.931487 0.363776 0.388317
0.3793 0.3448 0.996964 0.077869 0.403127
0.3793 0.3793 0.984607 -0.174782 0.449004
0.3793 0.4138 0.931487 -0.363776 0.517756
0.3793 0.4483 0.868486 -0.495713 0.601591
0.3793 0.4828 0.809505 -0.587113 0.695071
0.3793 0.5172 0.758496 -0.651678 0.794802
0.3793 0.5517 0.715524 -0.698588 0.898704
0.3793 0.5862 0.679507 -0.733669 1.005485
0.3793 0.6207 0.649208 -0.760611 1.114318
0.3793 0.6552 0.0000 0.0000 0.0000
0.3793 0.6897 0.0000 0.0000 0.0000
0.3793 0.7241 0.0000 0.0000 0.0000
0.3793 0.7586 0.0000 0.0000 0.0000
0.3793 0.7931 0.0000 0.0000 0.0000
0.3793 0.8276 0.0000 0.0000 0.0000
0.3793 0.8621 0.0000 0.0000 0.0000
0.3793 0.8966 0.0000 0.0000 0.0000
0.3793 0.9310 0.0000 0.0000 0.0000
0.3793 0.9655 0.0000 0.0000 0.0000
0.3793 1.0000 0.0000 0.0000 0.0000

0.4138 0.0000 0.000000 1.000000 1.164328
0.4138 0.0345 0.042539 0.999095 1.045417
0.4138 0.0690 0.095751 0.995405 0.928881
0.4138 0.1034 0.163548 0.986535 0.815740
0.4138 0.1379 0.251382 0.967888 0.707622
0.4138 0.1724 0.366185 0.930542 0.607218
0.4138 0.2069 0.514091 0.857735 0.519023
0.4138 0.2414 0.691355 0.722516 0.450270
0.4138 0.2759 0.865954 0.500123 0.410838
0.4138 0.3103 0.977879 0.209172 0.409292
0.4138 0.3448 0.997048 -0.076778 0.446025
0.4138 0.3793 0.953793 -0.300466 0.512878
0.4138 0.4138 0.889619 -0.456703 0.599864
0.4138 0.4483 0.826465 -0.562989 0.699511
0.4138 0.4828 0.771352 -0.636409 0.807144
0.4138 0.5172 0.725096 -0.688648 0.919965
0.4138 0.5517 0.686624 -0.727013 1.036279
0.4138 0.5862 0.654531 -0.756035 1.155033
0.4138 0.6207 0.0000 0.0000 0.0000
0.4138 0.6552 0.0000 0.0000 0.0000
0.4138 0.6897 0.0000 0.0000 0.0000
0.4138 0.7241 0.0000 0.0000 0.0000
0.4138 0.7586 0.0000 0.0000 0.0000
0.4138 0.7931 0.0000 0.0000 0.0000
0.4138 0.8276 0.0000 0.0000 0.0000
0.4138 0.8621 0.0000 0.0000 0.0000
0.4138 0.8966 0.0000 0.0000 0.0000
0.4138 0.9310 0.0000 0.0000 0.0000
0.4138 0.9655 0.0000 0.0000 0.0000
0.4138 1.0000 0.0000 0.0000 0.0000

0.4483 0.0000 0.000000 1.000000 1.187158
0.4483 0.0345 0.046060 0.998939 1.058436
0.4483 0.0690 0.104552 0.994519 0.932578
0.4483 0.1034 0.180356 0.983601 0.810920
0.4483 0.1379 0.280315 0.959908 0.695667
0.4483 0.1724 0.412741 0.910849 0.590582
0.4483 0.2069 0.582582 0.812772 0.502091
0.4483 0.2414 0.775039 0.631913 0.440314
0.4483 0.2759 0.934632 0.355616 0.417289
0.4483 0.3103 0.999108 0.042239 0.439155
0.4483 0.3448 0.974918 -0.222567 0.500058
0.4483 0.3793 0.912035 -0.410112 0.587989
0.4483 0.4138 0.844509 -0.535542 0.692732
0.4483 0.4483 0.784589 -0.620016 0.807773
0.4483 0.4828 0.734450 -0.678663 0.929295
0.4483 0.5172 0.693109 -0.720833 1.055061
0.4483 0.5517 0.658960 -0.752178 1.183720
0.4483 0.5862 0.0000 0.0000 0.0000
0.4483 0.6207 0.0000 0.0000 0.0000
0.4483 0.6552 0.0000 0.0000 0.0000
0.4483 0.6897 0.0000 0.0000 0.0000
0.4483 0.7241 0.0000 0.0000 0.0000
0.4483 0.7586 0.0000 0.0000 0.0000
0.4483 0.7931 0.0000 0.0000 0.0000
0.4483 0.8276 0.0000 0.0000 0.0000
0.4483 0.8621 0.0000 0.0000 0.0000
0.4483 0.8966 0.0000 0.0000 0.0000
0.4483 0.9310 0.0000 0.0000 0.0000
0.4483 0.9655 0.0000 0.0000 0.0000
0.4483 1.0000 0.0000 0.0000 0.0000

0.4828 0.0000 0.000000 1.000000 1.198573
0.4828 0.0345 0.050027 0.998748 1.060067
0.4828 0.0690 0.114663 0.993404 0.925007
0.4828 0.1034 0.200083 0.979779 0.795151
0.4828 0.1379 0.314956 0.949106 0.673517
0.4828 0.1724 0.468950 0.883225 0.565434
0.4828 0.2069 0.662702 0.748883 0.480144
0.4828 0.2414 0.860542 0.509379 0.431385
0.4828 0.2759 0.982722 0.185087 0.431716
0.4828 0.3103 0.992209 -0.124582 0.481037
0.4828 0.3448 0.935811 -0.352503 0.566697
0.4828 0.3793 0.864226 -0.503104 0.675001
0.4828 0.4138 0.798709 -0.601718 0.796768
0.4828 0.4483 0.743945 -0.668241 0.926705
0.4828 0.4828 0.699224 -0.714902 1.061818
0.4828 0.5172 0.0000 0.0000 0.0000
0.4828 0.5517 0.0000 0.0000 0.0000
0.4828 0.5862 0.0000 0.0000 0.0000
0.4828 0.6207 0.0000 0.0000 0.0000
0.4828 0.6552 0.0000 0.0000 0.0000
0.4828 0.6897 0.0000 0.0000 0.0000
0.4828 0.7241 0.0000 0.0000 0.0000
0.4828 0.7586 0.0000 0.0000 0.0000
0.4828 0.7931 0.0000 0.0000 0.0000
0.4828 0.8276 0.0000 0.0000 0.0000
0.4828 0.8621 0.0000 0.0000 0.0000
0.4828 0.8966 0.0000 0.0000 0.0000
0.4828 0.9310 0.0000 0.0000 0.0000
0.4828 0.9655 0.0000 0.0000 0.0000
0.4828 1.0000 0.0000 0.0000 0.0000

0.5172 0.0000 0.000000 1.000000 1.198573
0.5172 0.0345 0.054567 0.998510 1.050316
0.5172 0.0690 0.126489 0.991968 0.906208
0.5172 0.1034 0.223707 0.974656 0.768587
0.5172 0.1379 0.357290 0.933994 0.641639
0.5172 0.1724 0.537597 0.843202 0.533045
0.5172 0.2069 0.753932 0.656953 0.456111
0.5172 0.2414 0.936808 0.349845 0.428251
0.5172 0.2759 1.000000 0.000000 0.458502
0.5172 0.3103 0.960312 -0.278929 0.537132
0.5172 0.3448 0.886191 -0.463320 0.646731
0.5172 0.3793 0.814252 -0.580512 0.774257
0.5172 0.4138 0.753932 -0.656953 0.912221
0.5172 0.4483 0.705191 -0.709017 1.056544
0.5172 0.4828 0.0000 0.0000 0.0000
0.5172 0.5172 0.0000 0.0000 0.0000
0.5172 0.5517 0.0000 0.0000 0.0000
0.5172 0.5862 0.0000 0.0000 0.0000
0.5172 0.6207 0.0000 0.0000 0.0000
0.5172 0.6552 0.0000 0.0000 0.0000
0.5172 0.6897 0.0000 0.0000 0.0000
0.5172 0.7241 0.0000 0.0000 0.0000
0.5172 0.7586 0.0000 0.0000 0.0000
0.5172 0.7931 0.0000 0.0000 0.0000
0.5172 0.8276 0.0000 0.0000 0.0000
0.5172 0.8621 0.0000 0.0000 0.0000
0.5172 0.8966 0.0000 0.0000 0.0000
0.5172 0.9310 0.0000 0.0000 0.0000
0.5172 0.9655 0.0000 0.0000 0.0000
0.5172 1.0000 0.0000 0.0000 0.0000

0.5517 0.0000 0.000000 1.000000 1.187158
0.5517 0.0345 0.059846 0.998208 1.029193
0.5517 0.0690 0.140585 0.990069 0.876241
0.5517 0.1034 0.252620 0.967565 0.731453
0.5517 0.1379 0.410101 0.912040 0.600762
0.5517 0.1724 0.621588 0.783345 0.495452
0.5517 0.2069 0.850755 0.525563 0.434391
0.5517 0.2414 0.987617 0.156886 0.436559
0.5517 0.2759 0.983257 -0.182225 0.501137
0.5517 0.3103 0.910888 -0.412654 0.608571
0.5517 0.3448 0.831853 -0.554997 0.740436
0.5517 0.3793 0.764800 -0.644268 0.885888
0.5517 0.4138 0.711214 -0.702976 1.039238
0.5517 0.4483 0.668679 -0.743551 1.197455
0.5517 0.4828 0.0000 0.0000 0.0000
0.5517 0.5172 0.0000 0.0000 0.0000
0.5517 0.5517 0.0000 0.0000 0.0000
0.5517 0.5862 0.0000 0.0000 0.0000
0.5517 0.6207 0.0000 0.0000 0.0000
0.5517 0.6552 0.0000 0.0000 0.0000
0.5517 0.6897 0.0000 0.0000 0.0000
0.5517 0.7241 0.0000 0.0000 0.0000
0.5517 0.7586 0.0000 0.0000 0.0000
0.5517 0.7931 0.0000 0.0000 0.0000
0.5517 0.8276 0.0000 0.0000 0.0000
0.5517 0.8621 0.0000 0.0000 0.0000
0.5517 0.8966 0.0000 0.0000 0.0000
0.5517 0.9310 0.0000 0.0000 0.0000
0.5517 0.9655 0.0000 0.0000 0.0000
0.5517 1.0000 0.0000 0.0000 0.0000

0.5862 0.0000 0.000000 1.000000 1.164328
0.5862 0.0345 0.066091 0.997814 0.996710
0.5862 0.0690 0.157746 0.987480 0.835189
0.5862 0.1034 0.288878 0.957366 0.684101
0.5862 0.1379 0.477282 0.878750 0.552076
0.5862 0.1724 0.722325 0.691554 0.455986
0.5862 0.2069 0.938401 0.345548 0.421189
0.5862 0.2414 0.998619 -0.052532 0.461755
0.5862 0.2759 0.938401 -0.345548 0.561585
0.5862 0.3103 0.852292 -0.523067 0.695614
0.5862 0.3448 0.777023 -0.629473 0.847774
0.5862 0.3793 0.717508 -0.696550 1.009903
0.5862 0.4138 0.671104 -0.741364 1.177892
0.5862 0.4483 0.0000 0.0000 0.0000
0.5862 0.4828 0.0000 0.0000 0.0000
0.5862 0.5172 0.0000 0.0000 0.0000
0.5862 0.5517 0.0000 0.0000 0.0000
0.5862 0.5862 0.0000 0.0000 0.0000
0.5862 0.6207 0.0000 0.0000 0.0000
0.5862 0.6552 0.0000 0.0000 0.0000
0.5862 0.6897 0.0000 0.0000 0.0000
0.5862 0.7241 0.0000 0.0000 0.0000
0.5862 0.7586 0.0000 0.0000 0.0000
0.5862 0.7931 0.0000 0.0000 0.0000
0.5862 0.8276 0.0000 0.0000 0.0000
0.5862 0.8621 0.0000 0.0000 0.0000
0.5862 0.8966 0.0000 0.0000 0.0000
0.5862 0.9310 0.0000 0.0000 0.0000
0.5862 0.9655 0.0000 0.0000 0.0000
0.5862 1.0000 0.0000 0.0000 0.0000

0.6207 0.0000 0.000000 1.000000 1.130083
0.6207 0.0345 0.073623 0.997286 0.952883
0.6207 0.0690 0.179153 0.983821 0.783182
0.6207 0.1034 0.335616 0.941999 0.627098
0.6207 0.1379 0.563930 0.825823 0.497612
0.6207 0.1724 0.835000 0.550251 0.420087
0.6207 0.2069 0.992636 0.121135 0.424050
0.6207 0.2414 0.967468 -0.252994 0.507595
0.6207 0.2759 0.876529 -0.481348 0.640294
0.6207 0.3103 0.791226 -0.611524 0.797991
0.6207 0.3448 0.724325 -0.689459 0.968551
0.6207 0.3793 0.673241 -0.739424 1.146248
0.6207 0.4138 0.0000 0.0000 0.0000
0.6207 0.4483 0.0000 0.0000 0.0000
0.6207 0.4828 0.0000 0.0000 0.0000
0.6207 0.5172 0.0000 0.0000 0.0000
0.6207 0.5517 0.0000 0.0000 0.0000
0.6207 0.5862 0.0000 0.0000 0.0000
0.6207 0.6207 0.0000 0.0000 0.0000
0.6207 0.6552 0.0000 0.0000 0.0000
0.6207 0.6897 0.0000 0.0000 0.0000
0.6207 0.7241 0.0000 0.0000 0.0000
0.6207 0.7586 0.0000 0.0000 0.0000
0.6207 0.7931 0.0000 0.0000 0.0000
0.6207 0.8276 0.0000 0.0000 0.0000
0.6207 0.8621 0.0000 0.0000 0.0000
0.6207 0.8966 0.0000 0.0000 0.0000
0.6207 0.9310 0.0000 0.0000 0.0000
0.6207 0.9655 0.0000 0.0000 0.0000
0.6207 1.0000 0.0000 0.0000 0.0000

0.6552 0.0000 0.000000 1.000000 1.084423
0.6552 0.0345 0.082914 0.996557 0.897740
0.6552 0.0690 0.206643 0.978416 0.720424
0.6552 0.1034 0.397750 0.917494 0.561422
0.6552 0.1379 0.675138 0.737691 0.441007
0.6552 0.1724 0.939618 0.342225 0.396093
0.6552 0.2069 0.992711 -0.120521 0.449890
0.6552 0.2414 0.905623 -0.424084 0.575346
0.6552 0.2759 0.808289 -0.588786 0.736718
0.6552 0.3103 0.731988 -0.681318 0.915202
0.6552 0.3448 0.675138 -0.737691 1.102518
0.6552 0.3793 0.0000 0.0000 0.0000
0.6552 0.4138 0.0000 0.0000 0.0000
0.6552 0.4483 0.0000 0.0000 0.0000
0.6552 0.4828 0.0000 0.0000 0.0000
0.6552 0.5172 0.0000 0.0000 0.0000
0.6552 0.5517 0.0000 0.0000 0.0000
0.6552 0.5862 0.0000 0.0000 0.0000
0.6552 0.6207 0.0000 0.0000 0.0000
0.6552 0.6552 0.0000 0.0000 0.0000
0.6552 0.6897 0.0000 0.0000 0.0000
0.6552 0.7241 0.0000 0.0000 0.0000
0.6552 0.7586 0.0000 0.0000 0.0000
0.6552 0.7931 0.0000 0.0000 0.0000
0.6552 0.8276 0.0000 0.0000 0.0000
0.6552 0.8621 0.0000 0.0000 0.0000
0.6552 0.8966 0.0000 0.0000 0.0000
0.6552 0.9310 0.0000 0.0000 0.0000
0.6552 0.9655 0.0000 0.0000 0.0000
0.6552 1.0000 0.0000 0.0000 0.0000

0.6897 0.0000 0.000000 1.000000 1.027348
0.6897 0.0345 0.094688 0.995507 0.831321
0.6897 0.0690 0.243227 0.969969 0.647262
0.6897 0.1034 0.483039 0.875599 0.488879
0.6897 0.1379 0.809581 0.587008 0.388921
0.6897 0.1724 0.997382 0.072318 0.394612
0.6897 0.2069 0.940125 -0.340831 0.502375
0.6897 0.2414 0.829508 -0.558495 0.664262
0.6897 0.2759 0.740952 -0.671558 0.849888
0.6897 0.3103 0.0000 0.0000 0.0000
0.6897 0.3448 0.0000 0.0000 0.0000
0.6897 0.3793 0.0000 0.0000 0.0000
0.6897 0.4138 0.0000 0.0000 0.0000
0.6897 0.4483 0.0000 0.0000 0.0000
0.6897 0.4828 0.0000 0.0000 0.0000
0.6897 0.5172 0.0000 0.0000 0.0000
0.6897 0.5517 0.0000 0.0000 0.0000
0.6897 0.5862 0.0000 0.0000 0.0000
0.6897 0.6207 0.0000 0.0000 0.0000
0.6897 0.6552 0.0000 0.0000 0.0000
0.6897 0.6897 0.0000 0.0000 0.0000
0.6897 0.7241 0.0000 0.0000 0.0000
0.6897 0.7586 0.0000 0.0000 0.0000
0.6897 0.7931 0.0000 0.0000 0.0000
0.6897 0.8276 0.0000 0.0000 0.0000
0.6897 0.8621 0.0000 0.0000 0.0000
0.6897 0.8966 0.0000 0.0000 0.0000
0.6897 0.9310 0.0000 0.0000 0.0000
0.6897 0.9655 0.0000 0.0000 0.0000
0.6897 1.0000 0.0000 0.0000 0.0000

0.7241 0.0000 0.000000 1.000000 0.958858
0.7241 0.0345 0.110120 0.993918 0.753692
0.7241 0.0690 0.294145 0.955761 0.564323
0.7241 0.1034 0.602760 0.797923 0.413082
0.7241 0.1379 0.940578 0.339578 0.352959
0.7241 0.1724 0.977333 -0.211709 0.424607
0.7241 0.2069 0.856842 -0.515578 0.581179
0.7241 0.2414 0.751909 -0.659267 0.772667
0.7241 0.2759 0.678361 -0.734729 0.978788
0.7241 0.3103 0.0000 0.0000 0.0000
0.7241 0.3448 0.0000 0.0000 0.0000
0.7241 0.3793 0.0000 0.0000 0.0000
0.7241 0.4138 0.0000 0.0000 0.0000
0.7241 0.4483 0.0000 0.0000 0.0000
0.7241 0.4828 0.0000 0.0000 0.0000
0.7241 0.5172 0.0000 0.0000 0.0000
0.7241 0.5517 0.0000 0.0000 0.0000
0.7241 0.5862 0.0000 0.0000 0.0000
0.7241 0.6207 0.0000 0.0000 0.0000
0.7241 0.6552 0.0000 0.0000 0.0000
0.7241 0.6897 0.0000 0.0000 0.0000
0.7241 0.7241 0.0000 0.0000 0.0000
0.7241 0.7586 0.0000 0.0000 0.0000
0.7241 0.7931 0.0000 0.0000 0.0000
0.7241 0.8276 0.0000 0.0000 0.0000
0.7241 0.8621 0.0000 0.0000 0.0000
0.7241 0.8966 0.0000 0.0000 0.0000
0.7241 0.9310 0.0000 0.0000 0.0000
0.7241 0.9655 0.0000 0.0000 0.0000
0.7241 1.0000 0.0000 0.0000 0.0000

0.7586 0.0000 0.000000 1.000000 0.878954
0.7586 0.0345 0.131250 0.991349 0.664968
0.7586 0.0690 0.369135 0.929376 0.472873
0.7586 0.1034 0.765993 0.642849 0.341819
0.7586 0.1379 1.000000 0.000000 0.349108
0.7586 0.1724 0.893158 -0.449743 0.488587
0.7586 0.2069 0.765993 -0.642849 0.683639
0.7586 0.2414 0.679740 -0.733453 0.898783
0.7586 0.2759 0.0000 0.0000 0.0000
0.7586 0.3103 0.0000 0.0000 0.0000
0.7586 0.3448 0.0000 0.0000 0.0000
0.7586 0.3793 0.0000 0.0000 0.0000
0.7586 0.4138 0.0000 0.0000 0.0000
0.7586 0.4483 0.0000 0.0000 0.0000
0.7586 0.4828 0.0000 0.0000 0.0000
0.7586 0.5172 0.0000 0.0000 0.0000
0.7586 0.5517 0.0000 0.0000 0.0000
0.7586 0.5862 0.0000 0.0000 0.0000
0.7586 0.6207 0.0000 0.0000 0.0000
0.7586 0.6552 0.0000 0.0000 0.0000
0.7586 0.6897 0.0000 0.0000 0.0000
0.7586 0.7241 0.0000 0.0000 0.0000
0.7586 0.7586 0.0000 0.0000 0.0000
0.7586 0.7931 0.0000 0.0000 0.0000
0.7586 0.8276 0.0000 0.0000 0.0000
0.7586 0.8621 0.0000 0.0000 0.0000
0.7586 0.8966 0.0000 0.0000 0.0000
0.7586 0.9310 0.0000 0.0000 0.0000
0.7586 0.9655 0.0000 0.0000 0.0000
0.7586 1.0000 0.0000 0.0000 0.0000

0.7931 0.0000 0.000000 1.000000 0.787634
0.7931 0.0345 0.161943 0.986800 0.565370
0.7931 0.0690 0.487254 0.873260 0.375811
0.7931 0.1034 0.941354 0.337420 0.291785
0.7931 0.1379 0.941354 -0.337420 0.389047
0.7931 0.1724 0.785227 -0.619208 0.583001
0.7931 0.2069 0.0000 0.0000 0.0000
0.7931 0.2414 0.0000 0.0000 0.0000
0.7931 0.2759 0.0000 0.0000 0.0000
0.7931 0.3103 0.0000 0.0000 0.0000
0.7931 0.3448 0.0000 0.0000 0.0000
0.7931 0.3793 0.0000 0.0000 0.0000
0.7931 0.4138 0.0000 0.0000 0.0000
0.7931 0.4483 0.0000 0.0000 0.0000
0.7931 0.4828 0.0000 0.0000 0.0000
0.7931 0.5172 0.0000 0.0000 0.0000
0.7931 0.5517 0.0000 0.0000 0.0000
0.7931 0.5862 0.0000 0.0000 0.0000
0.7931 0.6207 0.0000 0.0000 0.0000
0.7931 0.6552 0.0000 0.0000 0.0000
0.7931 0.6897 0.0000 0.0000 0.0000
0.7931 0.7241 0.0000 0.0000 0.0000
0.7931 0.7586 0.0000 0.0000 0.0000
0.7931 0.7931 0.0000 0.0000 0.0000
0.7931 0.8276 0.0000 0.0000 0.0000
0.7931 0.8621 0.0000 0.0000 0.0000
0.7931 0.8966 0.0000 0.0000 0.0000
0.7931 0.9310 0.0000 0.0000 0.0000
0.7931 0.9655 0.0000 0.0000 0.0000
0.7931 1.0000 0.0000 0.0000 0.0000

0.8276 0.0000 0.000000 1.000000 0.684899
0.8276 0.0345 0.210456 0.977603 0.455383
0.8276 0.0690 0.682137 0.731224 0.280994
0.8276 0.1034 0.992981 -0.118271 0.289547
0.8276 0.1379 0.813597 -0.581429 0.471183
0.8276 0.1724 0.682137 -0.731224 0.702485
0.8276 0.2069 0.0000 0.0000 0.0000
0.8276 0.2414 0.0000 0.0000 0.0000
0.8276 0.2759 0.0000 0.0000 0.0000
0.8276 0.3103 0.0000 0.0000 0.0000
0.8276 0.3448 0.0000 0.0000 0.0000
0.8276 0.3793 0.0000 0.0000 0.0000
0.8276 0.4138 0.0000 0.0000 0.0000
0.8276 0.4483 0.0000 0.0000 0.0000
0.8276 0.4828 0.0000 0.0000 0.0000
0.8276 0.5172 0.0000 0.0000 0.0000
0.8276 0.5517 0.0000 0.0000 0.0000
0.8276 0.5862 0.0000 0.0000 0.0000
0.8276 0.6207 0.0000 0.0000 0.0000
0.8276 0.6552 0.0000 0.0000 0.0000
0.8276 0.6897 0.0000 0.0000 0.0000
0.8276 0.7241 0.0000 0.0000 0.0000
0.8276 0.7586 0.0000 0.0000 0.0000
0.8276 0.7931 0.0000 0.0000 0.0000
0.8276 0.8276 0.0000 0.0000 0.0000
0.8276 0.8621 0.0000 0.0000 0.0000
0.8276 0.8966 0.0000 0.0000 0.0000
0.8276 0.9310 0.0000 0.0000 0.0000
0.8276 0.9655 0.0000 0.0000 0.0000
0.8276 1.0000 0.0000 0.0000 0.0000

0.8621 0.0000 0.000000 1.000000 0.570749
0.8621 0.0345 0.297711 0.954656 0.336295
0.8621 0.0690 0.941995 0.335628 0.212568
0.8621 0.1034 0.859827 -0.510586 0.349322
0.8621 0.1379 0.683185 -0.730245 0.586189
0.8621 0.1724 0.0000 0.0000 0.0000
0.8621 0.2069 0.0000 0.0000 0.0000
0.8621 0.2414 0.0000 0.0000 0.0000
0.8621 0.2759 0.0000 0.0000 0.0000
0.8621 0.3103 0.0000 0.0000 0.0000
0.8621 0.3448 0.0000 0.0000 0.0000
0.8621 0.3793 0.0000 0.0000 0.0000
0.8621 0.4138 0.0000 0.0000 0.0000
0.8621 0.4483 0.0000 0.0000 0.0000
0.8621 0.4828 0.0000 0.0000 0.0000
0.8621 0.5172 0.0000 0.0000 0.0000
0.8621 0.5517 0.0000 0.0000 0.0000
0.8621 0.5862 0.0000 0.0000 0.0000
0.8621 0.6207 0.0000 0.0000 0.0000
0.8621 0.6552 0.0000 0.0000 0.0000
0.8621 0.6897 0.0000 0.0000 0.0000
0.8621 0.7241 0.0000 0.0000 0.0000
0.8621 0.7586 0.0000 0.0000 0.0000
0.8621 0.7931 0.0000 0.0000 0.0000
0.8621 0.8276 0.0000 0.0000 0.0000
0.8621 0.8621 0.0000 0.0000 0.0000
0.8621 0.8966 0.0000 0.0000 0.0000
0.8621 0.9310 0.0000 0.0000 0.0000
0.8621 0.9655 0.0000 0.0000 0.0000
0.8621 1.0000 0.0000 0.0000 0.0000

0.8966 0.0000 0.000000 1.000000 0.445184
0.8966 0.0345 0.490473 0.871456 0.212855
0.8966 0.0690 0.942275 -0.334840 0.221590
0.8966 0.1034 0.0000 0.0000 0.0000
0.8966 0.1379 0.0000 0.0000 0.0000
0.8966 0.1724 0.0000 0.0000 0.0000
0.8966 0.2069 0.0000 0.0000 0.0000
0.8966 0.2414 0.0000 0.0000 0.0000
0.8966 0.2759 0.0000 0.0000 0.0000
0.8966 0.3103 0.0000 0.0000 0.0000
0.8966 0.3448 0.0000 0.0000 0.0000
0.8966 0.3793 0.0000 0.0000 0.0000
0.8966 0.4138 0.0000 0.0000 0.0000
0.8966 0.4483 0.0000 0.0000 0.0000
0.8966 0.4828 0.0000 0.0000 0.0000
0.8966 0.5172 0.0000 0.0000 0.0000
0.8966 0.5517 0.0000 0.0000 0.0000
0.8966 0.5862 0.0000 0.0000 0.0000
0.8966 0.6207 0.0000 0.0000 0.0000
0.8966 0.6552 0.0000 0.0000 0.0000
0.8966 0.6897 0.0000 0.0000 0.0000
0.8966 0.7241 0.0000 0.0000 0.0000
0.8966 0.7586 0.0000 0.0000 0.0000
0.8966 0.7931 0.0000 0.0000 0.0000
0.8966 0.8276 0.0000 0.0000 0.0000
0.8966 0.8621 0.0000 0.0000 0.0000
0.8966 0.8966 0.0000 0.0000 0.0000
0.8966 0.9310 0.0000 0.0000 0.0000
0.8966 0.9655 0.0000 0.0000 0.0000
0.8966 1.0000 0.0000 0.0000 0.0000

0.9310 0.0000 0.000000 1.000000 0.308205
0.9310 0.0345 0.942533 0.334114 0.115307
0.9310 0.0690 0.685037 -0.728508 0.317297
0.9310 0.1034 0.0000 0.0000 0.0000
0.9310 0.1379 0.0000 0.0000 0.0000
0.9310 0.1724 0.0000 0.0000 0.0000
0.9310 0.2069 0.0000 0.0000 0.0000
0.9310 0.2414 0.0000 0.0000 0.0000
0.9310 0.2759 0.0000 0.0000 0.0000
0.9310 0.3103 0.0000 0.0000 0.0000
0.9310 0.3448 0.0000 0.0000 0.0000
0.9310 0.3793 0.0000 0.0000 0.0000
0.9310 0.4138 0.0000 0.0000 0.0000
0.9310 0.4483 0.0000 0.0000 0.0000
0.9310 0.4828 0.0000 0.0000 0.0000
0.9310 0.5172 0.0000 0.0000 0.0000
0.9310 0.5517 0.0000 0.0000 0.0000
0.9310 0.5862 0.0000 0.0000 0.0000
0.9310 0.6207 0.0000 0.0000 0.0000
0.9310 0.6552 0.0000 0.0000 0.0000
0.9310 0.6897 0.0000 0.0000 0.0000
0.9310 0.7241 0.0000 0.0000 0.0000
0.9310 0.7586 0.0000 0.0000 0.0000
0.9310 0.7931 0.0000 0.0000 0.0000
0.9310 0.8276 0.0000 0.0000 0.0000
0.9310 0.8621 0.0000 0.0000 0.0000
0.9310 0.8966 0.0000 0.0000 0.0000
0.9310 0.9310 0.0000 0.0000 0.0000
0.9310 0.9655 0.0000 0.0000 0.0000
0.9310 1.0000 0.0000 0.0000 0.0000

0.9655 0.0000 0.000000 1.000000 0.159810
0.9655 0.0345 0.0000 0.0000 0.0000
0.9655 0.0690 0.0000 0.0000 0.0000
0.9655 0.1034 0.0000 0.0000 0.0000
0.9655 0.1379 0.0000 0.0000 0.0000
0.9655 0.1724 0.0000 0.0000 0.0000
0.9655 0.2069 0.0000 0.0000 0.0000
0.9655 0.2414 0.0000 0.0000 0.0000
0.9655 0.2759 0.0000 0.0000 0.0000
0.9655 0.3103 0.0000 0.0000 0.0000
0.9655 0.3448 0.0000 0.0000 0.0000
0.9655 0.3793 0.0000 0.0000 0.0000
0.9655 0.4138 0.0000 0.0000 0.0000
0.9655 0.4483 0.0000 0.0000 0.0000
0.9655 0.4828 0.0000 0.0000 0.0000
0.9655 0.5172 0.0000 0.0000 0.0000
0.9655 0.5517 0.0000 0.0000 0.0000
0.9655 0.5862 0.0000 0.0000 0.0000
0.9655 0.6207 0.0000 0.0000 0.0000
0.9655 0.6552 0.0000 0.0000 0.0000
0.9655 0.6897 0.0000 0.0000 0.0000
0.9655 0.7241 0.0000 0.0000 0.0000
0.9655 0.7586 0.0000 0.0000 0.0000
0.9655 0.7931 0.0000 0.0000 0.0000
0.9655 0.8276 0.0000 0.0000 0.0000
0.9655 0.8621 0.0000 0.0000 0.0000
0.9655 0.8966 0.0000 0.0000 0.0000
0.9655 0.9310 0.0000 0.0000 0.0000
0.9655 0.9655 0.0000 0.0000 0.0000
0.9655 1.0000 0.0000 0.0000 0.0000

1.0000 0.0000 0.000000 0.000000 0.000000
1.0000 0.0345 0.0000 0.0000 0.0000
1.0000 0.0690 0.0000 0.0000 0.0000
1.0000 0.1034 0.0000 0.0000 0.0000
1.0000 0.1379 0.0000 0.0000 0.0000
1.0000 0.1724 0.0000 0.0000 0.0000
1.0000 0.2069 0.0000 0.0000 0.0000
1.0000 0.2414 0.0000 0.0000 0.0000
1.0000 0.2759 0.0000 0.0000 0.0000
1.0000 0.3103 0.0000 0.0000 0.0000
1.0000 0.3448 0.0000 0.0000 0.0000
1.0000 0.3793 0.0000 0.0000 0.0000
1.0000 0.4138 0.0000 0.0000 0.0000
1.0000 0.4483 0.0000 0.0000 0.0000
1.0000 0.4828 0.0000 0.0000 0.0000
1.0000 0.5172 0.0000 0.0000 0.0000
1.0000 0.5517 0.0000 0.0000 0.0000
1.0000 0.5862 0.0000 0.0000 0.0000
1.0000 0.6207 0.0000 0.0000 0.0000
1.0000 0.6552 0.0000 0.0000 0.0000
1.0000 0.6897 0.0000 0.0000 0.0000
1.0000 0.7241 0.0000 0.0000 0.0000
1.0000 0.7586 0.0000 0.0000 0.0000
1.0000 0.7931 0.0000 0.0000 0.0000
1.0000 0.8276 0.0000 0.0000 0.0000
1.0000 0.8621 0.0000 0.0000 0.0000
1.0000 0.8966 0.0000 0.0000 0.0000
1.0000 0.9310 0.0000 0.0000 0.0000
1.0000 0.9655 0.0000 0.0000 0.0000
1.0000 1.0000 0.0000 0.0000 0.0000

