0.0000 0.0000 0.000000 0.000000 0.000000
0.0000 0.0345 -1.000000 0.000000 0.006897
0.0000 0.0690 -1.000000 0.000000 0.013793
0.0000 0.1034 -1.000000 0.000000 0.020690
0.0000 0.1379 -1.000000 0.000000 0.027586
0.0000 0.1724 -1.000000 0.000000 0.034483
0.0000 0.2069 -1.000000 0.000000 0.041379
0.0000 0.2414 -1.000000 0.000000 0.048276
0.0000 0.2759 -1.000000 0.000000 0.055172
0.0000 0.3103 -1.000000 0.000000 0.062069
0.0000 0.3448 -1.000000 0.000000 0.068966
0.0000 0.3793 -1.000000 0.000000 0.075862
0.0000 0.4138 -1.000000 0.000000 0.082759
0.0000 0.4483 -1.000000 0.000000 0.089655
0.0000 0.4828 -1.000000 0.000000 0.096552
0.0000 0.5172 -1.000000 0.000000 0.103448
0.0000 0.5517 -1.000000 0.000000 0.110345
0.0000 0.5862 -1.000000 -0.000000 0.117241
0.0000 0.6207 -1.000000 -0.000000 0.124138
0.0000 0.6552 -1.000000 -0.000000 0.131034
0.0000 0.6897 -1.000000 -0.000000 0.137931
0.0000 0.7241 -1.000000 -0.000000 0.144828
0.0000 0.7586 -1.000000 -0.000000 0.151724
0.0000 0.7931 -1.000000 -0.000000 0.158621
0.0000 0.8276 -1.000000 -0.000000 0.165517
0.0000 0.8621 -1.000000 -0.000000 0.172414
0.0000 0.8966 -1.000000 -0.000000 0.179310
0.0000 0.9310 -1.000000 -0.000000 0.186207
0.0000 0.9655 -1.000000 -0.000000 0.193103
0.0000 1.0000 -1.000000 -0.000000 0.200000

0.0345 0.0000 0.000000 1.000000 0.239715
0.0345 0.0345 -0.002116 0.999998 0.224733
0.0345 0.0690 -0.004535 0.999990 0.209752
0.0345 0.1034 -0.007326 0.999973 0.194773
0.0345 0.1379 -0.010581 0.999944 0.179796
0.0345 0.1724 -0.014429 0.999896 0.164821
0.0345 0.2069 -0.019044 0.999819 0.149849
0.0345 0.2414 -0.024684 0.999695 0.134881
0.0345 0.2759 -0.031730 0.999496 0.119918
0.0345 0.3103 -0.040782 0.999168 0.104962
0.0345 0.3448 -0.052836 0.998603 0.090019
0.0345 0.3793 -0.069672 0.997570 0.075093
0.0345 0.4138 -0.094809 0.995495 0.060200
0.0345 0.4483 -0.136283 0.990670 0.045370
0.0345 0.4828 -0.216930 0.976187 0.030695
0.0345 0.5172 -0.429933 0.902861 0.016594
0.0345 0.5517 -1.000000 0.000000 0.007610
0.0345 0.5862 -0.474932 -0.880022 0.017025
0.0345 0.6207 -0.274721 -0.961524 0.031163
0.0345 0.6552 -0.197114 -0.980381 0.045846
0.0345 0.6897 -0.156767 -0.987636 0.060679
0.0345 0.7241 -0.132164 -0.991228 0.075574
0.0345 0.7586 -0.115621 -0.993293 0.090500
0.0345 0.7931 -0.103745 -0.994604 0.105444
0.0345 0.8276 -0.094809 -0.995495 0.120400
0.0345 0.8621 -0.087843 -0.996134 0.135363
0.0345 0.8966 -0.082260 -0.996611 0.150331
0.0345 0.9310 -0.077687 -0.996978 0.165303
0.0345 0.9655 -0.073872 -0.997268 0.180279
0.0345 1.0000 0.0000 0.0000 0.0000

0.0690 0.0000 0.000000 1.000000 0.462307
0.0690 0.0345 0.013750 0.999905 0.432383
0.0690 0.0690 0.029538 0.999564 0.402554
0.0690 0.1034 0.047838 0.998855 0.372841
0.0690 0.1379 0.069278 0.997597 0.343274
0.0690 0.1724 0.094702 0.995506 0.313896
0.0690 0.2069 0.125268 0.992123 0.284764
0.0690 0.2414 0.162591 0.986694 0.255962
0.0690 0.2759 0.208958 0.977925 0.227617
0.0690 0.3103 0.267644 0.963518 0.199921
0.0690 0.3448 0.343286 0.939231 0.173188
0.0690 0.3793 0.442062 0.896984 0.147939
0.0690 0.4138 0.570396 0.821370 0.125077
0.0690 0.4483 0.728068 0.685504 0.106156
0.0690 0.4828 0.889288 0.457348 0.093597
0.0690 0.5172 0.989791 0.142530 0.090099
0.0690 0.5517 0.984183 -0.177153 0.096654
0.0690 0.5862 0.906455 -0.422302 0.111500
0.0690 0.6207 0.811534 -0.584305 0.131868
0.0690 0.6552 0.725953 -0.687745 0.155603
0.0690 0.6897 0.655529 -0.755170 0.181389
0.0690 0.7241 0.598904 -0.800821 0.208466
0.0690 0.7586 0.553306 -0.832978 0.236391
0.0690 0.7931 0.516211 -0.856461 0.264896
0.0690 0.8276 0.485643 -0.874157 0.293811
0.0690 0.8621 0.460124 -0.887855 0.323027
0.0690 0.8966 0.438557 -0.898704 0.352470
0.0690 0.9310 0.420124 -0.907467 0.382086
0.0690 0.9655 0.0000 0.0000 0.0000
0.0690 1.0000 0.0000 0.0000 0.0000

0.1034 0.0000 0.000000 1.000000 0.667776
0.1034 0.0345 0.019851 0.999803 0.622953
0.1034 0.0690 0.042759 0.999085 0.578412
0.1034 0.1034 0.069444 0.997586 0.534227
0.1034 0.1379 0.100848 0.994902 0.490491
0.1034 0.1724 0.138220 0.990402 0.447338
0.1034 0.2069 0.183225 0.983071 0.404953
0.1034 0.2414 0.238070 0.971248 0.363605
0.1034 0.2759 0.305629 0.952151 0.323693
0.1034 0.3103 0.389396 0.921071 0.285817
0.1034 0.3448 0.492869 0.870103 0.250903
0.1034 0.3793 0.617297 0.786730 0.220362
0.1034 0.4138 0.756169 0.654377 0.196246
0.1034 0.4483 0.887496 0.460815 0.181140
0.1034 0.4828 0.976124 0.217214 0.177362
0.1034 0.5172 0.999401 -0.034595 0.185605
0.1034 0.5517 0.967913 -0.251285 0.204419
0.1034 0.5862 0.909130 -0.416513 0.231239
0.1034 0.6207 0.844329 -0.535824 0.263632
0.1034 0.6552 0.783724 -0.621109 0.299797
0.1034 0.6897 0.730588 -0.682819 0.338528
0.1034 0.7241 0.685130 -0.728421 0.379039
0.1034 0.7586 0.646499 -0.762914 0.420816
0.1034 0.7931 0.613621 -0.789601 0.463516
0.1034 0.8276 0.585491 -0.810679 0.506907
0.1034 0.8621 0.561259 -0.827641 0.550826
0.1034 0.8966 0.540232 -0.841516 0.595155
0.1034 0.9310 0.0000 0.0000 0.0000
0.1034 0.9655 0.0000 0.0000 0.0000
0.1034 1.0000 0.0000 0.0000 0.0000

0.1379 0.0000 0.000000 1.000000 0.856124
0.1379 0.0345 0.023590 0.999722 0.796417
0.1379 0.0690 0.050967 0.998700 0.737225
0.1379 0.1034 0.083045 0.996546 0.678682
0.1379 0.1379 0.121018 0.992650 0.620973
0.1379 0.1724 0.166449 0.986050 0.564353
0.1379 0.2069 0.221379 0.975188 0.509186
0.1379 0.2414 0.288400 0.957510 0.455998
0.1379 0.2759 0.370582 0.928800 0.405571
0.1379 0.3103 0.470898 0.882188 0.359068
0.1379 0.3448 0.590391 0.807117 0.318215
0.1379 0.3793 0.723979 0.689822 0.285448
0.1379 0.4138 0.854616 0.519260 0.263798
0.1379 0.4483 0.953667 0.300865 0.256099
0.1379 0.4828 0.997888 0.064962 0.263577
0.1379 0.5172 0.988659 -0.150176 0.285040
0.1379 0.5517 0.946260 -0.323405 0.317666
0.1379 0.5862 0.891085 -0.453836 0.358419
0.1379 0.6207 0.835289 -0.549811 0.404852
0.1379 0.6552 0.784120 -0.620609 0.455231
0.1379 0.6897 0.739093 -0.673604 0.508384
0.1379 0.7241 0.700109 -0.714036 0.563527
0.1379 0.7586 0.666503 -0.745502 0.620128
0.1379 0.7931 0.637489 -0.770460 0.677823
0.1379 0.8276 0.612330 -0.790603 0.736355
0.1379 0.8621 0.590391 -0.807117 0.795538
0.1379 0.8966 0.0000 0.0000 0.0000
0.1379 0.9310 0.0000 0.0000 0.0000
0.1379 0.9655 0.0000 0.0000 0.0000
0.1379 1.0000 0.0000 0.0000 0.0000

0.1724 0.0000 0.000000 1.000000 1.027348
0.1724 0.0345 0.026458 0.999650 0.952771
0.1724 0.0690 0.057358 0.998354 0.878974
0.1724 0.1034 0.093807 0.995590 0.806171
0.1724 0.1379 0.137251 0.990536 0.734658
0.1724 0.1724 0.189577 0.981866 0.664851
0.1724 0.2069 0.253200 0.967414 0.597349
0.1724 0.2414 0.331046 0.943615 0.533028
0.1724 0.2759 0.426184 0.904636 0.473187
0.1724 0.3103 0.540500 0.841344 0.419746
0.1724 0.3448 0.671411 0.741085 0.375450
0.1724 0.3793 0.806427 0.591334 0.343849
0.1724 0.4138 0.920487 0.390773 0.328627
0.1724 0.4483 0.986931 0.161146 0.332045
0.1724 0.4828 0.998166 -0.060536 0.353562
0.1724 0.5172 0.969057 -0.246835 0.390195
0.1724 0.5517 0.920487 -0.390773 0.438169
0.1724 0.5862 0.867145 -0.498055 0.494193
0.1724 0.6207 0.816327 -0.577590 0.555838
0.1724 0.6552 0.770725 -0.637168 0.621433
0.1724 0.6897 0.730826 -0.682564 0.689852
0.1724 0.7241 0.696234 -0.717815 0.760333
0.1724 0.7586 0.666277 -0.745704 0.832353
0.1724 0.7931 0.640262 -0.768157 0.905545
0.1724 0.8276 0.617564 -0.786520 0.979646
0.1724 0.8621 0.0000 0.0000 0.0000
0.1724 0.8966 0.0000 0.0000 0.0000
0.1724 0.9310 0.0000 0.0000 0.0000
0.1724 0.9655 0.0000 0.0000 0.0000
0.1724 1.0000 0.0000 0.0000 0.0000

0.2069 0.0000 0.000000 1.000000 1.181451
0.2069 0.0345 0.028964 0.999580 1.092016
0.2069 0.0690 0.063027 0.998012 1.003660
0.2069 0.1034 0.103510 0.994628 0.916696
0.2069 0.1379 0.152143 0.988358 0.831559
0.2069 0.1724 0.211177 0.977448 0.748874
0.2069 0.2069 0.283435 0.958991 0.669550
0.2069 0.2414 0.372149 0.928173 0.594932
0.2069 0.2759 0.480116 0.877205 0.527023
0.2069 0.3103 0.607281 0.794487 0.468747
0.2069 0.3448 0.745798 0.666172 0.424096
0.2069 0.3793 0.874862 0.484373 0.397685
0.2069 0.4138 0.965265 0.261275 0.393206
0.2069 0.4483 0.999513 0.031217 0.411378
0.2069 0.4828 0.985196 -0.171430 0.449460
0.2069 0.5172 0.943304 -0.331930 0.502950
0.2069 0.5517 0.891729 -0.452569 0.567509
0.2069 0.5862 0.840417 -0.541941 0.639794
0.2069 0.6207 0.793510 -0.608557 0.717473
0.2069 0.6552 0.752152 -0.658989 0.798975
0.2069 0.6897 0.716202 -0.697893 0.883243
0.2069 0.7241 0.685066 -0.728481 0.969555
0.2069 0.7586 0.658059 -0.752967 1.057411
0.2069 0.7931 0.634536 -0.772893 1.146456
0.2069 0.8276 0.0000 0.0000 0.0000
0.2069 0.8621 0.0000 0.0000 0.0000
0.2069 0.8966 0.0000 0.0000 0.0000
0.2069 0.9310 0.0000 0.0000 0.0000
0.2069 0.9655 0.0000 0.0000 0.0000
0.2069 1.0000 0.0000 0.0000 0.0000

0.2414 0.0000 0.000000 1.000000 1.318430
0.2414 0.0345 0.031339 0.999509 1.214152
0.2414 0.0690 0.068479 0.997653 1.111289
0.2414 0.1034 0.112989 0.993596 1.010275
0.2414 0.1379 0.166936 0.985968 0.911723
0.2414 0.1724 0.232998 0.972477 0.816528
0.2414 0.2069 0.314458 0.949271 0.726009
0.2414 0.2414 0.414779 0.909922 0.642148
0.2414 0.2759 0.536008 0.844213 0.567901
0.2414 0.3103 0.674769 0.738029 0.507506
0.2414 0.3448 0.815864 0.578244 0.466376
0.2414 0.3793 0.930468 0.366372 0.449826
0.2414 0.4138 0.991496 0.130134 0.460515
0.2414 0.4483 0.995897 -0.090493 0.496687
0.2414 0.4828 0.962651 -0.270746 0.553367
0.2414 0.5172 0.913199 -0.407515 0.625000
0.2414 0.5517 0.861034 -0.508548 0.707056
0.2414 0.5862 0.812298 -0.583242 0.796320
0.2414 0.6207 0.769009 -0.639238 0.890626
0.2414 0.6552 0.731335 -0.682018 0.988533
0.2414 0.6897 0.698760 -0.715356 1.089070
0.2414 0.7241 0.670584 -0.741834 1.191571
0.2414 0.7586 0.646123 -0.763233 1.295571
0.2414 0.7931 0.0000 0.0000 0.0000
0.2414 0.8276 0.0000 0.0000 0.0000
0.2414 0.8621 0.0000 0.0000 0.0000
0.2414 0.8966 0.0000 0.0000 0.0000
0.2414 0.9310 0.0000 0.0000 0.0000
0.2414 0.9655 0.0000 0.0000 0.0000
0.2414 1.0000 0.0000 0.0000 0.0000

0.2759 0.0000 0.000000 1.000000 1.438288
0.2759 0.0345 0.033711 0.999432 1.319180
0.2759 0.0690 0.074003 0.997258 1.201869
0.2759 0.1034 0.122742 0.992439 1.086935
0.2759 0.1379 0.182404 0.983224 0.975219
0.2759 0.1724 0.256179 0.966629 0.867966
0.2759 0.2069 0.347860 0.937547 0.767049
0.2759 0.2414 0.460965 0.887419 0.675314
0.2759 0.2759 0.595913 0.803049 0.597011
0.2759 0.3103 0.743887 0.668305 0.538036
0.2759 0.3448 0.880259 0.474493 0.505202
0.2759 0.3793 0.971271 0.237978 0.503649
0.2759 0.4138 1.000000 0.000000 0.533650
0.2759 0.4483 0.979178 -0.203005 0.590415
0.2759 0.4828 0.933217 -0.359313 0.667146
0.2759 0.5172 0.880259 -0.474493 0.757803
0.2759 0.5517 0.829311 -0.558787 0.857982
0.2759 0.5862 0.783651 -0.621202 0.964722
0.2759 0.6207 0.743887 -0.668305 1.076071
0.2759 0.6552 0.709599 -0.704606 1.190738
0.2759 0.6897 0.680060 -0.733156 1.307851
0.2759 0.7241 0.654531 -0.756035 1.426806
0.2759 0.7586 0.0000 0.0000 0.0000
0.2759 0.7931 0.0000 0.0000 0.0000
0.2759 0.8276 0.0000 0.0000 0.0000
0.2759 0.8621 0.0000 0.0000 0.0000
0.2759 0.8966 0.0000 0.0000 0.0000
0.2759 0.9310 0.0000 0.0000 0.0000
0.2759 0.9655 0.0000 0.0000 0.0000
0.2759 1.0000 0.0000 0.0000 0.0000

0.3103 0.0000 0.000000 1.000000 1.541023
0.3103 0.0345 0.036168 0.999346 1.407104
0.3103 0.0690 0.079805 0.996811 1.275412
0.3103 0.1034 0.133142 0.991097 1.146713
0.3103 0.1379 0.199158 0.979967 1.022141
0.3103 0.1724 0.281667 0.959512 0.903402
0.3103 0.2069 0.384999 0.922917 0.793122
0.3103 0.2414 0.512331 0.858788 0.695336
0.3103 0.2759 0.660906 0.750468 0.616024
0.3103 0.3103 0.813477 0.581598 0.563048
0.3103 0.3448 0.935247 0.353995 0.544153
0.3103 0.3793 0.994714 0.102683 0.562785
0.3103 0.4138 0.992135 -0.125176 0.615543
0.3103 0.4483 0.952349 -0.305012 0.694697
0.3103 0.4828 0.899178 -0.437584 0.792374
0.3103 0.5172 0.845771 -0.533547 0.902582
0.3103 0.5517 0.797309 -0.603571 1.021271
0.3103 0.5862 0.755066 -0.655649 1.145809
0.3103 0.6207 0.718765 -0.695254 1.274482
0.3103 0.6552 0.687651 -0.726042 1.406156
0.3103 0.6897 0.660906 -0.750468 1.540061
0.3103 0.7241 0.0000 0.0000 0.0000
0.3103 0.7586 0.0000 0.0000 0.0000
0.3103 0.7931 0.0000 0.0000 0.0000
0.3103 0.8276 0.0000 0.0000 0.0000
0.3103 0.8621 0.0000 0.0000 0.0000
0.3103 0.8966 0.0000 0.0000 0.0000
0.3103 0.9310 0.0000 0.0000 0.0000
0.3103 0.9655 0.0000 0.0000 0.0000
0.3103 1.0000 0.0000 0.0000 0.0000

0.3448 0.0000 0.000000 1.000000 1.626635
0.3448 0.0345 0.038779 0.999248 1.477925
0.3448 0.0690 0.086059 0.996290 1.331933
0.3448 0.1034 0.144527 0.989501 1.189660
0.3448 0.1379 0.217792 0.975995 1.052616
0.3448 0.1724 0.310426 0.950598 0.923132
0.3448 0.2069 0.427248 0.904135 0.804864
0.3448 0.2414 0.570282 0.821449 0.703493
0.3448 0.2759 0.730954 0.682426 0.627265
0.3448 0.3103 0.880119 0.474753 0.586074
0.3448 0.3448 0.975804 0.218645 0.587338
0.3448 0.3793 0.999424 -0.033930 0.630803
0.3448 0.4138 0.970379 -0.241588 0.708747
0.3448 0.4483 0.918370 -0.395723 0.811291
0.3448 0.4828 0.862459 -0.506126 0.930337
0.3448 0.5172 0.810768 -0.585368 1.060341
0.3448 0.5517 0.765611 -0.643304 1.197741
0.3448 0.5862 0.726959 -0.686681 1.340263
0.3448 0.6207 0.694029 -0.719947 1.486435
0.3448 0.6552 0.665906 -0.746036 1.635279
0.3448 0.6897 0.0000 0.0000 0.0000
0.3448 0.7241 0.0000 0.0000 0.0000
0.3448 0.7586 0.0000 0.0000 0.0000
0.3448 0.7931 0.0000 0.0000 0.0000
0.3448 0.8276 0.0000 0.0000 0.0000
0.3448 0.8621 0.0000 0.0000 0.0000
0.3448 0.8966 0.0000 0.0000 0.0000
0.3448 0.9310 0.0000 0.0000 0.0000
0.3448 0.9655 0.0000 0.0000 0.0000
0.3448 1.0000 0.0000 0.0000 0.0000

0.3793 0.0000 0.000000 1.000000 1.695125
0.3793 0.0345 0.041611 0.999134 1.531648
0.3793 0.0690 0.092943 0.995671 1.371454
0.3793 0.1034 0.157258 0.987558 1.215842
0.3793 0.1379 0.238967 0.971028 1.066818
0.3793 0.1724 0.343554 0.939133 0.927564
0.3793 0.2069 0.476111 0.879385 0.803177
0.3793 0.2414 0.635874 0.771793 0.701610
0.3793 0.2759 0.804301 0.594222 0.633928
0.3793 0.3103 0.938044 0.346516 0.611488
0.3793 0.3448 0.997282 0.073680 0.639074
0.3793 0.3793 0.986194 -0.165592 0.710884
0.3793 0.4138 0.938044 -0.346516 0.815318
0.3793 0.4483 0.879943 -0.475079 0.941580
0.3793 0.4828 0.824606 -0.565708 1.082058
0.3793 0.5172 0.776043 -0.630680 1.231896
0.3793 0.5517 0.734646 -0.678451 1.388068
0.3793 0.5862 0.699620 -0.714515 1.548658
0.3793 0.6207 0.669931 -0.742423 1.712424
0.3793 0.6552 0.0000 0.0000 0.0000
0.3793 0.6897 0.0000 0.0000 0.0000
0.3793 0.7241 0.0000 0.0000 0.0000
0.3793 0.7586 0.0000 0.0000 0.0000
0.3793 0.7931 0.0000 0.0000 0.0000
0.3793 0.8276 0.0000 0.0000 0.0000
0.3793 0.8621 0.0000 0.0000 0.0000
0.3793 0.8966 0.0000 0.0000 0.0000
0.3793 0.9310 0.0000 0.0000 0.0000
0.3793 0.9655 0.0000 0.0000 0.0000
0.3793 1.0000 0.0000 0.0000 0.0000

0.4138 0.0000 0.000000 1.000000 1.746492
0.4138 0.0345 0.044734 0.998999 1.568276
0.4138 0.0690 0.100652 0.994922 1.394000
0.4138 0.1034 0.171759 0.985139 1.225344
0.4138 0.1379 0.263495 0.964661 1.064984
0.4138 0.1724 0.382405 0.923995 0.917281
0.4138 0.2069 0.533245 0.845961 0.789370
0.4138 0.2414 0.709336 0.704870 0.692312
0.4138 0.2759 0.876529 0.481348 0.640294
0.4138 0.3103 0.979937 0.199309 0.644318
0.4138 0.3448 0.997330 -0.073025 0.703424
0.4138 0.3793 0.957948 -0.286942 0.805576
0.4138 0.4138 0.898651 -0.438664 0.936798
0.4138 0.4483 0.839318 -0.543641 1.086608
0.4138 0.4828 0.786781 -0.617232 1.248333
0.4138 0.5172 0.742167 -0.670215 1.417900
0.4138 0.5517 0.704714 -0.709492 1.592807
0.4138 0.5862 0.673241 -0.739424 1.771474
0.4138 0.6207 0.0000 0.0000 0.0000
0.4138 0.6552 0.0000 0.0000 0.0000
0.4138 0.6897 0.0000 0.0000 0.0000
0.4138 0.7241 0.0000 0.0000 0.0000
0.4138 0.7586 0.0000 0.0000 0.0000
0.4138 0.7931 0.0000 0.0000 0.0000
0.4138 0.8276 0.0000 0.0000 0.0000
0.4138 0.8621 0.0000 0.0000 0.0000
0.4138 0.8966 0.0000 0.0000 0.0000
0.4138 0.9310 0.0000 0.0000 0.0000
0.4138 0.9655 0.0000 0.0000 0.0000
0.4138 1.0000 0.0000 0.0000 0.0000

0.4483 0.0000 0.000000 1.000000 1.780737
0.4483 0.0345 0.048227 0.998836 1.587817
0.4483 0.0690 0.109424 0.993995 1.399605
0.4483 0.1034 0.188565 0.982061 1.218288
0.4483 0.1379 0.292426 0.956288 1.047451
0.4483 0.1724 0.428693 0.903450 0.893128
0.4483 0.2069 0.600298 0.799776 0.765375
0.4483 0.2414 0.789032 0.614353 0.679350
0.4483 0.2759 0.939879 0.341509 0.651791
0.4483 0.3103 0.999186 0.040340 0.689741
0.4483 0.3448 0.977050 -0.213009 0.783742
0.4483 0.3793 0.918863 -0.394577 0.916710
0.4483 0.4138 0.855376 -0.518007 1.074271
0.4483 0.4483 0.798212 -0.602377 1.247140
0.4483 0.4828 0.749809 -0.661655 1.429774
0.4483 0.5172 0.709526 -0.704679 1.618872
0.4483 0.5517 0.676010 -0.736893 1.812412
0.4483 0.5862 0.0000 0.0000 0.0000
0.4483 0.6207 0.0000 0.0000 0.0000
0.4483 0.6552 0.0000 0.0000 0.0000
0.4483 0.6897 0.0000 0.0000 0.0000
0.4483 0.7241 0.0000 0.0000 0.0000
0.4483 0.7586 0.0000 0.0000 0.0000
0.4483 0.7931 0.0000 0.0000 0.0000
0.4483 0.8276 0.0000 0.0000 0.0000
0.4483 0.8621 0.0000 0.0000 0.0000
0.4483 0.8966 0.0000 0.0000 0.0000
0.4483 0.9310 0.0000 0.0000 0.0000
0.4483 0.9655 0.0000 0.0000 0.0000
0.4483 1.0000 0.0000 0.0000 0.0000

0.4828 0.0000 0.000000 1.000000 1.797860
0.4828 0.0345 0.052190 0.998637 1.590277
0.4828 0.0690 0.119564 0.992826 1.388318
0.4828 0.1034 0.208387 0.978046 1.194840
0.4828 0.1379 0.327175 0.944964 1.014704
0.4828 0.1724 0.484582 0.874746 0.856372
0.4828 0.2069 0.678361 0.734729 0.734091
0.4828 0.2414 0.869773 0.493453 0.667962
0.4828 0.2759 0.984095 0.177645 0.674703
0.4828 0.3103 0.992836 -0.119482 0.752358
0.4828 0.3448 0.940578 -0.339578 0.882398
0.4828 0.3793 0.873265 -0.487245 1.045456
0.4828 0.4138 0.810740 -0.585406 1.228454
0.4828 0.4483 0.757840 -0.652441 1.423722
0.4828 0.4828 0.714233 -0.699908 1.626850
0.4828 0.5172 0.0000 0.0000 0.0000
0.4828 0.5517 0.0000 0.0000 0.0000
0.4828 0.5862 0.0000 0.0000 0.0000
0.4828 0.6207 0.0000 0.0000 0.0000
0.4828 0.6552 0.0000 0.0000 0.0000
0.4828 0.6897 0.0000 0.0000 0.0000
0.4828 0.7241 0.0000 0.0000 0.0000
0.4828 0.7586 0.0000 0.0000 0.0000
0.4828 0.7931 0.0000 0.0000 0.0000
0.4828 0.8276 0.0000 0.0000 0.0000
0.4828 0.8621 0.0000 0.0000 0.0000
0.4828 0.8966 0.0000 0.0000 0.0000
0.4828 0.9310 0.0000 0.0000 0.0000
0.4828 0.9655 0.0000 0.0000 0.0000
0.4828 1.0000 0.0000 0.0000 0.0000

0.5172 0.0000 0.000000 1.000000 1.797860
0.5172 0.0345 0.056749 0.998388 1.575666
0.5172 0.0690 0.131477 0.991319 1.360202
0.5172 0.1034 0.232205 0.972667 1.155239
0.5172 0.1379 0.369695 0.929153 0.967472
0.5172 0.1724 0.552663 0.833405 0.808968
0.5172 0.2069 0.766548 0.642187 0.699897
0.5172 0.2414 0.941174 0.337922 0.665043
0.5172 0.2759 1.000000 0.000000 0.715339
0.5172 0.3103 0.963150 -0.268965 0.835546
0.5172 0.3448 0.893475 -0.449114 1.000782
0.5172 0.3793 0.824832 -0.565377 1.192474
0.5172 0.4138 0.766548 -0.642187 1.399793
0.5172 0.4483 0.718993 -0.695017 1.616741
0.5172 0.4828 0.0000 0.0000 0.0000
0.5172 0.5172 0.0000 0.0000 0.0000
0.5172 0.5517 0.0000 0.0000 0.0000
0.5172 0.5862 0.0000 0.0000 0.0000
0.5172 0.6207 0.0000 0.0000 0.0000
0.5172 0.6552 0.0000 0.0000 0.0000
0.5172 0.6897 0.0000 0.0000 0.0000
0.5172 0.7241 0.0000 0.0000 0.0000
0.5172 0.7586 0.0000 0.0000 0.0000
0.5172 0.7931 0.0000 0.0000 0.0000
0.5172 0.8276 0.0000 0.0000 0.0000
0.5172 0.8621 0.0000 0.0000 0.0000
0.5172 0.8966 0.0000 0.0000 0.0000
0.5172 0.9310 0.0000 0.0000 0.0000
0.5172 0.9655 0.0000 0.0000 0.0000
0.5172 1.0000 0.0000 0.0000 0.0000

0.5517 0.0000 0.000000 1.000000 1.780737
0.5517 0.0345 0.062071 0.998072 1.544000
0.5517 0.0690 0.145723 0.989325 1.315349
0.5517 0.1034 0.261415 0.965226 1.099839
0.5517 0.1379 0.422713 0.906264 0.906887
0.5517 0.1724 0.635519 0.772085 0.754016
0.5517 0.2069 0.859181 0.511671 0.669276
0.5517 0.2414 0.988477 0.151373 0.678689
0.5517 0.2759 0.984412 -0.175875 0.778847
0.5517 0.3103 0.916418 -0.400222 0.941213
0.5517 0.3448 0.841056 -0.540947 1.139499
0.5517 0.3793 0.776269 -0.630401 1.358061
0.5517 0.4138 0.723967 -0.689835 1.588552
0.5517 0.4483 0.682137 -0.731224 1.826462
0.5517 0.4828 0.0000 0.0000 0.0000
0.5517 0.5172 0.0000 0.0000 0.0000
0.5517 0.5517 0.0000 0.0000 0.0000
0.5517 0.5862 0.0000 0.0000 0.0000
0.5517 0.6207 0.0000 0.0000 0.0000
0.5517 0.6552 0.0000 0.0000 0.0000
0.5517 0.6897 0.0000 0.0000 0.0000
0.5517 0.7241 0.0000 0.0000 0.0000
0.5517 0.7586 0.0000 0.0000 0.0000
0.5517 0.7931 0.0000 0.0000 0.0000
0.5517 0.8276 0.0000 0.0000 0.0000
0.5517 0.8621 0.0000 0.0000 0.0000
0.5517 0.8966 0.0000 0.0000 0.0000
0.5517 0.9310 0.0000 0.0000 0.0000
0.5517 0.9655 0.0000 0.0000 0.0000
0.5517 1.0000 0.0000 0.0000 0.0000

0.5862 0.0000 0.000000 1.000000 1.746492
0.5862 0.0345 0.068387 0.997659 1.495296
0.5862 0.0690 0.163107 0.986608 1.253890
0.5862 0.1034 0.298078 0.954542 1.029187
0.5862 0.1379 0.489991 0.871728 0.834785
0.5862 0.1724 0.734057 0.679088 0.696535
0.5862 0.2069 0.942138 0.335226 0.651237
0.5862 0.2414 0.998711 -0.050765 0.716739
0.5862 0.2759 0.942138 -0.335226 0.868316
0.5862 0.3103 0.860129 -0.510077 1.069994
0.5862 0.3448 0.787435 -0.616397 1.298636
0.5862 0.3793 0.729335 -0.684157 1.542297
0.5862 0.4138 0.683677 -0.729785 1.794870
0.5862 0.4483 0.0000 0.0000 0.0000
0.5862 0.4828 0.0000 0.0000 0.0000
0.5862 0.5172 0.0000 0.0000 0.0000
0.5862 0.5517 0.0000 0.0000 0.0000
0.5862 0.5862 0.0000 0.0000 0.0000
0.5862 0.6207 0.0000 0.0000 0.0000
0.5862 0.6552 0.0000 0.0000 0.0000
0.5862 0.6897 0.0000 0.0000 0.0000
0.5862 0.7241 0.0000 0.0000 0.0000
0.5862 0.7586 0.0000 0.0000 0.0000
0.5862 0.7931 0.0000 0.0000 0.0000
0.5862 0.8276 0.0000 0.0000 0.0000
0.5862 0.8621 0.0000 0.0000 0.0000
0.5862 0.8966 0.0000 0.0000 0.0000
0.5862 0.9310 0.0000 0.0000 0.0000
0.5862 0.9655 0.0000 0.0000 0.0000
0.5862 1.0000 0.0000 0.0000 0.0000

0.6207 0.0000 0.000000 1.000000 1.695125
0.6207 0.0345 0.076022 0.997106 1.429583
0.6207 0.0690 0.184826 0.982771 1.176028
0.6207 0.1034 0.345320 0.938485 0.944169
0.6207 0.1379 0.576337 0.817212 0.754283
0.6207 0.1724 0.843008 0.537902 0.644598
0.6207 0.2069 0.993091 0.117346 0.656617
0.6207 0.2414 0.969407 -0.245458 0.784769
0.6207 0.2759 0.882941 -0.469485 0.984711
0.6207 0.3103 0.800630 -0.599159 1.221689
0.6207 0.3448 0.735321 -0.677719 1.477995
0.6207 0.3793 0.685037 -0.728508 1.745134
0.6207 0.4138 0.0000 0.0000 0.0000
0.6207 0.4483 0.0000 0.0000 0.0000
0.6207 0.4828 0.0000 0.0000 0.0000
0.6207 0.5172 0.0000 0.0000 0.0000
0.6207 0.5517 0.0000 0.0000 0.0000
0.6207 0.5862 0.0000 0.0000 0.0000
0.6207 0.6207 0.0000 0.0000 0.0000
0.6207 0.6552 0.0000 0.0000 0.0000
0.6207 0.6897 0.0000 0.0000 0.0000
0.6207 0.7241 0.0000 0.0000 0.0000
0.6207 0.7586 0.0000 0.0000 0.0000
0.6207 0.7931 0.0000 0.0000 0.0000
0.6207 0.8276 0.0000 0.0000 0.0000
0.6207 0.8621 0.0000 0.0000 0.0000
0.6207 0.8966 0.0000 0.0000 0.0000
0.6207 0.9310 0.0000 0.0000 0.0000
0.6207 0.9655 0.0000 0.0000 0.0000
0.6207 1.0000 0.0000 0.0000 0.0000

0.6552 0.0000 0.000000 1.000000 1.626635
0.6552 0.0345 0.085456 0.996342 1.346901
0.6552 0.0690 0.212740 0.977109 1.082083
0.6552 0.1034 0.408015 0.912975 0.846301
0.6552 0.1379 0.686249 0.727367 0.670900
0.6552 0.1724 0.942882 0.333126 0.610368
0.6552 0.2069 0.993137 -0.116960 0.695379
0.6552 0.2414 0.910468 -0.413580 0.884938
0.6552 0.2759 0.816687 -0.577081 1.127492
0.6552 0.3103 0.742226 -0.670150 1.395680
0.6552 0.3448 0.686249 -0.727367 1.677250
0.6552 0.3793 0.0000 0.0000 0.0000
0.6552 0.4138 0.0000 0.0000 0.0000
0.6552 0.4483 0.0000 0.0000 0.0000
0.6552 0.4828 0.0000 0.0000 0.0000
0.6552 0.5172 0.0000 0.0000 0.0000
0.6552 0.5517 0.0000 0.0000 0.0000
0.6552 0.5862 0.0000 0.0000 0.0000
0.6552 0.6207 0.0000 0.0000 0.0000
0.6552 0.6552 0.0000 0.0000 0.0000
0.6552 0.6897 0.0000 0.0000 0.0000
0.6552 0.7241 0.0000 0.0000 0.0000
0.6552 0.7586 0.0000 0.0000 0.0000
0.6552 0.7931 0.0000 0.0000 0.0000
0.6552 0.8276 0.0000 0.0000 0.0000
0.6552 0.8621 0.0000 0.0000 0.0000
0.6552 0.8966 0.0000 0.0000 0.0000
0.6552 0.9310 0.0000 0.0000 0.0000
0.6552 0.9655 0.0000 0.0000 0.0000
0.6552 1.0000 0.0000 0.0000 0.0000

0.6897 0.0000 0.000000 1.000000 1.541023
0.6897 0.0345 0.097427 0.995243 1.247313
0.6897 0.0690 0.249893 0.968274 0.972593
0.6897 0.1034 0.493744 0.869607 0.738371
0.6897 0.1379 0.817500 0.575929 0.594603
0.6897 0.1724 0.997528 0.070276 0.609116
0.6897 0.2069 0.943195 -0.332241 0.773045
0.6897 0.2414 0.836842 -0.547445 1.016505
0.6897 0.2759 0.750480 -0.660893 1.295405
0.6897 0.3103 0.0000 0.0000 0.0000
0.6897 0.3448 0.0000 0.0000 0.0000
0.6897 0.3793 0.0000 0.0000 0.0000
0.6897 0.4138 0.0000 0.0000 0.0000
0.6897 0.4483 0.0000 0.0000 0.0000
0.6897 0.4828 0.0000 0.0000 0.0000
0.6897 0.5172 0.0000 0.0000 0.0000
0.6897 0.5517 0.0000 0.0000 0.0000
0.6897 0.5862 0.0000 0.0000 0.0000
0.6897 0.6207 0.0000 0.0000 0.0000
0.6897 0.6552 0.0000 0.0000 0.0000
0.6897 0.6897 0.0000 0.0000 0.0000
0.6897 0.7241 0.0000 0.0000 0.0000
0.6897 0.7586 0.0000 0.0000 0.0000
0.6897 0.7931 0.0000 0.0000 0.0000
0.6897 0.8276 0.0000 0.0000 0.0000
0.6897 0.8621 0.0000 0.0000 0.0000
0.6897 0.8966 0.0000 0.0000 0.0000
0.6897 0.9310 0.0000 0.0000 0.0000
0.6897 0.9655 0.0000 0.0000 0.0000
0.6897 1.0000 0.0000 0.0000 0.0000

0.7241 0.0000 0.000000 1.000000 1.438288
0.7241 0.0345 0.113131 0.993580 1.130923
0.7241 0.0690 0.301561 0.953447 0.848539
0.7241 0.1034 0.613230 0.789904 0.625913
0.7241 0.1379 0.943475 0.331444 0.542433
0.7241 0.1724 0.978500 -0.206249 0.653771
0.7241 0.2069 0.862963 -0.505267 0.889560
0.7241 0.2414 0.760752 -0.649043 1.177257
0.7241 0.2759 0.688312 -0.725415 1.487034
0.7241 0.3103 0.0000 0.0000 0.0000
0.7241 0.3448 0.0000 0.0000 0.0000
0.7241 0.3793 0.0000 0.0000 0.0000
0.7241 0.4138 0.0000 0.0000 0.0000
0.7241 0.4483 0.0000 0.0000 0.0000
0.7241 0.4828 0.0000 0.0000 0.0000
0.7241 0.5172 0.0000 0.0000 0.0000
0.7241 0.5517 0.0000 0.0000 0.0000
0.7241 0.5862 0.0000 0.0000 0.0000
0.7241 0.6207 0.0000 0.0000 0.0000
0.7241 0.6552 0.0000 0.0000 0.0000
0.7241 0.6897 0.0000 0.0000 0.0000
0.7241 0.7241 0.0000 0.0000 0.0000
0.7241 0.7586 0.0000 0.0000 0.0000
0.7241 0.7931 0.0000 0.0000 0.0000
0.7241 0.8276 0.0000 0.0000 0.0000
0.7241 0.8621 0.0000 0.0000 0.0000
0.7241 0.8966 0.0000 0.0000 0.0000
0.7241 0.9310 0.0000 0.0000 0.0000
0.7241 0.9655 0.0000 0.0000 0.0000
0.7241 1.0000 0.0000 0.0000 0.0000

0.7586 0.0000 0.000000 1.000000 1.318430
0.7586 0.0345 0.134645 0.990894 0.997910
0.7586 0.0690 0.377488 0.926015 0.711884
0.7586 0.1034 0.774140 0.633014 0.520696
0.7586 0.1379 1.000000 0.000000 0.537455
0.7586 0.1724 0.897770 -0.440464 0.748320
0.7586 0.2069 0.774140 -0.633014 1.041391
0.7586 0.2414 0.689198 -0.724573 1.364698
0.7586 0.2759 0.0000 0.0000 0.0000
0.7586 0.3103 0.0000 0.0000 0.0000
0.7586 0.3448 0.0000 0.0000 0.0000
0.7586 0.3793 0.0000 0.0000 0.0000
0.7586 0.4138 0.0000 0.0000 0.0000
0.7586 0.4483 0.0000 0.0000 0.0000
0.7586 0.4828 0.0000 0.0000 0.0000
0.7586 0.5172 0.0000 0.0000 0.0000
0.7586 0.5517 0.0000 0.0000 0.0000
0.7586 0.5862 0.0000 0.0000 0.0000
0.7586 0.6207 0.0000 0.0000 0.0000
0.7586 0.6552 0.0000 0.0000 0.0000
0.7586 0.6897 0.0000 0.0000 0.0000
0.7586 0.7241 0.0000 0.0000 0.0000
0.7586 0.7586 0.0000 0.0000 0.0000
0.7586 0.7931 0.0000 0.0000 0.0000
0.7586 0.8276 0.0000 0.0000 0.0000
0.7586 0.8621 0.0000 0.0000 0.0000
0.7586 0.8966 0.0000 0.0000 0.0000
0.7586 0.9310 0.0000 0.0000 0.0000
0.7586 0.9655 0.0000 0.0000 0.0000
0.7586 1.0000 0.0000 0.0000 0.0000

0.7931 0.0000 0.000000 1.000000 1.181451
0.7931 0.0345 0.165898 0.986143 0.848620
0.7931 0.0690 0.496500 0.868037 0.567109
0.7931 0.1034 0.943958 0.330066 0.447429
0.7931 0.1379 0.943958 -0.330066 0.596572
0.7931 0.1724 0.792614 -0.609724 0.888104
0.7931 0.2069 0.0000 0.0000 0.0000
0.7931 0.2414 0.0000 0.0000 0.0000
0.7931 0.2759 0.0000 0.0000 0.0000
0.7931 0.3103 0.0000 0.0000 0.0000
0.7931 0.3448 0.0000 0.0000 0.0000
0.7931 0.3793 0.0000 0.0000 0.0000
0.7931 0.4138 0.0000 0.0000 0.0000
0.7931 0.4483 0.0000 0.0000 0.0000
0.7931 0.4828 0.0000 0.0000 0.0000
0.7931 0.5172 0.0000 0.0000 0.0000
0.7931 0.5517 0.0000 0.0000 0.0000
0.7931 0.5862 0.0000 0.0000 0.0000
0.7931 0.6207 0.0000 0.0000 0.0000
0.7931 0.6552 0.0000 0.0000 0.0000
0.7931 0.6897 0.0000 0.0000 0.0000
0.7931 0.7241 0.0000 0.0000 0.0000
0.7931 0.7586 0.0000 0.0000 0.0000
0.7931 0.7931 0.0000 0.0000 0.0000
0.7931 0.8276 0.0000 0.0000 0.0000
0.7931 0.8621 0.0000 0.0000 0.0000
0.7931 0.8966 0.0000 0.0000 0.0000
0.7931 0.9310 0.0000 0.0000 0.0000
0.7931 0.9655 0.0000 0.0000 0.0000
0.7931 1.0000 0.0000 0.0000 0.0000

0.8276 0.0000 0.000000 1.000000 1.027348
0.8276 0.0345 0.215273 0.976554 0.683809
0.8276 0.0690 0.690741 0.723102 0.426225
0.8276 0.1034 0.993303 -0.115538 0.444595
0.8276 0.1379 0.820040 -0.572306 0.718041
0.8276 0.1724 0.690741 -0.723102 1.065564
0.8276 0.2069 0.0000 0.0000 0.0000
0.8276 0.2414 0.0000 0.0000 0.0000
0.8276 0.2759 0.0000 0.0000 0.0000
0.8276 0.3103 0.0000 0.0000 0.0000
0.8276 0.3448 0.0000 0.0000 0.0000
0.8276 0.3793 0.0000 0.0000 0.0000
0.8276 0.4138 0.0000 0.0000 0.0000
0.8276 0.4483 0.0000 0.0000 0.0000
0.8276 0.4828 0.0000 0.0000 0.0000
0.8276 0.5172 0.0000 0.0000 0.0000
0.8276 0.5517 0.0000 0.0000 0.0000
0.8276 0.5862 0.0000 0.0000 0.0000
0.8276 0.6207 0.0000 0.0000 0.0000
0.8276 0.6552 0.0000 0.0000 0.0000
0.8276 0.6897 0.0000 0.0000 0.0000
0.8276 0.7241 0.0000 0.0000 0.0000
0.8276 0.7586 0.0000 0.0000 0.0000
0.8276 0.7931 0.0000 0.0000 0.0000
0.8276 0.8276 0.0000 0.0000 0.0000
0.8276 0.8621 0.0000 0.0000 0.0000
0.8276 0.8966 0.0000 0.0000 0.0000
0.8276 0.9310 0.0000 0.0000 0.0000
0.8276 0.9655 0.0000 0.0000 0.0000
0.8276 1.0000 0.0000 0.0000 0.0000

0.8621 0.0000 0.000000 1.000000 0.856124
0.8621 0.0345 0.303922 0.952697 0.505480
0.8621 0.0690 0.944359 0.328917 0.325357
0.8621 0.1034 0.864845 -0.502039 0.532905
0.8621 0.1379 0.691417 -0.722456 0.888764
0.8621 0.1724 0.0000 0.0000 0.0000
0.8621 0.2069 0.0000 0.0000 0.0000
0.8621 0.2414 0.0000 0.0000 0.0000
0.8621 0.2759 0.0000 0.0000 0.0000
0.8621 0.3103 0.0000 0.0000 0.0000
0.8621 0.3448 0.0000 0.0000 0.0000
0.8621 0.3793 0.0000 0.0000 0.0000
0.8621 0.4138 0.0000 0.0000 0.0000
0.8621 0.4483 0.0000 0.0000 0.0000
0.8621 0.4828 0.0000 0.0000 0.0000
0.8621 0.5172 0.0000 0.0000 0.0000
0.8621 0.5517 0.0000 0.0000 0.0000
0.8621 0.5862 0.0000 0.0000 0.0000
0.8621 0.6207 0.0000 0.0000 0.0000
0.8621 0.6552 0.0000 0.0000 0.0000
0.8621 0.6897 0.0000 0.0000 0.0000
0.8621 0.7241 0.0000 0.0000 0.0000
0.8621 0.7586 0.0000 0.0000 0.0000
0.8621 0.7931 0.0000 0.0000 0.0000
0.8621 0.8276 0.0000 0.0000 0.0000
0.8621 0.8621 0.0000 0.0000 0.0000
0.8621 0.8966 0.0000 0.0000 0.0000
0.8621 0.9310 0.0000 0.0000 0.0000
0.8621 0.9655 0.0000 0.0000 0.0000
0.8621 1.0000 0.0000 0.0000 0.0000

0.8966 0.0000 0.000000 1.000000 0.667776
0.8966 0.0345 0.498610 0.866826 0.320987
0.8966 0.0690 0.944535 -0.328412 0.338892
0.8966 0.1034 0.0000 0.0000 0.0000
0.8966 0.1379 0.0000 0.0000 0.0000
0.8966 0.1724 0.0000 0.0000 0.0000
0.8966 0.2069 0.0000 0.0000 0.0000
0.8966 0.2414 0.0000 0.0000 0.0000
0.8966 0.2759 0.0000 0.0000 0.0000
0.8966 0.3103 0.0000 0.0000 0.0000
0.8966 0.3448 0.0000 0.0000 0.0000
0.8966 0.3793 0.0000 0.0000 0.0000
0.8966 0.4138 0.0000 0.0000 0.0000
0.8966 0.4483 0.0000 0.0000 0.0000
0.8966 0.4828 0.0000 0.0000 0.0000
0.8966 0.5172 0.0000 0.0000 0.0000
0.8966 0.5517 0.0000 0.0000 0.0000
0.8966 0.5862 0.0000 0.0000 0.0000
0.8966 0.6207 0.0000 0.0000 0.0000
0.8966 0.6552 0.0000 0.0000 0.0000
0.8966 0.6897 0.0000 0.0000 0.0000
0.8966 0.7241 0.0000 0.0000 0.0000
0.8966 0.7586 0.0000 0.0000 0.0000
0.8966 0.7931 0.0000 0.0000 0.0000
0.8966 0.8276 0.0000 0.0000 0.0000
0.8966 0.8621 0.0000 0.0000 0.0000
0.8966 0.8966 0.0000 0.0000 0.0000
0.8966 0.9310 0.0000 0.0000 0.0000
0.8966 0.9655 0.0000 0.0000 0.0000
0.8966 1.0000 0.0000 0.0000 0.0000

0.9310 0.0000 0.000000 1.000000 0.462307
0.9310 0.0345 0.944697 0.327945 0.176214
0.9310 0.0690 0.692614 -0.721308 0.480696
0.9310 0.1034 0.0000 0.0000 0.0000
0.9310 0.1379 0.0000 0.0000 0.0000
0.9310 0.1724 0.0000 0.0000 0.0000
0.9310 0.2069 0.0000 0.0000 0.0000
0.9310 0.2414 0.0000 0.0000 0.0000
0.9310 0.2759 0.0000 0.0000 0.0000
0.9310 0.3103 0.0000 0.0000 0.0000
0.9310 0.3448 0.0000 0.0000 0.0000
0.9310 0.3793 0.0000 0.0000 0.0000
0.9310 0.4138 0.0000 0.0000 0.0000
0.9310 0.4483 0.0000 0.0000 0.0000
0.9310 0.4828 0.0000 0.0000 0.0000
0.9310 0.5172 0.0000 0.0000 0.0000
0.9310 0.5517 0.0000 0.0000 0.0000
0.9310 0.5862 0.0000 0.0000 0.0000
0.9310 0.6207 0.0000 0.0000 0.0000
0.9310 0.6552 0.0000 0.0000 0.0000
0.9310 0.6897 0.0000 0.0000 0.0000
0.9310 0.7241 0.0000 0.0000 0.0000
0.9310 0.7586 0.0000 0.0000 0.0000
0.9310 0.7931 0.0000 0.0000 0.0000
0.9310 0.8276 0.0000 0.0000 0.0000
0.9310 0.8621 0.0000 0.0000 0.0000
0.9310 0.8966 0.0000 0.0000 0.0000
0.9310 0.9310 0.0000 0.0000 0.0000
0.9310 0.9655 0.0000 0.0000 0.0000
0.9310 1.0000 0.0000 0.0000 0.0000

0.9655 0.0000 0.000000 1.000000 0.239715
0.9655 0.0345 0.0000 0.0000 0.0000
0.9655 0.0690 0.0000 0.0000 0.0000
0.9655 0.1034 0.0000 0.0000 0.0000
0.9655 0.1379 0.0000 0.0000 0.0000
0.9655 0.1724 0.0000 0.0000 0.0000
0.9655 0.2069 0.0000 0.0000 0.0000
0.9655 0.2414 0.0000 0.0000 0.0000
0.9655 0.2759 0.0000 0.0000 0.0000
0.9655 0.3103 0.0000 0.0000 0.0000
0.9655 0.3448 0.0000 0.0000 0.0000
0.9655 0.3793 0.0000 0.0000 0.0000
0.9655 0.4138 0.0000 0.0000 0.0000
0.9655 0.4483 0.0000 0.0000 0.0000
0.9655 0.4828 0.0000 0.0000 0.0000
0.9655 0.5172 0.0000 0.0000 0.0000
0.9655 0.5517 0.0000 0.0000 0.0000
0.9655 0.5862 0.0000 0.0000 0.0000
0.9655 0.6207 0.0000 0.0000 0.0000
0.9655 0.6552 0.0000 0.0000 0.0000
0.9655 0.6897 0.0000 0.0000 0.0000
0.9655 0.7241 0.0000 0.0000 0.0000
0.9655 0.7586 0.0000 0.0000 0.0000
0.9655 0.7931 0.0000 0.0000 0.0000
0.9655 0.8276 0.0000 0.0000 0.0000
0.9655 0.8621 0.0000 0.0000 0.0000
0.9655 0.8966 0.0000 0.0000 0.0000
0.9655 0.9310 0.0000 0.0000 0.0000
0.9655 0.9655 0.0000 0.0000 0.0000
0.9655 1.0000 0.0000 0.0000 0.0000

1.0000 0.0000 0.000000 0.000000 0.000000
1.0000 0.0345 0.0000 0.0000 0.0000
1.0000 0.0690 0.0000 0.0000 0.0000
1.0000 0.1034 0.0000 0.0000 0.0000
1.0000 0.1379 0.0000 0.0000 0.0000
1.0000 0.1724 0.0000 0.0000 0.0000
1.0000 0.2069 0.0000 0.0000 0.0000
1.0000 0.2414 0.0000 0.0000 0.0000
1.0000 0.2759 0.0000 0.0000 0.0000
1.0000 0.3103 0.0000 0.0000 0.0000
1.0000 0.3448 0.0000 0.0000 0.0000
1.0000 0.3793 0.0000 0.0000 0.0000
1.0000 0.4138 0.0000 0.0000 0.0000
1.0000 0.4483 0.0000 0.0000 0.0000
1.0000 0.4828 0.0000 0.0000 0.0000
1.0000 0.5172 0.0000 0.0000 0.0000
1.0000 0.5517 0.0000 0.0000 0.0000
1.0000 0.5862 0.0000 0.0000 0.0000
1.0000 0.6207 0.0000 0.0000 0.0000
1.0000 0.6552 0.0000 0.0000 0.0000
1.0000 0.6897 0.0000 0.0000 0.0000
1.0000 0.7241 0.0000 0.0000 0.0000
1.0000 0.7586 0.0000 0.0000 0.0000
1.0000 0.7931 0.0000 0.0000 0.0000
1.0000 0.8276 0.0000 0.0000 0.0000
1.0000 0.8621 0.0000 0.0000 0.0000
1.0000 0.8966 0.0000 0.0000 0.0000
1.0000 0.9310 0.0000 0.0000 0.0000
1.0000 0.9655 0.0000 0.0000 0.0000
1.0000 1.0000 0.0000 0.0000 0.0000

