0.0000 0.0000 0.000000 0.000000 0.000000
0.0000 0.0345 -1.000000 0.000000 0.006897
0.0000 0.0690 -1.000000 0.000000 0.013793
0.0000 0.1034 -1.000000 0.000000 0.020690
0.0000 0.1379 -1.000000 0.000000 0.027586
0.0000 0.1724 -1.000000 0.000000 0.034483
0.0000 0.2069 -1.000000 0.000000 0.041379
0.0000 0.2414 -1.000000 0.000000 0.048276
0.0000 0.2759 -1.000000 0.000000 0.055172
0.0000 0.3103 -1.000000 0.000000 0.062069
0.0000 0.3448 -1.000000 0.000000 0.068966
0.0000 0.3793 -1.000000 0.000000 0.075862
0.0000 0.4138 -1.000000 0.000000 0.082759
0.0000 0.4483 -1.000000 0.000000 0.089655
0.0000 0.4828 -1.000000 0.000000 0.096552
0.0000 0.5172 -1.000000 0.000000 0.103448
0.0000 0.5517 -1.000000 0.000000 0.110345
0.0000 0.5862 -1.000000 -0.000000 0.117241
0.0000 0.6207 -1.000000 -0.000000 0.124138
0.0000 0.6552 -1.000000 -0.000000 0.131034
0.0000 0.6897 -1.000000 -0.000000 0.137931
0.0000 0.7241 -1.000000 -0.000000 0.144828
0.0000 0.7586 -1.000000 -0.000000 0.151724
0.0000 0.7931 -1.000000 -0.000000 0.158621
0.0000 0.8276 -1.000000 -0.000000 0.165517
0.0000 0.8621 -1.000000 -0.000000 0.172414
0.0000 0.8966 -1.000000 -0.000000 0.179310
0.0000 0.9310 -1.000000 -0.000000 0.186207
0.0000 0.9655 -1.000000 -0.000000 0.193103
0.0000 1.0000 -1.000000 -0.000000 0.200000

0.0345 0.0000 0.000000 1.000000 0.279667
0.0345 0.0345 0.002268 0.999997 0.262189
0.0345 0.0690 0.004859 0.999988 0.244712
0.0345 0.1034 0.007849 0.999969 0.227236
0.0345 0.1379 0.011337 0.999936 0.209764
0.0345 0.1724 0.015459 0.999881 0.192294
0.0345 0.2069 0.020404 0.999792 0.174828
0.0345 0.2414 0.026446 0.999650 0.157368
0.0345 0.2759 0.033994 0.999422 0.139914
0.0345 0.3103 0.043690 0.999045 0.122471
0.0345 0.3448 0.056598 0.998397 0.105044
0.0345 0.3793 0.074621 0.997212 0.087640
0.0345 0.4138 0.101514 0.994834 0.070280
0.0345 0.4483 0.145817 0.989312 0.053004
0.0345 0.4828 0.231620 0.972806 0.035936
0.0345 0.5172 0.454470 0.890762 0.019623
0.0345 0.5517 1.000000 0.000000 0.009512
0.0345 0.5862 0.500572 -0.865695 0.020191
0.0345 0.6207 0.292714 -0.956200 0.036560
0.0345 0.6552 0.210589 -0.977575 0.053640
0.0345 0.6897 0.167661 -0.985845 0.070921
0.0345 0.7241 0.141421 -0.989950 0.088283
0.0345 0.7586 0.123758 -0.992312 0.105688
0.0345 0.7931 0.111067 -0.993813 0.123116
0.0345 0.8276 0.101514 -0.994834 0.140560
0.0345 0.8621 0.094063 -0.995566 0.158013
0.0345 0.8966 0.088092 -0.996112 0.175474
0.0345 0.9310 0.083198 -0.996533 0.192940
0.0345 0.9655 0.079116 -0.996865 0.210410
0.0345 1.0000 0.0000 0.0000 0.0000

0.0690 0.0000 0.000000 1.000000 0.539358
0.0690 0.0345 0.016028 0.999872 0.504464
0.0690 0.0690 0.034427 0.999407 0.469720
0.0690 0.1034 0.055742 0.998445 0.435159
0.0690 0.1379 0.080688 0.996739 0.400831
0.0690 0.1724 0.110218 0.993907 0.366801
0.0690 0.2069 0.145617 0.989341 0.333159
0.0690 0.2414 0.188642 0.982046 0.300036
0.0690 0.2759 0.241699 0.970351 0.267626
0.0690 0.3103 0.308062 0.951366 0.236221
0.0690 0.3448 0.391970 0.919978 0.206281
0.0690 0.3793 0.498146 0.867093 0.178546
0.0690 0.4138 0.629198 0.777245 0.154208
0.0690 0.4483 0.777941 0.628337 0.135117
0.0690 0.4828 0.914918 0.403640 0.123725
0.0690 0.5172 0.992456 0.122598 0.122206
0.0690 0.5517 0.988288 -0.152603 0.130903
0.0690 0.5862 0.928587 -0.371114 0.148026
0.0690 0.6207 0.850798 -0.525493 0.171064
0.0690 0.6552 0.776040 -0.630683 0.197962
0.0690 0.6897 0.711278 -0.702910 0.227354
0.0690 0.7241 0.657135 -0.753773 0.258391
0.0690 0.7586 0.612239 -0.790673 0.290546
0.0690 0.7931 0.574892 -0.818229 0.323485
0.0690 0.8276 0.543583 -0.839356 0.356992
0.0690 0.8621 0.517088 -0.855932 0.390921
0.0690 0.8966 0.494451 -0.869205 0.425170
0.0690 0.9310 0.474933 -0.880022 0.459668
0.0690 0.9655 0.0000 0.0000 0.0000
0.0690 1.0000 0.0000 0.0000 0.0000

0.1034 0.0000 0.000000 1.000000 0.779073
0.1034 0.0345 0.021432 0.999770 0.726802
0.1034 0.0690 0.046159 0.998934 0.674917
0.1034 0.1034 0.074946 0.997188 0.623513
0.1034 0.1379 0.108791 0.994065 0.572721
0.1034 0.1724 0.148997 0.988838 0.522719
0.1034 0.2069 0.197274 0.980348 0.473757
0.1034 0.2414 0.255839 0.966719 0.426193
0.1034 0.2759 0.327454 0.944867 0.380553
0.1034 0.3103 0.415235 0.909714 0.337616
0.1034 0.3448 0.521740 0.853105 0.298553
0.1034 0.3793 0.646385 0.763012 0.265080
0.1034 0.4138 0.780287 0.625421 0.239553
0.1034 0.4483 0.901201 0.433402 0.224697
0.1034 0.4828 0.979414 0.201864 0.222657
0.1034 0.5172 0.999486 -0.032045 0.233770
0.1034 0.5517 0.972286 -0.233794 0.256331
0.1034 0.5862 0.920550 -0.390624 0.287658
0.1034 0.6207 0.862103 -0.506733 0.325228
0.1034 0.6552 0.806137 -0.591729 0.367130
0.1034 0.6897 0.756070 -0.654491 0.412044
0.1034 0.7241 0.712525 -0.701647 0.459086
0.1034 0.7586 0.675024 -0.737795 0.507667
0.1034 0.7931 0.642762 -0.766066 0.557382
0.1034 0.8276 0.614915 -0.788593 0.607955
0.1034 0.8621 0.590754 -0.806852 0.659188
0.1034 0.8966 0.569662 -0.821879 0.710937
0.1034 0.9310 0.0000 0.0000 0.0000
0.1034 0.9655 0.0000 0.0000 0.0000
0.1034 1.0000 0.0000 0.0000 0.0000

0.1379 0.0000 0.000000 1.000000 0.998811
0.1379 0.0345 0.024826 0.999692 0.929181
0.1379 0.0690 0.053633 0.998561 0.860215
0.1379 0.1034 0.087368 0.996176 0.792089
0.1379 0.1379 0.127264 0.991869 0.725039
0.1379 0.1724 0.174917 0.984583 0.659393
0.1379 0.2069 0.232376 0.972626 0.595615
0.1379 0.2414 0.302175 0.953253 0.534374
0.1379 0.2759 0.387165 0.922011 0.476650
0.1379 0.3103 0.489782 0.871845 0.423883
0.1379 0.3448 0.610015 0.792390 0.378151
0.1379 0.3793 0.741322 0.671150 0.342288
0.1379 0.4138 0.866037 0.499980 0.319632
0.1379 0.4483 0.957889 0.287139 0.313065
0.1379 0.4828 0.998092 0.061738 0.323566
0.1379 0.5172 0.989744 -0.142850 0.349602
0.1379 0.5517 0.951106 -0.308864 0.388058
0.1379 0.5862 0.900139 -0.435604 0.435658
0.1379 0.6207 0.847835 -0.530261 0.489742
0.1379 0.6552 0.799219 -0.601040 0.548395
0.1379 0.6897 0.755946 -0.654634 0.610302
0.1379 0.7241 0.718125 -0.695915 0.674567
0.1379 0.7586 0.685265 -0.728294 0.740577
0.1379 0.7931 0.656711 -0.754143 0.807904
0.1379 0.8276 0.631818 -0.775117 0.876244
0.1379 0.8621 0.610015 -0.792390 0.945378
0.1379 0.8966 0.0000 0.0000 0.0000
0.1379 0.9310 0.0000 0.0000 0.0000
0.1379 0.9655 0.0000 0.0000 0.0000
0.1379 1.0000 0.0000 0.0000 0.0000

0.1724 0.0000 0.000000 1.000000 1.198573
0.1724 0.0345 0.027491 0.999622 1.111597
0.1724 0.0690 0.059592 0.998223 1.025604
0.1724 0.1034 0.097439 0.995242 0.940862
0.1724 0.1379 0.142508 0.989794 0.857744
0.1724 0.1724 0.196705 0.980463 0.776769
0.1724 0.2069 0.262426 0.964952 0.698685
0.1724 0.2414 0.342492 0.939521 0.624575
0.1724 0.2759 0.439670 0.898159 0.556032
0.1724 0.3103 0.555199 0.831718 0.495372
0.1724 0.3448 0.685448 0.728122 0.445823
0.1724 0.3793 0.817040 0.576581 0.411421
0.1724 0.4138 0.925719 0.378212 0.396131
0.1724 0.4483 0.987878 0.155234 0.402140
0.1724 0.4828 0.998301 -0.058267 0.428552
0.1724 0.5172 0.971244 -0.238087 0.471954
0.1724 0.5517 0.925719 -0.378212 0.528175
0.1724 0.5862 0.875195 -0.483771 0.593583
0.1724 0.6207 0.826567 -0.562838 0.665474
0.1724 0.6552 0.782539 -0.622602 0.741967
0.1724 0.6897 0.743726 -0.668485 0.821778
0.1724 0.7241 0.709863 -0.704339 0.904027
0.1724 0.7586 0.680386 -0.732853 0.988107
0.1724 0.7931 0.654678 -0.755908 1.073588
0.1724 0.8276 0.632166 -0.774833 1.160159
0.1724 0.8621 0.0000 0.0000 0.0000
0.1724 0.8966 0.0000 0.0000 0.0000
0.1724 0.9310 0.0000 0.0000 0.0000
0.1724 0.9655 0.0000 0.0000 0.0000
0.1724 1.0000 0.0000 0.0000 0.0000

0.2069 0.0000 0.000000 1.000000 1.378359
0.2069 0.0345 0.029865 0.999554 1.274052
0.2069 0.0690 0.064982 0.997886 1.171084
0.2069 0.1034 0.106698 0.994291 1.069841
0.2069 0.1379 0.156768 0.987636 0.970863
0.2069 0.1724 0.217448 0.976072 0.874919
0.2069 0.2069 0.291524 0.956563 0.783124
0.2069 0.2414 0.382071 0.924133 0.697121
0.2069 0.2759 0.491500 0.870877 0.619327
0.2069 0.3103 0.619017 0.785378 0.553215
0.2069 0.3448 0.755845 0.654751 0.503409
0.2069 0.3793 0.881033 0.473055 0.475067
0.2069 0.4138 0.967231 0.253898 0.472068
0.2069 0.4483 0.999542 0.030275 0.494876
0.2069 0.4828 0.986059 -0.166397 0.540231
0.2069 0.5172 0.946412 -0.322963 0.603066
0.2069 0.5517 0.897213 -0.441597 0.678544
0.2069 0.5862 0.847858 -0.530223 0.762921
0.2069 0.6207 0.802401 -0.596786 0.853562
0.2069 0.6552 0.762063 -0.647503 0.948673
0.2069 0.6897 0.726812 -0.686837 1.047037
0.2069 0.7241 0.696146 -0.717900 1.147818
0.2069 0.7586 0.669448 -0.742859 1.250431
0.2069 0.7931 0.646123 -0.763233 1.354461
0.2069 0.8276 0.0000 0.0000 0.0000
0.2069 0.8621 0.0000 0.0000 0.0000
0.2069 0.8966 0.0000 0.0000 0.0000
0.2069 0.9310 0.0000 0.0000 0.0000
0.2069 0.9655 0.0000 0.0000 0.0000
0.2069 1.0000 0.0000 0.0000 0.0000

0.2414 0.0000 0.000000 1.000000 1.538169
0.2414 0.0345 0.032149 0.999483 1.416547
0.2414 0.0690 0.070243 0.997530 1.296663
0.2414 0.1034 0.115876 0.993264 1.179048
0.2414 0.1379 0.171134 0.985248 1.064454
0.2414 0.1724 0.238692 0.971095 0.953971
0.2414 0.2069 0.321767 0.946819 0.849204
0.2414 0.2414 0.423612 0.905844 0.752545
0.2414 0.2759 0.545790 0.837922 0.667525
0.2414 0.3103 0.684119 0.729370 0.599119
0.2414 0.3448 0.822749 0.568405 0.553523
0.2414 0.3793 0.933597 0.358326 0.536582
0.2414 0.4138 0.991915 0.126903 0.550947
0.2414 0.4483 0.996100 -0.088227 0.594351
0.2414 0.4828 0.964414 -0.264396 0.661100
0.2414 0.5172 0.917002 -0.398884 0.744945
0.2414 0.5517 0.866637 -0.498939 0.840786
0.2414 0.5862 0.819273 -0.573403 0.944981
0.2414 0.6207 0.776961 -0.629548 1.055057
0.2414 0.6552 0.739963 -0.672647 1.169355
0.2414 0.6897 0.707846 -0.706367 1.286750
0.2414 0.7241 0.679974 -0.733236 1.406467
0.2414 0.7586 0.655712 -0.755011 1.527960
0.2414 0.7931 0.0000 0.0000 0.0000
0.2414 0.8276 0.0000 0.0000 0.0000
0.2414 0.8621 0.0000 0.0000 0.0000
0.2414 0.8966 0.0000 0.0000 0.0000
0.2414 0.9310 0.0000 0.0000 0.0000
0.2414 0.9655 0.0000 0.0000 0.0000
0.2414 1.0000 0.0000 0.0000 0.0000

0.2759 0.0000 0.000000 1.000000 1.678002
0.2759 0.0345 0.034457 0.999406 1.539083
0.2759 0.0690 0.075633 0.997136 1.402352
0.2759 0.1034 0.125419 0.992104 1.268518
0.2759 0.1379 0.186306 0.982492 1.138603
0.2759 0.1724 0.261470 0.965212 1.014114
0.2759 0.2069 0.354606 0.935016 0.897312
0.2759 0.2414 0.468950 0.883225 0.791608
0.2759 0.2759 0.604327 0.796736 0.702032
0.2759 0.3103 0.751114 0.660172 0.635441
0.2759 0.3448 0.884539 0.466466 0.599545
0.2759 0.3793 0.972452 0.233103 0.599879
0.2759 0.4138 1.000000 0.000000 0.636385
0.2759 0.4483 0.980044 -0.198781 0.703456
0.2759 0.4828 0.935811 -0.352503 0.793376
0.2759 0.5172 0.884539 -0.466466 0.899317
0.2759 0.5517 0.834919 -0.550373 1.016282
0.2759 0.5862 0.790216 -0.612829 1.140886
0.2759 0.6207 0.751114 -0.660172 1.270882
0.2759 0.6552 0.717275 -0.696791 1.404776
0.2759 0.6897 0.688036 -0.725677 1.541551
0.2759 0.7241 0.662702 -0.748883 1.680505
0.2759 0.7586 0.0000 0.0000 0.0000
0.2759 0.7931 0.0000 0.0000 0.0000
0.2759 0.8276 0.0000 0.0000 0.0000
0.2759 0.8621 0.0000 0.0000 0.0000
0.2759 0.8966 0.0000 0.0000 0.0000
0.2759 0.9310 0.0000 0.0000 0.0000
0.2759 0.9655 0.0000 0.0000 0.0000
0.2759 1.0000 0.0000 0.0000 0.0000

0.3103 0.0000 0.000000 1.000000 1.797860
0.3103 0.0345 0.036867 0.999320 1.641663
0.3103 0.0690 0.081339 0.996686 1.488165
0.3103 0.1034 0.135672 0.990754 1.338296
0.3103 0.1379 0.202856 0.979209 1.193422
0.3103 0.1724 0.286676 0.958028 1.055602
0.3103 0.2069 0.391320 0.920255 0.927986
0.3103 0.2414 0.519591 0.854415 0.815377
0.3103 0.2759 0.668022 0.744142 0.724805
0.3103 0.3103 0.818703 0.574218 0.665332
0.3103 0.3448 0.937460 0.348094 0.645608
0.3103 0.3793 0.994911 0.100753 0.669160
0.3103 0.4138 0.992427 -0.122835 0.731820
0.3103 0.4483 0.954020 -0.299744 0.824722
0.3103 0.4828 0.902434 -0.430828 0.938932
0.3103 0.5172 0.850336 -0.526240 1.067634
0.3103 0.5517 0.802830 -0.596208 1.206197
0.3103 0.5862 0.761246 -0.648463 1.351591
0.3103 0.6207 0.725391 -0.688337 1.501835
0.3103 0.6552 0.694573 -0.719422 1.655608
0.3103 0.6897 0.668022 -0.744142 1.812013
0.3103 0.7241 0.0000 0.0000 0.0000
0.3103 0.7586 0.0000 0.0000 0.0000
0.3103 0.7931 0.0000 0.0000 0.0000
0.3103 0.8276 0.0000 0.0000 0.0000
0.3103 0.8621 0.0000 0.0000 0.0000
0.3103 0.8966 0.0000 0.0000 0.0000
0.3103 0.9310 0.0000 0.0000 0.0000
0.3103 0.9655 0.0000 0.0000 0.0000
0.3103 1.0000 0.0000 0.0000 0.0000

0.3448 0.0000 0.000000 1.000000 1.897741
0.3448 0.0345 0.039445 0.999222 1.724291
0.3448 0.0690 0.087528 0.996162 1.554121
0.3448 0.1034 0.146958 0.989143 1.388440
0.3448 0.1379 0.221353 0.975194 1.229062
0.3448 0.1724 0.315236 0.949013 1.078785
0.3448 0.2069 0.433223 0.901287 0.941975
0.3448 0.2414 0.576842 0.816856 0.825356
0.3448 0.2759 0.736726 0.676191 0.738557
0.3448 0.3103 0.883462 0.468503 0.692875
0.3448 0.3448 0.976587 0.215122 0.696449
0.3448 0.3793 0.999443 -0.033357 0.748574
0.3448 0.4138 0.971329 -0.237738 0.840262
0.3448 0.4483 0.920789 -0.390060 0.960247
0.3448 0.4828 0.866186 -0.499722 1.099302
0.3448 0.5172 0.815464 -0.578808 1.251084
0.3448 0.5517 0.770976 -0.636864 1.411494
0.3448 0.5862 0.732772 -0.680474 1.577902
0.3448 0.6207 0.700137 -0.714009 1.748597
0.3448 0.6552 0.672205 -0.740365 1.922437
0.3448 0.6897 0.0000 0.0000 0.0000
0.3448 0.7241 0.0000 0.0000 0.0000
0.3448 0.7586 0.0000 0.0000 0.0000
0.3448 0.7931 0.0000 0.0000 0.0000
0.3448 0.8276 0.0000 0.0000 0.0000
0.3448 0.8621 0.0000 0.0000 0.0000
0.3448 0.8966 0.0000 0.0000 0.0000
0.3448 0.9310 0.0000 0.0000 0.0000
0.3448 0.9655 0.0000 0.0000 0.0000
0.3448 1.0000 0.0000 0.0000 0.0000

0.3793 0.0000 0.000000 1.000000 1.977646
0.3793 0.0345 0.042253 0.999107 1.786970
0.3793 0.0690 0.094367 0.995537 1.600245
0.3793 0.1034 0.159628 0.987177 1.419028
0.3793 0.1379 0.242446 0.970165 1.245728
0.3793 0.1724 0.348225 0.937411 1.084146
0.3793 0.2069 0.481773 0.876296 0.940343
0.3793 0.2414 0.641674 0.766977 0.823685
0.3793 0.2759 0.808626 0.588323 0.746999
0.3793 0.3103 0.939750 0.341862 0.723116
0.3793 0.3448 0.997364 0.072564 0.757049
0.3793 0.3793 0.986603 -0.163139 0.841837
0.3793 0.4138 0.939750 -0.341862 0.964154
0.3793 0.4483 0.882959 -0.469450 1.111682
0.3793 0.4828 0.828622 -0.559809 1.275703
0.3793 0.5172 0.780749 -0.624845 1.450633
0.3793 0.5517 0.739808 -0.672818 1.632971
0.3793 0.5862 0.705079 -0.709129 1.820492
0.3793 0.6207 0.675580 -0.737287 2.011747
0.3793 0.6552 0.0000 0.0000 0.0000
0.3793 0.6897 0.0000 0.0000 0.0000
0.3793 0.7241 0.0000 0.0000 0.0000
0.3793 0.7586 0.0000 0.0000 0.0000
0.3793 0.7931 0.0000 0.0000 0.0000
0.3793 0.8276 0.0000 0.0000 0.0000
0.3793 0.8621 0.0000 0.0000 0.0000
0.3793 0.8966 0.0000 0.0000 0.0000
0.3793 0.9310 0.0000 0.0000 0.0000
0.3793 0.9655 0.0000 0.0000 0.0000
0.3793 1.0000 0.0000 0.0000 0.0000

0.4138 0.0000 0.000000 1.000000 2.037574
0.4138 0.0345 0.045360 0.998971 1.829707
0.4138 0.0690 0.102051 0.994779 1.626566
0.4138 0.1034 0.174098 0.984728 1.430164
0.4138 0.1379 0.266934 0.963715 1.243701
0.4138 0.1724 0.386976 0.922090 1.072372
0.4138 0.2069 0.538572 0.842580 0.924628
0.4138 0.2414 0.714233 0.699908 0.813425
0.4138 0.2759 0.879336 0.476202 0.755083
0.4138 0.3103 0.980472 0.196656 0.761845
0.4138 0.3448 0.997403 -0.072019 0.832125
0.4138 0.3793 0.959035 -0.283289 0.951958
0.4138 0.4138 0.901039 -0.433738 1.105343
0.4138 0.4483 0.842750 -0.538305 1.280277
0.4138 0.4828 0.790936 -0.611899 1.469082
0.4138 0.5172 0.746795 -0.665054 1.667052
0.4138 0.5517 0.709644 -0.704561 1.871281
0.4138 0.5862 0.678361 -0.734729 2.079924
0.4138 0.6207 0.0000 0.0000 0.0000
0.4138 0.6552 0.0000 0.0000 0.0000
0.4138 0.6897 0.0000 0.0000 0.0000
0.4138 0.7241 0.0000 0.0000 0.0000
0.4138 0.7586 0.0000 0.0000 0.0000
0.4138 0.7931 0.0000 0.0000 0.0000
0.4138 0.8276 0.0000 0.0000 0.0000
0.4138 0.8621 0.0000 0.0000 0.0000
0.4138 0.8966 0.0000 0.0000 0.0000
0.4138 0.9310 0.0000 0.0000 0.0000
0.4138 0.9655 0.0000 0.0000 0.0000
0.4138 1.0000 0.0000 0.0000 0.0000

0.4483 0.0000 0.000000 1.000000 2.077527
0.4483 0.0345 0.048846 0.998806 1.852508
0.4483 0.0690 0.110815 0.993841 1.633126
0.4483 0.1034 0.190903 0.981609 1.421990
0.4483 0.1379 0.295861 0.955231 1.223378
0.4483 0.1724 0.433179 0.901308 1.044459
0.4483 0.2069 0.605204 0.796070 0.897094
0.4483 0.2414 0.792818 0.609459 0.798939
0.4483 0.2759 0.941265 0.337668 0.769071
0.4483 0.3103 0.999207 0.039828 0.815034
0.4483 0.3448 0.977610 -0.210424 0.925599
0.4483 0.3793 0.920674 -0.390332 1.081124
0.4483 0.4138 0.858288 -0.513168 1.265135
0.4483 0.4483 0.801893 -0.597468 1.466951
0.4483 0.4828 0.753987 -0.656890 1.680169
0.4483 0.5172 0.714016 -0.700130 1.900956
0.4483 0.5517 0.680691 -0.732570 2.126956
0.4483 0.5862 0.0000 0.0000 0.0000
0.4483 0.6207 0.0000 0.0000 0.0000
0.4483 0.6552 0.0000 0.0000 0.0000
0.4483 0.6897 0.0000 0.0000 0.0000
0.4483 0.7241 0.0000 0.0000 0.0000
0.4483 0.7586 0.0000 0.0000 0.0000
0.4483 0.7931 0.0000 0.0000 0.0000
0.4483 0.8276 0.0000 0.0000 0.0000
0.4483 0.8621 0.0000 0.0000 0.0000
0.4483 0.8966 0.0000 0.0000 0.0000
0.4483 0.9310 0.0000 0.0000 0.0000
0.4483 0.9655 0.0000 0.0000 0.0000
0.4483 1.0000 0.0000 0.0000 0.0000

0.4828 0.0000 0.000000 1.000000 2.097503
0.4828 0.0345 0.052808 0.998605 1.855383
0.4828 0.0690 0.120963 0.992657 1.619981
0.4828 0.1034 0.210752 0.977540 1.394702
0.4828 0.1379 0.330636 0.943758 1.185333
0.4828 0.1724 0.488965 0.872304 1.001898
0.4828 0.2069 0.682672 0.730725 0.861133
0.4828 0.2414 0.872253 0.489055 0.786297
0.4828 0.2759 0.984457 0.175625 0.796204
0.4828 0.3103 0.993002 -0.118100 0.888022
0.4828 0.3448 0.941845 -0.336047 1.040283
0.4828 0.3793 0.875693 -0.482868 1.230756
0.4828 0.4138 0.814000 -0.580864 1.444401
0.4828 0.4483 0.761630 -0.648012 1.672362
0.4828 0.4828 0.718349 -0.695683 1.909518
0.4828 0.5172 0.0000 0.0000 0.0000
0.4828 0.5517 0.0000 0.0000 0.0000
0.4828 0.5862 0.0000 0.0000 0.0000
0.4828 0.6207 0.0000 0.0000 0.0000
0.4828 0.6552 0.0000 0.0000 0.0000
0.4828 0.6897 0.0000 0.0000 0.0000
0.4828 0.7241 0.0000 0.0000 0.0000
0.4828 0.7586 0.0000 0.0000 0.0000
0.4828 0.7931 0.0000 0.0000 0.0000
0.4828 0.8276 0.0000 0.0000 0.0000
0.4828 0.8621 0.0000 0.0000 0.0000
0.4828 0.8966 0.0000 0.0000 0.0000
0.4828 0.9310 0.0000 0.0000 0.0000
0.4828 0.9655 0.0000 0.0000 0.0000
0.4828 1.0000 0.0000 0.0000 0.0000

0.5172 0.0000 0.000000 1.000000 2.097503
0.5172 0.0345 0.057372 0.998353 1.838343
0.5172 0.0690 0.132900 0.991129 1.587207
0.5172 0.1034 0.234623 0.972086 1.348583
0.5172 0.1379 0.373204 0.927749 1.130425
0.5172 0.1724 0.556872 0.830599 0.946984
0.5172 0.2069 0.769997 0.638047 0.821845
0.5172 0.2414 0.942341 0.334653 0.783461
0.5172 0.2759 1.000000 0.000000 0.843757
0.5172 0.3103 0.963906 -0.266242 0.984771
0.5172 0.3448 0.895434 -0.445193 1.177860
0.5172 0.3793 0.827705 -0.561163 1.401666
0.5172 0.4138 0.769997 -0.638047 1.643689
0.5172 0.4483 0.722788 -0.691070 1.896969
0.5172 0.4828 0.0000 0.0000 0.0000
0.5172 0.5172 0.0000 0.0000 0.0000
0.5172 0.5517 0.0000 0.0000 0.0000
0.5172 0.5862 0.0000 0.0000 0.0000
0.5172 0.6207 0.0000 0.0000 0.0000
0.5172 0.6552 0.0000 0.0000 0.0000
0.5172 0.6897 0.0000 0.0000 0.0000
0.5172 0.7241 0.0000 0.0000 0.0000
0.5172 0.7586 0.0000 0.0000 0.0000
0.5172 0.7931 0.0000 0.0000 0.0000
0.5172 0.8276 0.0000 0.0000 0.0000
0.5172 0.8621 0.0000 0.0000 0.0000
0.5172 0.8966 0.0000 0.0000 0.0000
0.5172 0.9310 0.0000 0.0000 0.0000
0.5172 0.9655 0.0000 0.0000 0.0000
0.5172 1.0000 0.0000 0.0000 0.0000

0.5517 0.0000 0.000000 1.000000 2.077527
0.5517 0.0345 0.062707 0.998032 1.801405
0.5517 0.0690 0.147189 0.989108 1.534910
0.5517 0.1034 0.263917 0.964546 1.284051
0.5517 0.1379 0.426272 0.904595 1.059987
0.5517 0.1724 0.639390 0.768883 0.883348
0.5517 0.2069 0.861468 0.507812 0.786756
0.5517 0.2414 0.988706 0.149867 0.799758
0.5517 0.2759 0.984721 -0.174140 0.917708
0.5517 0.3103 0.917908 -0.396794 1.107570
0.5517 0.3448 0.843559 -0.537036 1.339097
0.5517 0.3793 0.779411 -0.626512 1.594239
0.5517 0.4138 0.727480 -0.686129 1.863321
0.5517 0.4483 0.685860 -0.727734 2.141093
0.5517 0.4828 0.0000 0.0000 0.0000
0.5517 0.5172 0.0000 0.0000 0.0000
0.5517 0.5517 0.0000 0.0000 0.0000
0.5517 0.5862 0.0000 0.0000 0.0000
0.5517 0.6207 0.0000 0.0000 0.0000
0.5517 0.6552 0.0000 0.0000 0.0000
0.5517 0.6897 0.0000 0.0000 0.0000
0.5517 0.7241 0.0000 0.0000 0.0000
0.5517 0.7586 0.0000 0.0000 0.0000
0.5517 0.7931 0.0000 0.0000 0.0000
0.5517 0.8276 0.0000 0.0000 0.0000
0.5517 0.8621 0.0000 0.0000 0.0000
0.5517 0.8966 0.0000 0.0000 0.0000
0.5517 0.9310 0.0000 0.0000 0.0000
0.5517 0.9655 0.0000 0.0000 0.0000
0.5517 1.0000 0.0000 0.0000 0.0000

0.5862 0.0000 0.000000 1.000000 2.037574
0.5862 0.0345 0.069043 0.997614 1.744591
0.5862 0.0690 0.164636 0.986354 1.463249
0.5862 0.1034 0.300691 0.953722 1.201751
0.5862 0.1379 0.493566 0.869709 0.976177
0.5862 0.1724 0.737293 0.675573 0.816852
0.5862 0.2069 0.943145 0.332382 0.766278
0.5862 0.2414 0.998735 -0.050282 0.844231
0.5862 0.2759 0.943145 -0.332382 1.021704
0.5862 0.3103 0.862262 -0.506462 1.257235
0.5862 0.3448 0.790292 -0.612730 1.524143
0.5862 0.3793 0.732599 -0.680660 1.808588
0.5862 0.4138 0.687161 -0.726505 2.103469
0.5862 0.4483 0.0000 0.0000 0.0000
0.5862 0.4828 0.0000 0.0000 0.0000
0.5862 0.5172 0.0000 0.0000 0.0000
0.5862 0.5517 0.0000 0.0000 0.0000
0.5862 0.5862 0.0000 0.0000 0.0000
0.5862 0.6207 0.0000 0.0000 0.0000
0.5862 0.6552 0.0000 0.0000 0.0000
0.5862 0.6897 0.0000 0.0000 0.0000
0.5862 0.7241 0.0000 0.0000 0.0000
0.5862 0.7586 0.0000 0.0000 0.0000
0.5862 0.7931 0.0000 0.0000 0.0000
0.5862 0.8276 0.0000 0.0000 0.0000
0.5862 0.8621 0.0000 0.0000 0.0000
0.5862 0.8966 0.0000 0.0000 0.0000
0.5862 0.9310 0.0000 0.0000 0.0000
0.5862 0.9655 0.0000 0.0000 0.0000
0.5862 1.0000 0.0000 0.0000 0.0000

0.6207 0.0000 0.000000 1.000000 1.977646
0.6207 0.0345 0.076707 0.997054 1.667934
0.6207 0.0690 0.186443 0.982466 1.372460
0.6207 0.1034 0.348073 0.937467 1.102725
0.6207 0.1379 0.579810 0.814752 0.882654
0.6207 0.1724 0.845198 0.534454 0.756882
0.6207 0.2069 0.993213 0.116306 0.772903
0.6207 0.2414 0.969930 -0.243384 0.923366
0.6207 0.2759 0.884686 -0.466187 1.156956
0.6207 0.3103 0.803213 -0.595692 1.433600
0.6207 0.3448 0.738361 -0.674406 1.732797
0.6207 0.3793 0.688312 -0.725415 2.044671
0.6207 0.4138 0.0000 0.0000 0.0000
0.6207 0.4483 0.0000 0.0000 0.0000
0.6207 0.4828 0.0000 0.0000 0.0000
0.6207 0.5172 0.0000 0.0000 0.0000
0.6207 0.5517 0.0000 0.0000 0.0000
0.6207 0.5862 0.0000 0.0000 0.0000
0.6207 0.6207 0.0000 0.0000 0.0000
0.6207 0.6552 0.0000 0.0000 0.0000
0.6207 0.6897 0.0000 0.0000 0.0000
0.6207 0.7241 0.0000 0.0000 0.0000
0.6207 0.7586 0.0000 0.0000 0.0000
0.6207 0.7931 0.0000 0.0000 0.0000
0.6207 0.8276 0.0000 0.0000 0.0000
0.6207 0.8621 0.0000 0.0000 0.0000
0.6207 0.8966 0.0000 0.0000 0.0000
0.6207 0.9310 0.0000 0.0000 0.0000
0.6207 0.9655 0.0000 0.0000 0.0000
0.6207 1.0000 0.0000 0.0000 0.0000

0.6552 0.0000 0.000000 1.000000 1.897741
0.6552 0.0345 0.086182 0.996279 1.571483
0.6552 0.0690 0.214477 0.976729 1.262921
0.6552 0.1034 0.410920 0.911672 0.988763
0.6552 0.1379 0.689338 0.724440 0.785879
0.6552 0.1724 0.943768 0.330609 0.717518
0.6552 0.2069 0.993251 -0.115981 0.818125
0.6552 0.2414 0.911787 -0.410664 1.039759
0.6552 0.2759 0.818995 -0.573800 1.322928
0.6552 0.3103 0.745059 -0.666999 1.635986
0.6552 0.3448 0.689338 -0.724440 1.964697
0.6552 0.3793 0.0000 0.0000 0.0000
0.6552 0.4138 0.0000 0.0000 0.0000
0.6552 0.4483 0.0000 0.0000 0.0000
0.6552 0.4828 0.0000 0.0000 0.0000
0.6552 0.5172 0.0000 0.0000 0.0000
0.6552 0.5517 0.0000 0.0000 0.0000
0.6552 0.5862 0.0000 0.0000 0.0000
0.6552 0.6207 0.0000 0.0000 0.0000
0.6552 0.6552 0.0000 0.0000 0.0000
0.6552 0.6897 0.0000 0.0000 0.0000
0.6552 0.7241 0.0000 0.0000 0.0000
0.6552 0.7586 0.0000 0.0000 0.0000
0.6552 0.7931 0.0000 0.0000 0.0000
0.6552 0.8276 0.0000 0.0000 0.0000
0.6552 0.8621 0.0000 0.0000 0.0000
0.6552 0.8966 0.0000 0.0000 0.0000
0.6552 0.9310 0.0000 0.0000 0.0000
0.6552 0.9655 0.0000 0.0000 0.0000
0.6552 1.0000 0.0000 0.0000 0.0000

0.6897 0.0000 0.000000 1.000000 1.797860
0.6897 0.0345 0.098209 0.995166 1.455311
0.6897 0.0690 0.251791 0.967782 1.135268
0.6897 0.1034 0.496762 0.867887 0.863140
0.6897 0.1379 0.819680 0.572821 0.697468
0.6897 0.1724 0.997567 0.069714 0.716368
0.6897 0.2069 0.944030 -0.329861 0.908394
0.6897 0.2414 0.838858 -0.544350 1.192664
0.6897 0.2759 0.753120 -0.657883 1.518219
0.6897 0.3103 0.0000 0.0000 0.0000
0.6897 0.3448 0.0000 0.0000 0.0000
0.6897 0.3793 0.0000 0.0000 0.0000
0.6897 0.4138 0.0000 0.0000 0.0000
0.6897 0.4483 0.0000 0.0000 0.0000
0.6897 0.4828 0.0000 0.0000 0.0000
0.6897 0.5172 0.0000 0.0000 0.0000
0.6897 0.5517 0.0000 0.0000 0.0000
0.6897 0.5862 0.0000 0.0000 0.0000
0.6897 0.6207 0.0000 0.0000 0.0000
0.6897 0.6552 0.0000 0.0000 0.0000
0.6897 0.6897 0.0000 0.0000 0.0000
0.6897 0.7241 0.0000 0.0000 0.0000
0.6897 0.7586 0.0000 0.0000 0.0000
0.6897 0.7931 0.0000 0.0000 0.0000
0.6897 0.8276 0.0000 0.0000 0.0000
0.6897 0.8621 0.0000 0.0000 0.0000
0.6897 0.8966 0.0000 0.0000 0.0000
0.6897 0.9310 0.0000 0.0000 0.0000
0.6897 0.9655 0.0000 0.0000 0.0000
0.6897 1.0000 0.0000 0.0000 0.0000

0.7241 0.0000 0.000000 1.000000 1.678002
0.7241 0.0345 0.113991 0.993482 1.319540
0.7241 0.0690 0.303669 0.952777 0.990658
0.7241 0.1034 0.616164 0.787618 0.732352
0.7241 0.1379 0.944265 0.329186 0.637178
0.7241 0.1724 0.978817 -0.204739 0.768357
0.7241 0.2069 0.864645 -0.502383 1.043777
0.7241 0.2414 0.763203 -0.646159 1.379597
0.7241 0.2759 0.691086 -0.722772 1.741215
0.7241 0.3103 0.0000 0.0000 0.0000
0.7241 0.3448 0.0000 0.0000 0.0000
0.7241 0.3793 0.0000 0.0000 0.0000
0.7241 0.4138 0.0000 0.0000 0.0000
0.7241 0.4483 0.0000 0.0000 0.0000
0.7241 0.4828 0.0000 0.0000 0.0000
0.7241 0.5172 0.0000 0.0000 0.0000
0.7241 0.5517 0.0000 0.0000 0.0000
0.7241 0.5862 0.0000 0.0000 0.0000
0.7241 0.6207 0.0000 0.0000 0.0000
0.7241 0.6552 0.0000 0.0000 0.0000
0.7241 0.6897 0.0000 0.0000 0.0000
0.7241 0.7241 0.0000 0.0000 0.0000
0.7241 0.7586 0.0000 0.0000 0.0000
0.7241 0.7931 0.0000 0.0000 0.0000
0.7241 0.8276 0.0000 0.0000 0.0000
0.7241 0.8621 0.0000 0.0000 0.0000
0.7241 0.8966 0.0000 0.0000 0.0000
0.7241 0.9310 0.0000 0.0000 0.0000
0.7241 0.9655 0.0000 0.0000 0.0000
0.7241 1.0000 0.0000 0.0000 0.0000

0.7586 0.0000 0.000000 1.000000 1.538169
0.7586 0.0345 0.135614 0.990762 1.164384
0.7586 0.0690 0.379858 0.925045 0.831402
0.7586 0.1034 0.776400 0.630240 0.610152
0.7586 0.1379 1.000000 0.000000 0.631629
0.7586 0.1724 0.899036 -0.437874 0.878203
0.7586 0.2069 0.776400 -0.630240 1.220303
0.7586 0.2414 0.691837 -0.722053 1.597703
0.7586 0.2759 0.0000 0.0000 0.0000
0.7586 0.3103 0.0000 0.0000 0.0000
0.7586 0.3448 0.0000 0.0000 0.0000
0.7586 0.3793 0.0000 0.0000 0.0000
0.7586 0.4138 0.0000 0.0000 0.0000
0.7586 0.4483 0.0000 0.0000 0.0000
0.7586 0.4828 0.0000 0.0000 0.0000
0.7586 0.5172 0.0000 0.0000 0.0000
0.7586 0.5517 0.0000 0.0000 0.0000
0.7586 0.5862 0.0000 0.0000 0.0000
0.7586 0.6207 0.0000 0.0000 0.0000
0.7586 0.6552 0.0000 0.0000 0.0000
0.7586 0.6897 0.0000 0.0000 0.0000
0.7586 0.7241 0.0000 0.0000 0.0000
0.7586 0.7586 0.0000 0.0000 0.0000
0.7586 0.7931 0.0000 0.0000 0.0000
0.7586 0.8276 0.0000 0.0000 0.0000
0.7586 0.8621 0.0000 0.0000 0.0000
0.7586 0.8966 0.0000 0.0000 0.0000
0.7586 0.9310 0.0000 0.0000 0.0000
0.7586 0.9655 0.0000 0.0000 0.0000
0.7586 1.0000 0.0000 0.0000 0.0000

0.7931 0.0000 0.000000 1.000000 1.378359
0.7931 0.0345 0.167027 0.985952 0.990248
0.7931 0.0690 0.499111 0.866538 0.662771
0.7931 0.1034 0.944671 0.328020 0.525257
0.7931 0.1379 0.944671 -0.328020 0.700343
0.7931 0.1724 0.794663 -0.607051 1.040683
0.7931 0.2069 0.0000 0.0000 0.0000
0.7931 0.2414 0.0000 0.0000 0.0000
0.7931 0.2759 0.0000 0.0000 0.0000
0.7931 0.3103 0.0000 0.0000 0.0000
0.7931 0.3448 0.0000 0.0000 0.0000
0.7931 0.3793 0.0000 0.0000 0.0000
0.7931 0.4138 0.0000 0.0000 0.0000
0.7931 0.4483 0.0000 0.0000 0.0000
0.7931 0.4828 0.0000 0.0000 0.0000
0.7931 0.5172 0.0000 0.0000 0.0000
0.7931 0.5517 0.0000 0.0000 0.0000
0.7931 0.5862 0.0000 0.0000 0.0000
0.7931 0.6207 0.0000 0.0000 0.0000
0.7931 0.6552 0.0000 0.0000 0.0000
0.7931 0.6897 0.0000 0.0000 0.0000
0.7931 0.7241 0.0000 0.0000 0.0000
0.7931 0.7586 0.0000 0.0000 0.0000
0.7931 0.7931 0.0000 0.0000 0.0000
0.7931 0.8276 0.0000 0.0000 0.0000
0.7931 0.8621 0.0000 0.0000 0.0000
0.7931 0.8966 0.0000 0.0000 0.0000
0.7931 0.9310 0.0000 0.0000 0.0000
0.7931 0.9655 0.0000 0.0000 0.0000
0.7931 1.0000 0.0000 0.0000 0.0000

0.8276 0.0000 0.000000 1.000000 1.198573
0.8276 0.0345 0.216646 0.976250 0.798026
0.8276 0.0690 0.693147 0.720796 0.498854
0.8276 0.1034 0.993391 -0.114780 0.522119
0.8276 0.1379 0.821826 -0.569739 0.841489
0.8276 0.1724 0.693147 -0.720796 1.247134
0.8276 0.2069 0.0000 0.0000 0.0000
0.8276 0.2414 0.0000 0.0000 0.0000
0.8276 0.2759 0.0000 0.0000 0.0000
0.8276 0.3103 0.0000 0.0000 0.0000
0.8276 0.3448 0.0000 0.0000 0.0000
0.8276 0.3793 0.0000 0.0000 0.0000
0.8276 0.4138 0.0000 0.0000 0.0000
0.8276 0.4483 0.0000 0.0000 0.0000
0.8276 0.4828 0.0000 0.0000 0.0000
0.8276 0.5172 0.0000 0.0000 0.0000
0.8276 0.5517 0.0000 0.0000 0.0000
0.8276 0.5862 0.0000 0.0000 0.0000
0.8276 0.6207 0.0000 0.0000 0.0000
0.8276 0.6552 0.0000 0.0000 0.0000
0.8276 0.6897 0.0000 0.0000 0.0000
0.8276 0.7241 0.0000 0.0000 0.0000
0.8276 0.7586 0.0000 0.0000 0.0000
0.8276 0.7931 0.0000 0.0000 0.0000
0.8276 0.8276 0.0000 0.0000 0.0000
0.8276 0.8621 0.0000 0.0000 0.0000
0.8276 0.8966 0.0000 0.0000 0.0000
0.8276 0.9310 0.0000 0.0000 0.0000
0.8276 0.9655 0.0000 0.0000 0.0000
0.8276 1.0000 0.0000 0.0000 0.0000

0.8621 0.0000 0.000000 1.000000 0.998811
0.8621 0.0345 0.305690 0.952131 0.590077
0.8621 0.0690 0.945008 0.327046 0.381754
0.8621 0.1034 0.866233 -0.499640 0.624707
0.8621 0.1379 0.693721 -0.720244 1.040075
0.8621 0.1724 0.0000 0.0000 0.0000
0.8621 0.2069 0.0000 0.0000 0.0000
0.8621 0.2414 0.0000 0.0000 0.0000
0.8621 0.2759 0.0000 0.0000 0.0000
0.8621 0.3103 0.0000 0.0000 0.0000
0.8621 0.3448 0.0000 0.0000 0.0000
0.8621 0.3793 0.0000 0.0000 0.0000
0.8621 0.4138 0.0000 0.0000 0.0000
0.8621 0.4483 0.0000 0.0000 0.0000
0.8621 0.4828 0.0000 0.0000 0.0000
0.8621 0.5172 0.0000 0.0000 0.0000
0.8621 0.5517 0.0000 0.0000 0.0000
0.8621 0.5862 0.0000 0.0000 0.0000
0.8621 0.6207 0.0000 0.0000 0.0000
0.8621 0.6552 0.0000 0.0000 0.0000
0.8621 0.6897 0.0000 0.0000 0.0000
0.8621 0.7241 0.0000 0.0000 0.0000
0.8621 0.7586 0.0000 0.0000 0.0000
0.8621 0.7931 0.0000 0.0000 0.0000
0.8621 0.8276 0.0000 0.0000 0.0000
0.8621 0.8621 0.0000 0.0000 0.0000
0.8621 0.8966 0.0000 0.0000 0.0000
0.8621 0.9310 0.0000 0.0000 0.0000
0.8621 0.9655 0.0000 0.0000 0.0000
0.8621 1.0000 0.0000 0.0000 0.0000

0.8966 0.0000 0.000000 1.000000 0.779073
0.8966 0.0345 0.500911 0.865499 0.375060
0.8966 0.0690 0.945157 -0.326617 0.397546
0.8966 0.1034 0.0000 0.0000 0.0000
0.8966 0.1379 0.0000 0.0000 0.0000
0.8966 0.1724 0.0000 0.0000 0.0000
0.8966 0.2069 0.0000 0.0000 0.0000
0.8966 0.2414 0.0000 0.0000 0.0000
0.8966 0.2759 0.0000 0.0000 0.0000
0.8966 0.3103 0.0000 0.0000 0.0000
0.8966 0.3448 0.0000 0.0000 0.0000
0.8966 0.3793 0.0000 0.0000 0.0000
0.8966 0.4138 0.0000 0.0000 0.0000
0.8966 0.4483 0.0000 0.0000 0.0000
0.8966 0.4828 0.0000 0.0000 0.0000
0.8966 0.5172 0.0000 0.0000 0.0000
0.8966 0.5517 0.0000 0.0000 0.0000
0.8966 0.5862 0.0000 0.0000 0.0000
0.8966 0.6207 0.0000 0.0000 0.0000
0.8966 0.6552 0.0000 0.0000 0.0000
0.8966 0.6897 0.0000 0.0000 0.0000
0.8966 0.7241 0.0000 0.0000 0.0000
0.8966 0.7586 0.0000 0.0000 0.0000
0.8966 0.7931 0.0000 0.0000 0.0000
0.8966 0.8276 0.0000 0.0000 0.0000
0.8966 0.8621 0.0000 0.0000 0.0000
0.8966 0.8966 0.0000 0.0000 0.0000
0.8966 0.9310 0.0000 0.0000 0.0000
0.8966 0.9655 0.0000 0.0000 0.0000
0.8966 1.0000 0.0000 0.0000 0.0000

0.9310 0.0000 0.000000 1.000000 0.539358
0.9310 0.0345 0.945293 0.326221 0.206669
0.9310 0.0690 0.694738 -0.719263 0.562407
0.9310 0.1034 0.0000 0.0000 0.0000
0.9310 0.1379 0.0000 0.0000 0.0000
0.9310 0.1724 0.0000 0.0000 0.0000
0.9310 0.2069 0.0000 0.0000 0.0000
0.9310 0.2414 0.0000 0.0000 0.0000
0.9310 0.2759 0.0000 0.0000 0.0000
0.9310 0.3103 0.0000 0.0000 0.0000
0.9310 0.3448 0.0000 0.0000 0.0000
0.9310 0.3793 0.0000 0.0000 0.0000
0.9310 0.4138 0.0000 0.0000 0.0000
0.9310 0.4483 0.0000 0.0000 0.0000
0.9310 0.4828 0.0000 0.0000 0.0000
0.9310 0.5172 0.0000 0.0000 0.0000
0.9310 0.5517 0.0000 0.0000 0.0000
0.9310 0.5862 0.0000 0.0000 0.0000
0.9310 0.6207 0.0000 0.0000 0.0000
0.9310 0.6552 0.0000 0.0000 0.0000
0.9310 0.6897 0.0000 0.0000 0.0000
0.9310 0.7241 0.0000 0.0000 0.0000
0.9310 0.7586 0.0000 0.0000 0.0000
0.9310 0.7931 0.0000 0.0000 0.0000
0.9310 0.8276 0.0000 0.0000 0.0000
0.9310 0.8621 0.0000 0.0000 0.0000
0.9310 0.8966 0.0000 0.0000 0.0000
0.9310 0.9310 0.0000 0.0000 0.0000
0.9310 0.9655 0.0000 0.0000 0.0000
0.9310 1.0000 0.0000 0.0000 0.0000

0.9655 0.0000 0.000000 1.000000 0.279667
0.9655 0.0345 0.0000 0.0000 0.0000
0.9655 0.0690 0.0000 0.0000 0.0000
0.9655 0.1034 0.0000 0.0000 0.0000
0.9655 0.1379 0.0000 0.0000 0.0000
0.9655 0.1724 0.0000 0.0000 0.0000
0.9655 0.2069 0.0000 0.0000 0.0000
0.9655 0.2414 0.0000 0.0000 0.0000
0.9655 0.2759 0.0000 0.0000 0.0000
0.9655 0.3103 0.0000 0.0000 0.0000
0.9655 0.3448 0.0000 0.0000 0.0000
0.9655 0.3793 0.0000 0.0000 0.0000
0.9655 0.4138 0.0000 0.0000 0.0000
0.9655 0.4483 0.0000 0.0000 0.0000
0.9655 0.4828 0.0000 0.0000 0.0000
0.9655 0.5172 0.0000 0.0000 0.0000
0.9655 0.5517 0.0000 0.0000 0.0000
0.9655 0.5862 0.0000 0.0000 0.0000
0.9655 0.6207 0.0000 0.0000 0.0000
0.9655 0.6552 0.0000 0.0000 0.0000
0.9655 0.6897 0.0000 0.0000 0.0000
0.9655 0.7241 0.0000 0.0000 0.0000
0.9655 0.7586 0.0000 0.0000 0.0000
0.9655 0.7931 0.0000 0.0000 0.0000
0.9655 0.8276 0.0000 0.0000 0.0000
0.9655 0.8621 0.0000 0.0000 0.0000
0.9655 0.8966 0.0000 0.0000 0.0000
0.9655 0.9310 0.0000 0.0000 0.0000
0.9655 0.9655 0.0000 0.0000 0.0000
0.9655 1.0000 0.0000 0.0000 0.0000

1.0000 0.0000 0.000000 0.000000 0.000000
1.0000 0.0345 0.0000 0.0000 0.0000
1.0000 0.0690 0.0000 0.0000 0.0000
1.0000 0.1034 0.0000 0.0000 0.0000
1.0000 0.1379 0.0000 0.0000 0.0000
1.0000 0.1724 0.0000 0.0000 0.0000
1.0000 0.2069 0.0000 0.0000 0.0000
1.0000 0.2414 0.0000 0.0000 0.0000
1.0000 0.2759 0.0000 0.0000 0.0000
1.0000 0.3103 0.0000 0.0000 0.0000
1.0000 0.3448 0.0000 0.0000 0.0000
1.0000 0.3793 0.0000 0.0000 0.0000
1.0000 0.4138 0.0000 0.0000 0.0000
1.0000 0.4483 0.0000 0.0000 0.0000
1.0000 0.4828 0.0000 0.0000 0.0000
1.0000 0.5172 0.0000 0.0000 0.0000
1.0000 0.5517 0.0000 0.0000 0.0000
1.0000 0.5862 0.0000 0.0000 0.0000
1.0000 0.6207 0.0000 0.0000 0.0000
1.0000 0.6552 0.0000 0.0000 0.0000
1.0000 0.6897 0.0000 0.0000 0.0000
1.0000 0.7241 0.0000 0.0000 0.0000
1.0000 0.7586 0.0000 0.0000 0.0000
1.0000 0.7931 0.0000 0.0000 0.0000
1.0000 0.8276 0.0000 0.0000 0.0000
1.0000 0.8621 0.0000 0.0000 0.0000
1.0000 0.8966 0.0000 0.0000 0.0000
1.0000 0.9310 0.0000 0.0000 0.0000
1.0000 0.9655 0.0000 0.0000 0.0000
1.0000 1.0000 0.0000 0.0000 0.0000

