0.0000 0.0000 0.000000 0.000000 0.000000
0.0000 0.0345 -1.000000 0.000000 0.006897
0.0000 0.0690 -1.000000 0.000000 0.013793
0.0000 0.1034 -1.000000 0.000000 0.020690
0.0000 0.1379 -1.000000 0.000000 0.027586
0.0000 0.1724 -1.000000 0.000000 0.034483
0.0000 0.2069 -1.000000 0.000000 0.041379
0.0000 0.2414 -1.000000 0.000000 0.048276
0.0000 0.2759 -1.000000 0.000000 0.055172
0.0000 0.3103 -1.000000 0.000000 0.062069
0.0000 0.3448 -1.000000 0.000000 0.068966
0.0000 0.3793 -1.000000 0.000000 0.075862
0.0000 0.4138 -1.000000 0.000000 0.082759
0.0000 0.4483 -1.000000 0.000000 0.089655
0.0000 0.4828 -1.000000 0.000000 0.096552
0.0000 0.5172 -1.000000 0.000000 0.103448
0.0000 0.5517 -1.000000 0.000000 0.110345
0.0000 0.5862 -1.000000 -0.000000 0.117241
0.0000 0.6207 -1.000000 -0.000000 0.124138
0.0000 0.6552 -1.000000 -0.000000 0.131034
0.0000 0.6897 -1.000000 -0.000000 0.137931
0.0000 0.7241 -1.000000 -0.000000 0.144828
0.0000 0.7586 -1.000000 -0.000000 0.151724
0.0000 0.7931 -1.000000 -0.000000 0.158621
0.0000 0.8276 -1.000000 -0.000000 0.165517
0.0000 0.8621 -1.000000 -0.000000 0.172414
0.0000 0.8966 -1.000000 -0.000000 0.179310
0.0000 0.9310 -1.000000 -0.000000 0.186207
0.0000 0.9655 -1.000000 -0.000000 0.193103
0.0000 1.0000 -1.000000 -0.000000 0.200000

0.0345 0.0000 0.000000 1.000000 0.639239
0.0345 0.0345 0.017061 0.999854 0.599374
0.0345 0.0690 0.036540 0.999332 0.559708
0.0345 0.1034 0.058963 0.998260 0.520287
0.0345 0.1379 0.085009 0.996380 0.481171
0.0345 0.1724 0.115563 0.993300 0.442441
0.0345 0.2069 0.151792 0.988412 0.404208
0.0345 0.2414 0.195243 0.980755 0.366628
0.0345 0.2759 0.247959 0.968770 0.329923
0.0345 0.3103 0.312591 0.949888 0.294421
0.0345 0.3448 0.392377 0.919805 0.260615
0.0345 0.3793 0.490655 0.871354 0.229255
0.0345 0.4138 0.609026 0.793150 0.201487
0.0345 0.4483 0.742699 0.669625 0.178992
0.0345 0.4828 0.873198 0.487366 0.163952
0.0345 0.5172 0.967713 0.252055 0.158507
0.0345 0.5517 1.000000 0.000000 0.163615
0.0345 0.5862 0.974593 -0.223983 0.178373
0.0345 0.6207 0.917296 -0.398206 0.200662
0.0345 0.6552 0.851086 -0.525027 0.228288
0.0345 0.6897 0.787969 -0.615715 0.259551
0.0345 0.7241 0.732187 -0.681104 0.293292
0.0345 0.7586 0.684326 -0.729176 0.328747
0.0345 0.7931 0.643635 -0.765333 0.365419
0.0345 0.8276 0.609026 -0.793150 0.402975
0.0345 0.8621 0.579452 -0.815006 0.441189
0.0345 0.8966 0.554014 -0.832507 0.479905
0.0345 0.9310 0.531974 -0.846760 0.519010
0.0345 0.9655 0.512741 -0.858543 0.558422
0.0345 1.0000 0.0000 0.0000 0.0000

0.0690 0.0000 0.000000 1.000000 1.232818
0.0690 0.0345 0.023714 0.999719 1.153237
0.0690 0.0690 0.050909 0.998703 1.074401
0.0690 0.1034 0.082334 0.996605 0.996487
0.0690 0.1379 0.118941 0.992901 0.919727
0.0690 0.1724 0.161932 0.986802 0.844439
0.0690 0.2069 0.212814 0.977093 0.771051
0.0690 0.2414 0.273420 0.961895 0.700164
0.0690 0.2759 0.345845 0.938292 0.632617
0.0690 0.3103 0.432120 0.901816 0.569600
0.0690 0.3448 0.533330 0.845907 0.512786
0.0690 0.3793 0.647708 0.761889 0.464457
0.0690 0.4138 0.767674 0.640841 0.427500
0.0690 0.4483 0.877761 0.479099 0.405041
0.0690 0.4828 0.958316 0.285709 0.399531
0.0690 0.5172 0.996534 0.083189 0.411653
0.0690 0.5517 0.994600 -0.103784 0.439950
0.0690 0.5862 0.965410 -0.260735 0.481580
0.0690 0.6207 0.922839 -0.385185 0.533431
0.0690 0.6552 0.876512 -0.481380 0.592826
0.0690 0.6897 0.831605 -0.555368 0.657726
0.0690 0.7241 0.790356 -0.612648 0.726656
0.0690 0.7586 0.753425 -0.657534 0.798573
0.0690 0.7931 0.720734 -0.693212 0.872740
0.0690 0.8276 0.691905 -0.721988 0.948629
0.0690 0.8621 0.666476 -0.745526 1.025858
0.0690 0.8966 0.643990 -0.765034 1.104145
0.0690 0.9310 0.624033 -0.781398 1.183281
0.0690 0.9655 0.0000 0.0000 0.0000
0.0690 1.0000 0.0000 0.0000 0.0000

0.1034 0.0000 0.000000 1.000000 1.780737
0.1034 0.0345 0.026766 0.999642 1.661475
0.1034 0.0690 0.057620 0.998339 1.543587
0.1034 0.1034 0.093465 0.995623 1.427414
0.1034 0.1379 0.135436 0.990786 1.313410
0.1034 0.1724 0.184957 0.982747 1.202193
0.1034 0.2069 0.243762 0.969835 1.094612
0.1034 0.2414 0.313853 0.949472 0.991853
0.1034 0.2759 0.397250 0.917711 0.895575
0.1034 0.3103 0.495283 0.868732 0.808099
0.1034 0.3448 0.607040 0.794671 0.732585
0.1034 0.3793 0.726788 0.686862 0.673071
0.1034 0.4138 0.841617 0.540075 0.634078
0.1034 0.4483 0.933217 0.359313 0.619493
0.1034 0.4828 0.986657 0.162810 0.631011
0.1034 0.5172 0.999671 -0.025660 0.667283
0.1034 0.5517 0.981969 -0.189042 0.724599
0.1034 0.5862 0.946851 -0.321673 0.798441
0.1034 0.6207 0.904819 -0.425797 0.884681
0.1034 0.6552 0.862146 -0.506660 0.980050
0.1034 0.6897 0.821907 -0.569621 1.082138
0.1034 0.7241 0.785297 -0.619119 1.189216
0.1034 0.7586 0.752554 -0.658531 1.300052
0.1034 0.7931 0.723482 -0.690344 1.413761
0.1034 0.8276 0.697717 -0.716373 1.529703
0.1034 0.8621 0.674861 -0.737945 1.647408
0.1034 0.8966 0.654531 -0.756035 1.766521
0.1034 0.9310 0.0000 0.0000 0.0000
0.1034 0.9655 0.0000 0.0000 0.0000
0.1034 1.0000 0.0000 0.0000 0.0000

0.1379 0.0000 0.000000 1.000000 2.282996
0.1379 0.0345 0.028998 0.999579 2.124080
0.1379 0.0690 0.062619 0.998037 1.967238
0.1379 0.1034 0.101919 0.994793 1.813008
0.1379 0.1379 0.148229 0.988953 1.662119
0.1379 0.1724 0.203202 0.979137 1.515567
0.1379 0.2069 0.268821 0.963190 1.374742
0.1379 0.2414 0.347258 0.937770 1.241593
0.1379 0.2759 0.440399 0.897802 1.118864
0.1379 0.3103 0.548656 0.836048 1.010359
0.1379 0.3448 0.668679 0.743551 0.921119
0.1379 0.3793 0.790412 0.612576 0.857182
0.1379 0.4138 0.896494 0.443055 0.824456
0.1379 0.4483 0.968618 0.248555 0.826656
0.1379 0.4828 0.998601 0.052877 0.863515
0.1379 0.5172 0.992454 -0.122620 0.930925
0.1379 0.5517 0.963465 -0.267836 1.022864
0.1379 0.5862 0.923863 -0.382722 1.133378
0.1379 0.6207 0.881598 -0.472001 1.257580
0.1379 0.6552 0.840829 -0.541302 1.391810
0.1379 0.6897 0.803337 -0.595524 1.533436
0.1379 0.7241 0.769646 -0.638471 1.680591
0.1379 0.7586 0.739682 -0.672957 1.831942
0.1379 0.7931 0.713126 -0.701035 1.986530
0.1379 0.8276 0.689589 -0.724201 2.143655
0.1379 0.8621 0.668679 -0.743551 2.302798
0.1379 0.8966 0.0000 0.0000 0.0000
0.1379 0.9310 0.0000 0.0000 0.0000
0.1379 0.9655 0.0000 0.0000 0.0000
0.1379 1.0000 0.0000 0.0000 0.0000

0.1724 0.0000 0.000000 1.000000 2.739596
0.1724 0.0345 0.030978 0.999520 2.541053
0.1724 0.0690 0.067125 0.997745 2.345361
0.1724 0.1034 0.109668 0.993968 2.153297
0.1724 0.1379 0.160160 0.987091 1.965925
0.1724 0.1724 0.220527 0.975381 1.784723
0.1724 0.2069 0.293028 0.956104 1.611773
0.1724 0.2414 0.379999 0.924987 1.450032
0.1724 0.2759 0.483039 0.875599 1.303677
0.1724 0.3103 0.601162 0.799127 1.178455
0.1724 0.3448 0.727683 0.685913 1.081731
0.1724 0.3793 0.847540 0.530731 1.021632
0.1724 0.4138 0.940125 0.340831 1.004749
0.1724 0.4483 0.990418 0.138102 1.033206
0.1724 0.4828 0.998662 -0.051722 1.103498
0.1724 0.5172 0.977150 -0.212552 1.208348
0.1724 0.5517 0.940125 -0.340831 1.339666
0.1724 0.5862 0.897816 -0.440372 1.490472
0.1724 0.6207 0.855892 -0.517155 1.655448
0.1724 0.6552 0.816925 -0.576744 1.830769
0.1724 0.6897 0.781790 -0.623542 2.013734
0.1724 0.7241 0.750546 -0.660818 2.202438
0.1724 0.7586 0.722909 -0.690943 2.395526
0.1724 0.7931 0.698476 -0.715633 2.592019
0.1724 0.8276 0.676835 -0.736135 2.791196
0.1724 0.8621 0.0000 0.0000 0.0000
0.1724 0.8966 0.0000 0.0000 0.0000
0.1724 0.9310 0.0000 0.0000 0.0000
0.1724 0.9655 0.0000 0.0000 0.0000
0.1724 1.0000 0.0000 0.0000 0.0000

0.2069 0.0000 0.000000 1.000000 3.150535
0.2069 0.0345 0.032907 0.999458 2.912398
0.2069 0.0690 0.071575 0.997435 2.677974
0.2069 0.1034 0.117433 0.993081 2.448332
0.2069 0.1379 0.172297 0.985045 2.224951
0.2069 0.1724 0.238413 0.971164 2.009920
0.2069 0.2069 0.318360 0.947970 1.806225
0.2069 0.2414 0.414589 0.910009 1.618152
0.2069 0.2759 0.528113 0.849174 1.451785
0.2069 0.3103 0.655735 0.754991 1.315385
0.2069 0.3448 0.786169 0.618011 1.219054
0.2069 0.3793 0.898963 0.438024 1.172708
0.2069 0.4138 0.972780 0.231729 1.182240
0.2069 0.4483 0.999622 0.027476 1.246368
0.2069 0.4828 0.988477 -0.151373 1.357377
0.2069 0.5172 0.955244 -0.295818 1.504928
0.2069 0.5517 0.913063 -0.407820 1.679417
0.2069 0.5862 0.869708 -0.493567 1.873331
0.2069 0.6207 0.828873 -0.559438 2.081248
0.2069 0.6552 0.791924 -0.610620 2.299372
0.2069 0.6897 0.759097 -0.650978 2.525060
0.2069 0.7241 0.730142 -0.683295 2.756454
0.2069 0.7586 0.704639 -0.709566 2.992232
0.2069 0.7931 0.682137 -0.731224 3.231432
0.2069 0.8276 0.0000 0.0000 0.0000
0.2069 0.8621 0.0000 0.0000 0.0000
0.2069 0.8966 0.0000 0.0000 0.0000
0.2069 0.9310 0.0000 0.0000 0.0000
0.2069 0.9655 0.0000 0.0000 0.0000
0.2069 1.0000 0.0000 0.0000 0.0000

0.2414 0.0000 0.000000 1.000000 3.515814
0.2414 0.0345 0.034885 0.999391 3.238118
0.2414 0.0690 0.076194 0.997093 2.965100
0.2414 0.1034 0.125597 0.992081 2.698179
0.2414 0.1379 0.185230 0.982695 2.439359
0.2414 0.1724 0.257723 0.966219 2.191511
0.2414 0.2069 0.346009 0.938231 1.958805
0.2414 0.2414 0.452541 0.891744 1.747301
0.2414 0.2759 0.577208 0.816597 1.565616
0.2414 0.3103 0.713336 0.700822 1.425200
0.2414 0.3448 0.843559 0.537036 1.339097
0.2414 0.3793 0.942770 0.333443 1.317997
0.2414 0.4138 0.993122 0.117084 1.364917
0.2414 0.4483 0.996686 -0.081349 1.473373
0.2414 0.4828 0.969539 -0.244936 1.631136
0.2414 0.5172 0.928207 -0.372064 1.825467
0.2414 0.5517 0.883380 -0.468657 2.045972
0.2414 0.5862 0.840376 -0.542004 2.285087
0.2414 0.6207 0.801280 -0.598289 2.537556
0.2414 0.6552 0.766583 -0.642146 2.799769
0.2414 0.6897 0.736085 -0.676889 3.069230
0.2414 0.7241 0.709343 -0.704863 3.344186
0.2414 0.7586 0.685860 -0.727734 3.623388
0.2414 0.7931 0.0000 0.0000 0.0000
0.2414 0.8276 0.0000 0.0000 0.0000
0.2414 0.8621 0.0000 0.0000 0.0000
0.2414 0.8966 0.0000 0.0000 0.0000
0.2414 0.9310 0.0000 0.0000 0.0000
0.2414 0.9655 0.0000 0.0000 0.0000
0.2414 1.0000 0.0000 0.0000 0.0000

0.2759 0.0000 0.000000 1.000000 3.835434
0.2759 0.0345 0.036974 0.999316 3.518220
0.2759 0.0690 0.081130 0.996703 3.206766
0.2759 0.1034 0.134433 0.990923 2.902926
0.2759 0.1379 0.199410 0.979916 2.609362
0.2759 0.1724 0.279153 0.960247 2.329960
0.2759 0.2069 0.376969 0.926226 2.070463
0.2759 0.2414 0.495066 0.868855 1.839314
0.2759 0.2759 0.631288 0.775549 1.648481
0.2759 0.3103 0.773642 0.633623 1.513295
0.2759 0.3448 0.897491 0.441034 1.449411
0.2759 0.3793 0.975950 0.217995 1.466177
0.2759 0.4138 1.000000 0.000000 1.560999
0.2759 0.4483 0.982604 -0.185715 1.721021
0.2759 0.4828 0.943562 -0.331195 1.930096
0.2759 0.5172 0.897491 -0.441034 2.174116
0.2759 0.5517 0.852086 -0.523402 2.442631
0.2759 0.5862 0.810511 -0.585723 2.728419
0.2759 0.6207 0.773642 -0.633623 3.026591
0.2759 0.6552 0.741365 -0.671102 3.333825
0.2759 0.6897 0.713208 -0.700952 3.647833
0.2759 0.7241 0.688617 -0.725125 3.967005
0.2759 0.7586 0.0000 0.0000 0.0000
0.2759 0.7931 0.0000 0.0000 0.0000
0.2759 0.8276 0.0000 0.0000 0.0000
0.2759 0.8621 0.0000 0.0000 0.0000
0.2759 0.8966 0.0000 0.0000 0.0000
0.2759 0.9310 0.0000 0.0000 0.0000
0.2759 0.9655 0.0000 0.0000 0.0000
0.2759 1.0000 0.0000 0.0000 0.0000

0.3103 0.0000 0.000000 1.000000 4.109393
0.3103 0.0345 0.039227 0.999230 3.752710
0.3103 0.0690 0.086515 0.996251 3.403009
0.3103 0.1034 0.144193 0.989550 3.062684
0.3103 0.1379 0.215273 0.976554 2.735236
0.3103 0.1724 0.303406 0.952861 2.425887
0.3103 0.2069 0.412247 0.911072 2.142489
0.3103 0.2414 0.543277 0.839553 1.896711
0.3103 0.2759 0.690741 0.723102 1.704902
0.3103 0.3103 0.834944 0.550335 1.586754
0.3103 0.3448 0.944167 0.329467 1.559106
0.3103 0.3793 0.995502 0.094740 1.626579
0.3103 0.4138 0.993303 -0.115538 1.778378
0.3103 0.4483 0.959067 -0.283179 1.995350
0.3103 0.4828 0.912382 -0.409340 2.258791
0.3103 0.5172 0.864437 -0.502742 2.554364
0.3103 0.5517 0.820040 -0.572306 2.872166
0.3103 0.5862 0.780666 -0.624948 3.205592
0.3103 0.6207 0.746344 -0.665560 3.550243
0.3103 0.6552 0.716578 -0.697507 3.903147
0.3103 0.6897 0.690741 -0.723102 4.262254
0.3103 0.7241 0.0000 0.0000 0.0000
0.3103 0.7586 0.0000 0.0000 0.0000
0.3103 0.7931 0.0000 0.0000 0.0000
0.3103 0.8276 0.0000 0.0000 0.0000
0.3103 0.8621 0.0000 0.0000 0.0000
0.3103 0.8966 0.0000 0.0000 0.0000
0.3103 0.9310 0.0000 0.0000 0.0000
0.3103 0.9655 0.0000 0.0000 0.0000
0.3103 1.0000 0.0000 0.0000 0.0000

0.3448 0.0000 0.000000 1.000000 4.337693
0.3448 0.0345 0.041691 0.999131 3.941596
0.3448 0.0690 0.092478 0.995715 3.553874
0.3448 0.1034 0.155144 0.987892 3.177595
0.3448 0.1379 0.233309 0.972403 2.817347
0.3448 0.1724 0.331290 0.943529 2.480126
0.3448 0.2069 0.452973 0.891524 2.176662
0.3448 0.2414 0.598178 0.801363 1.923001
0.3448 0.2759 0.755076 0.655637 1.741051
0.3448 0.3103 0.893823 0.448420 1.654639
0.3448 0.3448 0.978969 0.204011 1.678585
0.3448 0.3793 0.999502 -0.031559 1.808511
0.3448 0.4138 0.974225 -0.225580 2.024110
0.3448 0.4483 0.928234 -0.371996 2.301430
0.3448 0.4828 0.877771 -0.479081 2.620951
0.3448 0.5172 0.830197 -0.557470 2.969080
0.3448 0.5517 0.787938 -0.615755 3.336876
0.3448 0.5862 0.751264 -0.660002 3.718506
0.3448 0.6207 0.719665 -0.694322 4.110119
0.3448 0.6552 0.692428 -0.721487 4.509115
0.3448 0.6897 0.0000 0.0000 0.0000
0.3448 0.7241 0.0000 0.0000 0.0000
0.3448 0.7586 0.0000 0.0000 0.0000
0.3448 0.7931 0.0000 0.0000 0.0000
0.3448 0.8276 0.0000 0.0000 0.0000
0.3448 0.8621 0.0000 0.0000 0.0000
0.3448 0.8966 0.0000 0.0000 0.0000
0.3448 0.9310 0.0000 0.0000 0.0000
0.3448 0.9655 0.0000 0.0000 0.0000
0.3448 1.0000 0.0000 0.0000 0.0000

0.3793 0.0000 0.000000 1.000000 4.520333
0.3793 0.0345 0.044420 0.999013 4.084888
0.3793 0.0690 0.099169 0.995071 3.659418
0.3793 0.1034 0.167604 0.985854 3.247845
0.3793 0.1379 0.254116 0.967174 2.856184
0.3793 0.1724 0.363799 0.931478 2.493832
0.3793 0.2069 0.500441 0.865770 2.175487
0.3793 0.2414 0.660463 0.750858 1.923126
0.3793 0.2759 0.822309 0.569042 1.765280
0.3793 0.3103 0.945030 0.326983 1.728046
0.3793 0.3448 0.997614 0.069035 1.818846
0.3793 0.3793 0.987857 -0.155364 2.020491
0.3793 0.4138 0.945030 -0.326983 2.304061
0.3793 0.4483 0.892385 -0.451275 2.643320
0.3793 0.4828 0.841286 -0.540590 3.019555
0.3793 0.5172 0.795700 -0.605691 3.420586
0.3793 0.5517 0.756310 -0.654213 3.838651
0.3793 0.5862 0.722615 -0.691250 4.268746
0.3793 0.6207 0.693799 -0.720169 4.707577
0.3793 0.6552 0.0000 0.0000 0.0000
0.3793 0.6897 0.0000 0.0000 0.0000
0.3793 0.7241 0.0000 0.0000 0.0000
0.3793 0.7586 0.0000 0.0000 0.0000
0.3793 0.7931 0.0000 0.0000 0.0000
0.3793 0.8276 0.0000 0.0000 0.0000
0.3793 0.8621 0.0000 0.0000 0.0000
0.3793 0.8966 0.0000 0.0000 0.0000
0.3793 0.9310 0.0000 0.0000 0.0000
0.3793 0.9655 0.0000 0.0000 0.0000
0.3793 1.0000 0.0000 0.0000 0.0000

0.4138 0.0000 0.000000 1.000000 4.657313
0.4138 0.0345 0.047476 0.998872 4.182600
0.4138 0.0690 0.106768 0.994284 3.719716
0.4138 0.1034 0.181972 0.983304 3.273683
0.4138 0.1379 0.278463 0.960447 2.852417
0.4138 0.1724 0.402193 0.915555 2.468630
0.4138 0.2069 0.556083 0.831127 2.142557
0.4138 0.2414 0.730016 0.683430 1.904084
0.4138 0.2759 0.888173 0.459510 1.788599
0.4138 0.3103 0.982132 0.188193 1.819672
0.4138 0.3448 0.997629 -0.068818 1.990450
0.4138 0.3793 0.962412 -0.271592 2.269613
0.4138 0.4138 0.908532 -0.417816 2.622778
0.4138 0.4483 0.853618 -0.520900 3.024129
0.4138 0.4828 0.804190 -0.594372 3.456922
0.4138 0.5172 0.761647 -0.647993 3.910733
0.4138 0.5517 0.725542 -0.688178 4.379032
0.4138 0.5862 0.694936 -0.719072 4.857631
0.4138 0.6207 0.0000 0.0000 0.0000
0.4138 0.6552 0.0000 0.0000 0.0000
0.4138 0.6897 0.0000 0.0000 0.0000
0.4138 0.7241 0.0000 0.0000 0.0000
0.4138 0.7586 0.0000 0.0000 0.0000
0.4138 0.7931 0.0000 0.0000 0.0000
0.4138 0.8276 0.0000 0.0000 0.0000
0.4138 0.8621 0.0000 0.0000 0.0000
0.4138 0.8966 0.0000 0.0000 0.0000
0.4138 0.9310 0.0000 0.0000 0.0000
0.4138 0.9655 0.0000 0.0000 0.0000
0.4138 1.0000 0.0000 0.0000 0.0000

0.4483 0.0000 0.000000 1.000000 4.748632
0.4483 0.0345 0.050935 0.998702 4.234747
0.4483 0.0690 0.115504 0.993307 3.734866
0.4483 0.1034 0.198771 0.980046 3.255446
0.4483 0.1379 0.307369 0.951590 2.806991
0.4483 0.1724 0.448083 0.893992 2.406872
0.4483 0.2069 0.621264 0.783601 2.083129
0.4483 0.2414 0.804947 0.593346 1.875736
0.4483 0.2759 0.945616 0.325284 1.824804
0.4483 0.3103 0.999270 0.038193 1.942678
0.4483 0.3448 0.979358 -0.202134 2.202419
0.4483 0.3793 0.926374 -0.376604 2.561223
0.4483 0.4138 0.867536 -0.497375 2.983562
0.4483 0.4483 0.813673 -0.581323 3.446155
0.4483 0.4828 0.767438 -0.641123 3.934830
0.4483 0.5172 0.728539 -0.685004 4.440986
0.4483 0.5517 0.695894 -0.718144 4.959274
0.4483 0.5862 0.0000 0.0000 0.0000
0.4483 0.6207 0.0000 0.0000 0.0000
0.4483 0.6552 0.0000 0.0000 0.0000
0.4483 0.6897 0.0000 0.0000 0.0000
0.4483 0.7241 0.0000 0.0000 0.0000
0.4483 0.7586 0.0000 0.0000 0.0000
0.4483 0.7931 0.0000 0.0000 0.0000
0.4483 0.8276 0.0000 0.0000 0.0000
0.4483 0.8621 0.0000 0.0000 0.0000
0.4483 0.8966 0.0000 0.0000 0.0000
0.4483 0.9310 0.0000 0.0000 0.0000
0.4483 0.9655 0.0000 0.0000 0.0000
0.4483 1.0000 0.0000 0.0000 0.0000

0.4828 0.0000 0.000000 1.000000 4.794292
0.4828 0.0345 0.054892 0.998492 4.241353
0.4828 0.0690 0.125678 0.992071 3.705001
0.4828 0.1034 0.218704 0.975791 3.193603
0.4828 0.1379 0.342220 0.939620 2.721267
0.4828 0.1724 0.503487 0.864003 2.312055
0.4828 0.2069 0.696712 0.717351 2.005000
0.4828 0.2414 0.880153 0.474689 1.851639
0.4828 0.2759 0.985593 0.169131 1.889769
0.4828 0.3103 0.993520 -0.113661 2.109030
0.4828 0.3448 0.945844 -0.324621 2.461484
0.4828 0.3793 0.883422 -0.468577 2.898951
0.4828 0.4138 0.824459 -0.565921 3.388665
0.4828 0.4483 0.773868 -0.633347 3.911048
0.4828 0.4828 0.731701 -0.681626 4.454623
0.4828 0.5172 0.0000 0.0000 0.0000
0.4828 0.5517 0.0000 0.0000 0.0000
0.4828 0.5862 0.0000 0.0000 0.0000
0.4828 0.6207 0.0000 0.0000 0.0000
0.4828 0.6552 0.0000 0.0000 0.0000
0.4828 0.6897 0.0000 0.0000 0.0000
0.4828 0.7241 0.0000 0.0000 0.0000
0.4828 0.7586 0.0000 0.0000 0.0000
0.4828 0.7931 0.0000 0.0000 0.0000
0.4828 0.8276 0.0000 0.0000 0.0000
0.4828 0.8621 0.0000 0.0000 0.0000
0.4828 0.8966 0.0000 0.0000 0.0000
0.4828 0.9310 0.0000 0.0000 0.0000
0.4828 0.9655 0.0000 0.0000 0.0000
0.4828 1.0000 0.0000 0.0000 0.0000

0.5172 0.0000 0.000000 1.000000 4.794292
0.5172 0.0345 0.059475 0.998230 4.202445
0.5172 0.0690 0.137697 0.990474 3.630300
0.5172 0.1034 0.242753 0.970088 3.088825
0.5172 0.1379 0.384927 0.922947 2.597274
0.5172 0.1724 0.570762 0.821115 2.189533
0.5172 0.2069 0.781159 0.624332 1.919767
0.5172 0.2414 0.946041 0.324048 1.849375
0.5172 0.2759 1.000000 0.000000 1.999524
0.5172 0.3103 0.966296 -0.257434 2.327925
0.5172 0.3448 0.901684 -0.432396 2.771932
0.5172 0.3793 0.836940 -0.547294 3.284997
0.5172 0.4138 0.781159 -0.624332 3.839535
0.5172 0.4483 0.735125 -0.677931 4.419964
0.5172 0.4828 0.0000 0.0000 0.0000
0.5172 0.5172 0.0000 0.0000 0.0000
0.5172 0.5517 0.0000 0.0000 0.0000
0.5172 0.5862 0.0000 0.0000 0.0000
0.5172 0.6207 0.0000 0.0000 0.0000
0.5172 0.6552 0.0000 0.0000 0.0000
0.5172 0.6897 0.0000 0.0000 0.0000
0.5172 0.7241 0.0000 0.0000 0.0000
0.5172 0.7586 0.0000 0.0000 0.0000
0.5172 0.7931 0.0000 0.0000 0.0000
0.5172 0.8276 0.0000 0.0000 0.0000
0.5172 0.8621 0.0000 0.0000 0.0000
0.5172 0.8966 0.0000 0.0000 0.0000
0.5172 0.9310 0.0000 0.0000 0.0000
0.5172 0.9655 0.0000 0.0000 0.0000
0.5172 1.0000 0.0000 0.0000 0.0000

0.5517 0.0000 0.000000 1.000000 4.748632
0.5517 0.0345 0.064852 0.997895 4.118062
0.5517 0.0690 0.152128 0.988361 3.511020
0.5517 0.1034 0.272318 0.962207 2.942106
0.5517 0.1379 0.438139 0.898907 2.438157
0.5517 0.1724 0.652101 0.758132 2.047713
0.5517 0.2069 0.868814 0.495139 1.844328
0.5517 0.2414 0.989432 0.144998 1.889408
0.5517 0.2759 0.985697 -0.168525 2.167505
0.5517 0.3103 0.922663 -0.385607 2.605032
0.5517 0.3448 0.851617 -0.524165 3.135953
0.5517 0.3793 0.789597 -0.613626 3.720499
0.5517 0.4138 0.738927 -0.673786 4.337041
0.5517 0.4483 0.698036 -0.716062 4.973694
0.5517 0.4828 0.0000 0.0000 0.0000
0.5517 0.5172 0.0000 0.0000 0.0000
0.5517 0.5517 0.0000 0.0000 0.0000
0.5517 0.5862 0.0000 0.0000 0.0000
0.5517 0.6207 0.0000 0.0000 0.0000
0.5517 0.6552 0.0000 0.0000 0.0000
0.5517 0.6897 0.0000 0.0000 0.0000
0.5517 0.7241 0.0000 0.0000 0.0000
0.5517 0.7586 0.0000 0.0000 0.0000
0.5517 0.7931 0.0000 0.0000 0.0000
0.5517 0.8276 0.0000 0.0000 0.0000
0.5517 0.8621 0.0000 0.0000 0.0000
0.5517 0.8966 0.0000 0.0000 0.0000
0.5517 0.9310 0.0000 0.0000 0.0000
0.5517 0.9655 0.0000 0.0000 0.0000
0.5517 1.0000 0.0000 0.0000 0.0000

0.5862 0.0000 0.000000 1.000000 4.657313
0.5862 0.0345 0.071256 0.997458 3.988259
0.5862 0.0690 0.169788 0.985481 3.347534
0.5862 0.1034 0.309461 0.950912 2.754974
0.5862 0.1379 0.505448 0.862857 2.248979
0.5862 0.1724 0.747851 0.663866 1.900014
0.5862 0.2069 0.946362 0.323109 1.801756
0.5862 0.2414 0.998813 -0.048717 1.991663
0.5862 0.2759 0.946362 -0.323109 2.402341
0.5862 0.3103 0.869137 -0.494572 2.942769
0.5862 0.3448 0.799566 -0.600578 3.554246
0.5862 0.3793 0.743252 -0.669012 4.205896
0.5862 0.4138 0.698579 -0.715532 4.881658
0.5862 0.4483 0.0000 0.0000 0.0000
0.5862 0.4828 0.0000 0.0000 0.0000
0.5862 0.5172 0.0000 0.0000 0.0000
0.5862 0.5517 0.0000 0.0000 0.0000
0.5862 0.5862 0.0000 0.0000 0.0000
0.5862 0.6207 0.0000 0.0000 0.0000
0.5862 0.6552 0.0000 0.0000 0.0000
0.5862 0.6897 0.0000 0.0000 0.0000
0.5862 0.7241 0.0000 0.0000 0.0000
0.5862 0.7586 0.0000 0.0000 0.0000
0.5862 0.7931 0.0000 0.0000 0.0000
0.5862 0.8276 0.0000 0.0000 0.0000
0.5862 0.8621 0.0000 0.0000 0.0000
0.5862 0.8966 0.0000 0.0000 0.0000
0.5862 0.9310 0.0000 0.0000 0.0000
0.5862 0.9655 0.0000 0.0000 0.0000
0.5862 1.0000 0.0000 0.0000 0.0000

0.6207 0.0000 0.000000 1.000000 4.520333
0.6207 0.0345 0.079019 0.996873 3.813112
0.6207 0.0690 0.191891 0.981416 3.140406
0.6207 0.1034 0.357297 0.933991 2.529897
0.6207 0.1379 0.591303 0.806450 2.038264
0.6207 0.1724 0.852286 0.523076 1.767646
0.6207 0.2069 0.993603 0.112927 1.819487
0.6207 0.2414 0.971600 -0.236628 2.170806
0.6207 0.2759 0.890314 -0.455346 2.707430
0.6207 0.3103 0.811607 -0.584203 3.341236
0.6207 0.3448 0.748295 -0.663366 4.026593
0.6207 0.3793 0.699061 -0.715062 4.741198
0.6207 0.4138 0.0000 0.0000 0.0000
0.6207 0.4483 0.0000 0.0000 0.0000
0.6207 0.4828 0.0000 0.0000 0.0000
0.6207 0.5172 0.0000 0.0000 0.0000
0.6207 0.5517 0.0000 0.0000 0.0000
0.6207 0.5862 0.0000 0.0000 0.0000
0.6207 0.6207 0.0000 0.0000 0.0000
0.6207 0.6552 0.0000 0.0000 0.0000
0.6207 0.6897 0.0000 0.0000 0.0000
0.6207 0.7241 0.0000 0.0000 0.0000
0.6207 0.7586 0.0000 0.0000 0.0000
0.6207 0.7931 0.0000 0.0000 0.0000
0.6207 0.8276 0.0000 0.0000 0.0000
0.6207 0.8621 0.0000 0.0000 0.0000
0.6207 0.8966 0.0000 0.0000 0.0000
0.6207 0.9310 0.0000 0.0000 0.0000
0.6207 0.9655 0.0000 0.0000 0.0000
0.6207 1.0000 0.0000 0.0000 0.0000

0.6552 0.0000 0.000000 1.000000 4.337693
0.6552 0.0345 0.088632 0.996064 3.592736
0.6552 0.0690 0.220327 0.975426 2.890532
0.6552 0.1034 0.420631 0.907232 2.271089
0.6552 0.1379 0.699491 0.714641 1.820925
0.6552 0.1724 0.946613 0.322372 1.681946
0.6552 0.2069 0.993618 -0.112793 1.922853
0.6552 0.2414 0.916038 -0.401091 2.433318
0.6552 0.2759 0.826501 -0.562935 3.082201
0.6552 0.3103 0.754331 -0.656495 3.799228
0.6552 0.3448 0.699491 -0.714641 4.552313
0.6552 0.3793 0.0000 0.0000 0.0000
0.6552 0.4138 0.0000 0.0000 0.0000
0.6552 0.4483 0.0000 0.0000 0.0000
0.6552 0.4828 0.0000 0.0000 0.0000
0.6552 0.5172 0.0000 0.0000 0.0000
0.6552 0.5517 0.0000 0.0000 0.0000
0.6552 0.5862 0.0000 0.0000 0.0000
0.6552 0.6207 0.0000 0.0000 0.0000
0.6552 0.6552 0.0000 0.0000 0.0000
0.6552 0.6897 0.0000 0.0000 0.0000
0.6552 0.7241 0.0000 0.0000 0.0000
0.6552 0.7586 0.0000 0.0000 0.0000
0.6552 0.7931 0.0000 0.0000 0.0000
0.6552 0.8276 0.0000 0.0000 0.0000
0.6552 0.8621 0.0000 0.0000 0.0000
0.6552 0.8966 0.0000 0.0000 0.0000
0.6552 0.9310 0.0000 0.0000 0.0000
0.6552 0.9655 0.0000 0.0000 0.0000
0.6552 1.0000 0.0000 0.0000 0.0000

0.6897 0.0000 0.000000 1.000000 4.109393
0.6897 0.0345 0.100848 0.994902 3.327308
0.6897 0.0690 0.258175 0.966098 2.599421
0.6897 0.1034 0.506816 0.862054 1.986241
0.6897 0.1379 0.826785 0.562518 1.623411
0.6897 0.1724 0.997693 0.067880 1.681643
0.6897 0.2069 0.946720 -0.322059 2.126625
0.6897 0.2414 0.845416 -0.534109 2.778361
0.6897 0.2759 0.761766 -0.647852 3.523947
0.6897 0.3103 0.0000 0.0000 0.0000
0.6897 0.3448 0.0000 0.0000 0.0000
0.6897 0.3793 0.0000 0.0000 0.0000
0.6897 0.4138 0.0000 0.0000 0.0000
0.6897 0.4483 0.0000 0.0000 0.0000
0.6897 0.4828 0.0000 0.0000 0.0000
0.6897 0.5172 0.0000 0.0000 0.0000
0.6897 0.5517 0.0000 0.0000 0.0000
0.6897 0.5862 0.0000 0.0000 0.0000
0.6897 0.6207 0.0000 0.0000 0.0000
0.6897 0.6552 0.0000 0.0000 0.0000
0.6897 0.6897 0.0000 0.0000 0.0000
0.6897 0.7241 0.0000 0.0000 0.0000
0.6897 0.7586 0.0000 0.0000 0.0000
0.6897 0.7931 0.0000 0.0000 0.0000
0.6897 0.8276 0.0000 0.0000 0.0000
0.6897 0.8621 0.0000 0.0000 0.0000
0.6897 0.8966 0.0000 0.0000 0.0000
0.6897 0.9310 0.0000 0.0000 0.0000
0.6897 0.9655 0.0000 0.0000 0.0000
0.6897 1.0000 0.0000 0.0000 0.0000

0.7241 0.0000 0.000000 1.000000 3.835434
0.7241 0.0345 0.116892 0.993145 3.017116
0.7241 0.0690 0.310753 0.950491 2.269808
0.7241 0.1034 0.625878 0.779921 1.690467
0.7241 0.1379 0.946816 0.321777 1.489943
0.7241 0.1724 0.979837 -0.199799 1.799664
0.7241 0.2069 0.870114 -0.492850 2.431924
0.7241 0.2414 0.771239 -0.636545 3.200988
0.7241 0.2759 0.700227 -0.713920 4.029268
0.7241 0.3103 0.0000 0.0000 0.0000
0.7241 0.3448 0.0000 0.0000 0.0000
0.7241 0.3793 0.0000 0.0000 0.0000
0.7241 0.4138 0.0000 0.0000 0.0000
0.7241 0.4483 0.0000 0.0000 0.0000
0.7241 0.4828 0.0000 0.0000 0.0000
0.7241 0.5172 0.0000 0.0000 0.0000
0.7241 0.5517 0.0000 0.0000 0.0000
0.7241 0.5862 0.0000 0.0000 0.0000
0.7241 0.6207 0.0000 0.0000 0.0000
0.7241 0.6552 0.0000 0.0000 0.0000
0.7241 0.6897 0.0000 0.0000 0.0000
0.7241 0.7241 0.0000 0.0000 0.0000
0.7241 0.7586 0.0000 0.0000 0.0000
0.7241 0.7931 0.0000 0.0000 0.0000
0.7241 0.8276 0.0000 0.0000 0.0000
0.7241 0.8621 0.0000 0.0000 0.0000
0.7241 0.8966 0.0000 0.0000 0.0000
0.7241 0.9310 0.0000 0.0000 0.0000
0.7241 0.9655 0.0000 0.0000 0.0000
0.7241 1.0000 0.0000 0.0000 0.0000

0.7586 0.0000 0.000000 1.000000 3.515814
0.7586 0.0345 0.138883 0.990309 2.662665
0.7586 0.0690 0.387801 0.921743 1.907155
0.7586 0.1034 0.783811 0.621000 1.415385
0.7586 0.1379 1.000000 0.000000 1.479191
0.7586 0.1724 0.903148 -0.429329 2.047271
0.7586 0.2069 0.783811 -0.621000 2.830769
0.7586 0.2414 0.700544 -0.713609 3.695106
0.7586 0.2759 0.0000 0.0000 0.0000
0.7586 0.3103 0.0000 0.0000 0.0000
0.7586 0.3448 0.0000 0.0000 0.0000
0.7586 0.3793 0.0000 0.0000 0.0000
0.7586 0.4138 0.0000 0.0000 0.0000
0.7586 0.4483 0.0000 0.0000 0.0000
0.7586 0.4828 0.0000 0.0000 0.0000
0.7586 0.5172 0.0000 0.0000 0.0000
0.7586 0.5517 0.0000 0.0000 0.0000
0.7586 0.5862 0.0000 0.0000 0.0000
0.7586 0.6207 0.0000 0.0000 0.0000
0.7586 0.6552 0.0000 0.0000 0.0000
0.7586 0.6897 0.0000 0.0000 0.0000
0.7586 0.7241 0.0000 0.0000 0.0000
0.7586 0.7586 0.0000 0.0000 0.0000
0.7586 0.7931 0.0000 0.0000 0.0000
0.7586 0.8276 0.0000 0.0000 0.0000
0.7586 0.8621 0.0000 0.0000 0.0000
0.7586 0.8966 0.0000 0.0000 0.0000
0.7586 0.9310 0.0000 0.0000 0.0000
0.7586 0.9655 0.0000 0.0000 0.0000
0.7586 1.0000 0.0000 0.0000 0.0000

0.7931 0.0000 0.000000 1.000000 3.150535
0.7931 0.0345 0.170832 0.985300 2.264923
0.7931 0.0690 0.507825 0.861460 1.523834
0.7931 0.1034 0.946982 0.321287 1.225748
0.7931 0.1379 0.946982 -0.321287 1.634330
0.7931 0.1724 0.801381 -0.598154 2.414085
0.7931 0.2069 0.0000 0.0000 0.0000
0.7931 0.2414 0.0000 0.0000 0.0000
0.7931 0.2759 0.0000 0.0000 0.0000
0.7931 0.3103 0.0000 0.0000 0.0000
0.7931 0.3448 0.0000 0.0000 0.0000
0.7931 0.3793 0.0000 0.0000 0.0000
0.7931 0.4138 0.0000 0.0000 0.0000
0.7931 0.4483 0.0000 0.0000 0.0000
0.7931 0.4828 0.0000 0.0000 0.0000
0.7931 0.5172 0.0000 0.0000 0.0000
0.7931 0.5517 0.0000 0.0000 0.0000
0.7931 0.5862 0.0000 0.0000 0.0000
0.7931 0.6207 0.0000 0.0000 0.0000
0.7931 0.6552 0.0000 0.0000 0.0000
0.7931 0.6897 0.0000 0.0000 0.0000
0.7931 0.7241 0.0000 0.0000 0.0000
0.7931 0.7586 0.0000 0.0000 0.0000
0.7931 0.7931 0.0000 0.0000 0.0000
0.7931 0.8276 0.0000 0.0000 0.0000
0.7931 0.8621 0.0000 0.0000 0.0000
0.7931 0.8966 0.0000 0.0000 0.0000
0.7931 0.9310 0.0000 0.0000 0.0000
0.7931 0.9655 0.0000 0.0000 0.0000
0.7931 1.0000 0.0000 0.0000 0.0000

0.8276 0.0000 0.000000 1.000000 2.739596
0.8276 0.0345 0.221272 0.975212 1.826000
0.8276 0.0690 0.701098 0.713065 1.152600
0.8276 0.1034 0.993675 -0.112293 1.219844
0.8276 0.1379 0.827678 -0.561204 1.952657
0.8276 0.1724 0.701098 -0.713065 2.881500
0.8276 0.2069 0.0000 0.0000 0.0000
0.8276 0.2414 0.0000 0.0000 0.0000
0.8276 0.2759 0.0000 0.0000 0.0000
0.8276 0.3103 0.0000 0.0000 0.0000
0.8276 0.3448 0.0000 0.0000 0.0000
0.8276 0.3793 0.0000 0.0000 0.0000
0.8276 0.4138 0.0000 0.0000 0.0000
0.8276 0.4483 0.0000 0.0000 0.0000
0.8276 0.4828 0.0000 0.0000 0.0000
0.8276 0.5172 0.0000 0.0000 0.0000
0.8276 0.5517 0.0000 0.0000 0.0000
0.8276 0.5862 0.0000 0.0000 0.0000
0.8276 0.6207 0.0000 0.0000 0.0000
0.8276 0.6552 0.0000 0.0000 0.0000
0.8276 0.6897 0.0000 0.0000 0.0000
0.8276 0.7241 0.0000 0.0000 0.0000
0.8276 0.7586 0.0000 0.0000 0.0000
0.8276 0.7931 0.0000 0.0000 0.0000
0.8276 0.8276 0.0000 0.0000 0.0000
0.8276 0.8621 0.0000 0.0000 0.0000
0.8276 0.8966 0.0000 0.0000 0.0000
0.8276 0.9310 0.0000 0.0000 0.0000
0.8276 0.9655 0.0000 0.0000 0.0000
0.8276 1.0000 0.0000 0.0000 0.0000

0.8621 0.0000 0.000000 1.000000 2.282996
0.8621 0.0345 0.311631 0.950203 1.351485
0.8621 0.0690 0.947121 0.320877 0.889359
0.8621 0.1034 0.870773 -0.491685 1.451004
0.8621 0.1379 0.701341 -0.712826 2.402056
0.8621 0.1724 0.0000 0.0000 0.0000
0.8621 0.2069 0.0000 0.0000 0.0000
0.8621 0.2414 0.0000 0.0000 0.0000
0.8621 0.2759 0.0000 0.0000 0.0000
0.8621 0.3103 0.0000 0.0000 0.0000
0.8621 0.3448 0.0000 0.0000 0.0000
0.8621 0.3793 0.0000 0.0000 0.0000
0.8621 0.4138 0.0000 0.0000 0.0000
0.8621 0.4483 0.0000 0.0000 0.0000
0.8621 0.4828 0.0000 0.0000 0.0000
0.8621 0.5172 0.0000 0.0000 0.0000
0.8621 0.5517 0.0000 0.0000 0.0000
0.8621 0.5862 0.0000 0.0000 0.0000
0.8621 0.6207 0.0000 0.0000 0.0000
0.8621 0.6552 0.0000 0.0000 0.0000
0.8621 0.6897 0.0000 0.0000 0.0000
0.8621 0.7241 0.0000 0.0000 0.0000
0.8621 0.7586 0.0000 0.0000 0.0000
0.8621 0.7931 0.0000 0.0000 0.0000
0.8621 0.8276 0.0000 0.0000 0.0000
0.8621 0.8621 0.0000 0.0000 0.0000
0.8621 0.8966 0.0000 0.0000 0.0000
0.8621 0.9310 0.0000 0.0000 0.0000
0.8621 0.9655 0.0000 0.0000 0.0000
0.8621 1.0000 0.0000 0.0000 0.0000

0.8966 0.0000 0.000000 1.000000 1.780737
0.8966 0.0345 0.508599 0.861003 0.861755
0.8966 0.0690 0.947182 -0.320695 0.925456
0.8966 0.1034 0.0000 0.0000 0.0000
0.8966 0.1379 0.0000 0.0000 0.0000
0.8966 0.1724 0.0000 0.0000 0.0000
0.8966 0.2069 0.0000 0.0000 0.0000
0.8966 0.2414 0.0000 0.0000 0.0000
0.8966 0.2759 0.0000 0.0000 0.0000
0.8966 0.3103 0.0000 0.0000 0.0000
0.8966 0.3448 0.0000 0.0000 0.0000
0.8966 0.3793 0.0000 0.0000 0.0000
0.8966 0.4138 0.0000 0.0000 0.0000
0.8966 0.4483 0.0000 0.0000 0.0000
0.8966 0.4828 0.0000 0.0000 0.0000
0.8966 0.5172 0.0000 0.0000 0.0000
0.8966 0.5517 0.0000 0.0000 0.0000
0.8966 0.5862 0.0000 0.0000 0.0000
0.8966 0.6207 0.0000 0.0000 0.0000
0.8966 0.6552 0.0000 0.0000 0.0000
0.8966 0.6897 0.0000 0.0000 0.0000
0.8966 0.7241 0.0000 0.0000 0.0000
0.8966 0.7586 0.0000 0.0000 0.0000
0.8966 0.7931 0.0000 0.0000 0.0000
0.8966 0.8276 0.0000 0.0000 0.0000
0.8966 0.8621 0.0000 0.0000 0.0000
0.8966 0.8966 0.0000 0.0000 0.0000
0.8966 0.9310 0.0000 0.0000 0.0000
0.8966 0.9655 0.0000 0.0000 0.0000
0.8966 1.0000 0.0000 0.0000 0.0000

0.9310 0.0000 0.000000 1.000000 1.232818
0.9310 0.0345 0.947239 0.320528 0.480776
0.9310 0.0690 0.701773 -0.712401 1.297884
0.9310 0.1034 0.0000 0.0000 0.0000
0.9310 0.1379 0.0000 0.0000 0.0000
0.9310 0.1724 0.0000 0.0000 0.0000
0.9310 0.2069 0.0000 0.0000 0.0000
0.9310 0.2414 0.0000 0.0000 0.0000
0.9310 0.2759 0.0000 0.0000 0.0000
0.9310 0.3103 0.0000 0.0000 0.0000
0.9310 0.3448 0.0000 0.0000 0.0000
0.9310 0.3793 0.0000 0.0000 0.0000
0.9310 0.4138 0.0000 0.0000 0.0000
0.9310 0.4483 0.0000 0.0000 0.0000
0.9310 0.4828 0.0000 0.0000 0.0000
0.9310 0.5172 0.0000 0.0000 0.0000
0.9310 0.5517 0.0000 0.0000 0.0000
0.9310 0.5862 0.0000 0.0000 0.0000
0.9310 0.6207 0.0000 0.0000 0.0000
0.9310 0.6552 0.0000 0.0000 0.0000
0.9310 0.6897 0.0000 0.0000 0.0000
0.9310 0.7241 0.0000 0.0000 0.0000
0.9310 0.7586 0.0000 0.0000 0.0000
0.9310 0.7931 0.0000 0.0000 0.0000
0.9310 0.8276 0.0000 0.0000 0.0000
0.9310 0.8621 0.0000 0.0000 0.0000
0.9310 0.8966 0.0000 0.0000 0.0000
0.9310 0.9310 0.0000 0.0000 0.0000
0.9310 0.9655 0.0000 0.0000 0.0000
0.9310 1.0000 0.0000 0.0000 0.0000

0.9655 0.0000 0.000000 1.000000 0.639239
0.9655 0.0345 0.0000 0.0000 0.0000
0.9655 0.0690 0.0000 0.0000 0.0000
0.9655 0.1034 0.0000 0.0000 0.0000
0.9655 0.1379 0.0000 0.0000 0.0000
0.9655 0.1724 0.0000 0.0000 0.0000
0.9655 0.2069 0.0000 0.0000 0.0000
0.9655 0.2414 0.0000 0.0000 0.0000
0.9655 0.2759 0.0000 0.0000 0.0000
0.9655 0.3103 0.0000 0.0000 0.0000
0.9655 0.3448 0.0000 0.0000 0.0000
0.9655 0.3793 0.0000 0.0000 0.0000
0.9655 0.4138 0.0000 0.0000 0.0000
0.9655 0.4483 0.0000 0.0000 0.0000
0.9655 0.4828 0.0000 0.0000 0.0000
0.9655 0.5172 0.0000 0.0000 0.0000
0.9655 0.5517 0.0000 0.0000 0.0000
0.9655 0.5862 0.0000 0.0000 0.0000
0.9655 0.6207 0.0000 0.0000 0.0000
0.9655 0.6552 0.0000 0.0000 0.0000
0.9655 0.6897 0.0000 0.0000 0.0000
0.9655 0.7241 0.0000 0.0000 0.0000
0.9655 0.7586 0.0000 0.0000 0.0000
0.9655 0.7931 0.0000 0.0000 0.0000
0.9655 0.8276 0.0000 0.0000 0.0000
0.9655 0.8621 0.0000 0.0000 0.0000
0.9655 0.8966 0.0000 0.0000 0.0000
0.9655 0.9310 0.0000 0.0000 0.0000
0.9655 0.9655 0.0000 0.0000 0.0000
0.9655 1.0000 0.0000 0.0000 0.0000

1.0000 0.0000 0.000000 0.000000 0.000000
1.0000 0.0345 0.0000 0.0000 0.0000
1.0000 0.0690 0.0000 0.0000 0.0000
1.0000 0.1034 0.0000 0.0000 0.0000
1.0000 0.1379 0.0000 0.0000 0.0000
1.0000 0.1724 0.0000 0.0000 0.0000
1.0000 0.2069 0.0000 0.0000 0.0000
1.0000 0.2414 0.0000 0.0000 0.0000
1.0000 0.2759 0.0000 0.0000 0.0000
1.0000 0.3103 0.0000 0.0000 0.0000
1.0000 0.3448 0.0000 0.0000 0.0000
1.0000 0.3793 0.0000 0.0000 0.0000
1.0000 0.4138 0.0000 0.0000 0.0000
1.0000 0.4483 0.0000 0.0000 0.0000
1.0000 0.4828 0.0000 0.0000 0.0000
1.0000 0.5172 0.0000 0.0000 0.0000
1.0000 0.5517 0.0000 0.0000 0.0000
1.0000 0.5862 0.0000 0.0000 0.0000
1.0000 0.6207 0.0000 0.0000 0.0000
1.0000 0.6552 0.0000 0.0000 0.0000
1.0000 0.6897 0.0000 0.0000 0.0000
1.0000 0.7241 0.0000 0.0000 0.0000
1.0000 0.7586 0.0000 0.0000 0.0000
1.0000 0.7931 0.0000 0.0000 0.0000
1.0000 0.8276 0.0000 0.0000 0.0000
1.0000 0.8621 0.0000 0.0000 0.0000
1.0000 0.8966 0.0000 0.0000 0.0000
1.0000 0.9310 0.0000 0.0000 0.0000
1.0000 0.9655 0.0000 0.0000 0.0000
1.0000 1.0000 0.0000 0.0000 0.0000

