0.0000 0.0000 0.0000 0.0000 0.0000
0.0000 0.0345 0.0000 0.0000 0.0000
0.0000 0.0690 0.0000 0.0000 0.0000
0.0000 0.1034 0.0000 0.0000 0.0000
0.0000 0.1379 0.0000 0.0000 0.0000
0.0000 0.1724 0.0000 0.0000 0.0000
0.0000 0.2069 0.0000 0.0000 0.0000
0.0000 0.2414 0.0000 0.0000 0.0000
0.0000 0.2759 0.0000 0.0000 0.0000
0.0000 0.3103 0.0000 0.0000 0.0000
0.0000 0.3448 0.0000 0.0000 0.0000
0.0000 0.3793 0.0000 0.0000 0.0000
0.0000 0.4138 0.0000 0.0000 0.0000
0.0000 0.4483 0.0000 0.0000 0.0000
0.0000 0.4828 0.0000 0.0000 0.0000
0.0000 0.5172 0.0000 0.0000 0.0000
0.0000 0.5517 0.0000 0.0000 0.0000
0.0000 0.5862 0.0000 0.0000 0.0000
0.0000 0.6207 0.0000 0.0000 0.0000
0.0000 0.6552 0.0000 0.0000 0.0000
0.0000 0.6897 0.0000 0.0000 0.0000
0.0000 0.7241 0.0000 0.0000 0.0000
0.0000 0.7586 0.0000 0.0000 0.0000
0.0000 0.7931 0.0000 0.0000 0.0000
0.0000 0.8276 0.0000 0.0000 0.0000
0.0000 0.8621 0.0000 0.0000 0.0000
0.0000 0.8966 0.0000 0.0000 0.0000
0.0000 0.9310 0.0000 0.0000 0.0000
0.0000 0.9655 0.0000 0.0000 0.0000
0.0000 1.0000 0.0000 0.0000 0.0000

0.0345 0.0000 0.0000 0.0000 0.0000
0.0345 0.0345 -0.008254 0.999966 0.187283
0.0345 0.0690 -0.017684 0.999844 0.174819
0.0345 0.1034 -0.028560 0.999592 0.162373
0.0345 0.1379 -0.041235 0.999149 0.149949
0.0345 0.1724 -0.056188 0.998420 0.137554
0.0345 0.2069 -0.074082 0.997252 0.125195
0.0345 0.2414 -0.095853 0.995396 0.112886
0.0345 0.2759 -0.122871 0.992423 0.100644
0.0345 0.3103 -0.157204 0.987566 0.088496
0.0345 0.3448 -0.202091 0.979367 0.076489
0.0345 0.3793 -0.262806 0.964849 0.064700
0.0345 0.4138 -0.348186 0.937425 0.053274
0.0345 0.4483 -0.472765 0.881189 0.042506
0.0345 0.4828 -0.654930 0.755689 0.033043
0.0345 0.5172 -0.880471 0.474100 0.026334
0.0345 0.5517 -1.000000 0.000000 0.024732
0.0345 0.5862 -0.903238 -0.429140 0.029093
0.0345 0.6207 -0.744242 -0.667910 0.037386
0.0345 0.6552 -0.617049 -0.786925 0.047597
0.0345 0.6897 -0.526355 -0.850265 0.058735
0.0345 0.7241 -0.461353 -0.887217 0.070361
0.0345 0.7586 -0.413367 -0.910564 0.082269
0.0345 0.7931 -0.376816 -0.926288 0.094351
0.0345 0.8276 -0.348186 -0.937425 0.106548
0.0345 0.8621 -0.325220 -0.945639 0.118826
0.0345 0.8966 -0.306420 -0.951896 0.131161
0.0345 0.9310 -0.290766 -0.956794 0.143538
0.0345 0.9655 0.0000 0.0000 0.0000
0.0345 1.0000 0.0000 0.0000 0.0000

0.0690 0.0000 0.0000 0.0000 0.0000
0.0690 0.0345 0.010560 0.999944 0.360305
0.0690 0.0690 0.022689 0.999743 0.335401
0.0690 0.1034 0.036757 0.999324 0.310555
0.0690 0.1379 0.053258 0.998581 0.285780
0.0690 0.1724 0.072865 0.997342 0.261098
0.0690 0.2069 0.096517 0.995331 0.236538
0.0690 0.2414 0.125552 0.992087 0.212142
0.0690 0.2759 0.161937 0.986801 0.187975
0.0690 0.3103 0.208638 0.977993 0.164135
0.0690 0.3448 0.270256 0.962788 0.140792
0.0690 0.3793 0.353987 0.935250 0.118239
0.0690 0.4138 0.470588 0.882353 0.097027
0.0690 0.4483 0.632079 0.774904 0.078258
0.0690 0.4828 0.830907 0.556411 0.064111
0.0690 0.5172 0.982872 0.184289 0.058070
0.0690 0.5517 0.973616 -0.228191 0.062530
0.0690 0.5862 0.854987 -0.518650 0.075656
0.0690 0.6207 0.729537 -0.683941 0.093881
0.0690 0.6552 0.629734 -0.776811 0.114802
0.0690 0.6897 0.554700 -0.832050 0.137191
0.0690 0.7241 0.498053 -0.867146 0.160434
0.0690 0.7586 0.454429 -0.890783 0.184209
0.0690 0.7931 0.420071 -0.907491 0.208333
0.0690 0.8276 0.392439 -0.919778 0.232698
0.0690 0.8621 0.369796 -0.929113 0.257236
0.0690 0.8966 0.350939 -0.936398 0.281901
0.0690 0.9310 0.0000 0.0000 0.0000
0.0690 0.9655 0.0000 0.0000 0.0000
0.0690 1.0000 0.0000 0.0000 0.0000

0.1034 0.0000 0.0000 0.0000 0.0000
0.1034 0.0345 0.017638 0.999844 0.519106
0.1034 0.0690 0.037997 0.999278 0.481918
0.1034 0.1034 0.061729 0.998093 0.444963
0.1034 0.1379 0.089695 0.995969 0.408305
0.1034 0.1724 0.123051 0.992400 0.372031
0.1034 0.2069 0.163367 0.986565 0.336266
0.1034 0.2414 0.212790 0.977098 0.301190
0.1034 0.2759 0.274251 0.961658 0.267077
0.1034 0.3103 0.351624 0.936141 0.234347
0.1034 0.3448 0.449547 0.893256 0.203666
0.1034 0.3793 0.571875 0.820341 0.176111
0.1034 0.4138 0.716349 0.697742 0.153374
0.1034 0.4483 0.863372 0.504568 0.137861
0.1034 0.4828 0.970037 0.242959 0.132140
0.1034 0.5172 0.999242 -0.038932 0.137441
0.1034 0.5517 0.959860 -0.280479 0.152618
0.1034 0.5862 0.888790 -0.458314 0.175123
0.1034 0.6207 0.813733 -0.581238 0.202528
0.1034 0.6552 0.746254 -0.665661 0.233110
0.1034 0.6897 0.688985 -0.724776 0.265776
0.1034 0.7241 0.641237 -0.767343 0.299844
0.1034 0.7586 0.601476 -0.798891 0.334888
0.1034 0.7931 0.568175 -0.822908 0.370630
0.1034 0.8276 0.540048 -0.841634 0.406886
0.1034 0.8621 0.516072 -0.856545 0.443532
0.1034 0.8966 0.0000 0.0000 0.0000
0.1034 0.9310 0.0000 0.0000 0.0000
0.1034 0.9655 0.0000 0.0000 0.0000
0.1034 1.0000 0.0000 0.0000 0.0000

0.1379 0.0000 0.0000 0.0000 0.0000
0.1379 0.0345 0.021859 0.999761 0.663654
0.1379 0.0690 0.047234 0.998884 0.614241
0.1379 0.1034 0.076986 0.997032 0.565292
0.1379 0.1379 0.112249 0.993680 0.516941
0.1379 0.1724 0.154531 0.987988 0.469372
0.1379 0.2069 0.205840 0.978586 0.422848
0.1379 0.2414 0.268813 0.963193 0.377757
0.1379 0.2759 0.346759 0.937954 0.334677
0.1379 0.3103 0.443333 0.896357 0.294494
0.1379 0.3448 0.561052 0.827781 0.258560
0.1379 0.3793 0.697167 0.716908 0.228886
0.1379 0.4138 0.836244 0.548357 0.208167
0.1379 0.4483 0.946634 0.322309 0.199216
0.1379 0.4828 0.997541 0.070085 0.203592
0.1379 0.5172 0.986828 -0.161775 0.220503
0.1379 0.5517 0.938212 -0.346062 0.247390
0.1379 0.5862 0.876341 -0.481692 0.281410
0.1379 0.6207 0.815236 -0.579129 0.320297
0.1379 0.6552 0.760367 -0.649494 0.362489
0.1379 0.6897 0.712926 -0.701239 0.406958
0.1379 0.7241 0.672438 -0.740154 0.453034
0.1379 0.7586 0.637937 -0.770088 0.500275
0.1379 0.7931 0.608432 -0.793606 0.548378
0.1379 0.8276 0.583045 -0.812440 0.597136
0.1379 0.8621 0.0000 0.0000 0.0000
0.1379 0.8966 0.0000 0.0000 0.0000
0.1379 0.9310 0.0000 0.0000 0.0000
0.1379 0.9655 0.0000 0.0000 0.0000
0.1379 1.0000 0.0000 0.0000 0.0000

0.1724 0.0000 0.0000 0.0000 0.0000
0.1724 0.0345 0.025011 0.999687 0.793946
0.1724 0.0690 0.054229 0.998529 0.732350
0.1724 0.1034 0.088715 0.996057 0.671494
0.1724 0.1379 0.129871 0.991531 0.611601
0.1724 0.1724 0.179548 0.983749 0.552982
0.1724 0.2069 0.240166 0.970732 0.496089
0.1724 0.2414 0.314773 0.949167 0.441591
0.1724 0.2759 0.406816 0.913510 0.390492
0.1724 0.3103 0.519059 0.854738 0.344307
0.1724 0.3448 0.650471 0.759531 0.305276
0.1724 0.3793 0.790139 0.612928 0.276446
0.1724 0.4138 0.912228 0.409683 0.261215
0.1724 0.4483 0.985408 0.170211 0.261968
0.1724 0.4828 0.997948 -0.064026 0.278574
0.1724 0.5172 0.965560 -0.260181 0.308484
0.1724 0.5517 0.912228 -0.409683 0.348287
0.1724 0.5862 0.854611 -0.519269 0.395003
0.1724 0.6207 0.800575 -0.599233 0.446469
0.1724 0.6552 0.752738 -0.658320 0.501222
0.1724 0.6897 0.711354 -0.702834 0.558297
0.1724 0.7241 0.675803 -0.737082 0.617049
0.1724 0.7586 0.645249 -0.763972 0.677042
0.1724 0.7931 0.618881 -0.785485 0.737974
0.1724 0.8276 0.0000 0.0000 0.0000
0.1724 0.8621 0.0000 0.0000 0.0000
0.1724 0.8966 0.0000 0.0000 0.0000
0.1724 0.9310 0.0000 0.0000 0.0000
0.1724 0.9655 0.0000 0.0000 0.0000
0.1724 1.0000 0.0000 0.0000 0.0000

0.2069 0.0000 0.0000 0.0000 0.0000
0.2069 0.0345 0.027702 0.999616 0.909981
0.2069 0.0690 0.060289 0.998181 0.836242
0.2069 0.1034 0.099041 0.995083 0.763564
0.2069 0.1379 0.145652 0.989336 0.692282
0.2069 0.1724 0.202353 0.979313 0.622874
0.2069 0.2069 0.272009 0.962295 0.556043
0.2069 0.2414 0.358041 0.933706 0.492839
0.2069 0.2759 0.463762 0.885960 0.434845
0.2069 0.3103 0.590156 0.807289 0.384428
0.2069 0.3448 0.730826 0.682564 0.344926
0.2069 0.3793 0.865443 0.501007 0.320401
0.2069 0.4138 0.962206 0.272322 0.314379
0.2069 0.4483 0.999467 0.032639 0.327880
0.2069 0.4828 0.983849 -0.179002 0.358707
0.2069 0.5172 0.938494 -0.345295 0.402902
0.2069 0.5517 0.883331 -0.468749 0.456600
0.2069 0.5862 0.829137 -0.559046 0.516848
0.2069 0.6207 0.780150 -0.625592 0.581613
0.2069 0.6552 0.737367 -0.675492 0.649546
0.2069 0.6897 0.700468 -0.713684 0.719750
0.2069 0.7241 0.668716 -0.743518 0.791622
0.2069 0.7586 0.641320 -0.767274 0.864745
0.2069 0.7931 0.0000 0.0000 0.0000
0.2069 0.8276 0.0000 0.0000 0.0000
0.2069 0.8621 0.0000 0.0000 0.0000
0.2069 0.8966 0.0000 0.0000 0.0000
0.2069 0.9310 0.0000 0.0000 0.0000
0.2069 0.9655 0.0000 0.0000 0.0000
0.2069 1.0000 0.0000 0.0000 0.0000

0.2414 0.0000 0.0000 0.0000 0.0000
0.2414 0.0345 0.030204 0.999544 1.011758
0.2414 0.0690 0.066008 0.997819 0.925919
0.2414 0.1034 0.108943 0.994048 0.841513
0.2414 0.1379 0.161045 0.986947 0.759016
0.2414 0.1724 0.224987 0.974362 0.679124
0.2414 0.2069 0.304132 0.952630 0.602874
0.2414 0.2414 0.402214 0.915546 0.531836
0.2414 0.2759 0.521943 0.852980 0.468386
0.2414 0.3103 0.661111 0.750288 0.416011
0.2414 0.3448 0.805607 0.592450 0.379327
0.2414 0.3793 0.925719 0.378212 0.363120
0.2414 0.4138 0.990854 0.134941 0.370091
0.2414 0.4483 0.995585 -0.093867 0.399027
0.2414 0.4828 0.959958 -0.280143 0.445669
0.2414 0.5172 0.907442 -0.420177 0.505137
0.2414 0.5517 0.852625 -0.522523 0.573455
0.2414 0.5862 0.801912 -0.597442 0.647827
0.2414 0.6207 0.757242 -0.653134 0.726398
0.2414 0.6552 0.718638 -0.695385 0.807943
0.2414 0.6897 0.685448 -0.728122 0.891646
0.2414 0.7241 0.656875 -0.754000 0.976954
0.2414 0.7586 0.0000 0.0000 0.0000
0.2414 0.7931 0.0000 0.0000 0.0000
0.2414 0.8276 0.0000 0.0000 0.0000
0.2414 0.8621 0.0000 0.0000 0.0000
0.2414 0.8966 0.0000 0.0000 0.0000
0.2414 0.9310 0.0000 0.0000 0.0000
0.2414 0.9655 0.0000 0.0000 0.0000
0.2414 1.0000 0.0000 0.0000 0.0000

0.2759 0.0000 0.0000 0.0000 0.0000
0.2759 0.0345 0.032667 0.999466 1.099279
0.2759 0.0690 0.071720 0.997425 1.001390
0.2759 0.1034 0.118990 0.992895 0.905362
0.2759 0.1379 0.176926 0.984224 0.811857
0.2759 0.1724 0.248732 0.968572 0.721854
0.2759 0.2069 0.338323 0.941030 0.636841
0.2759 0.2414 0.449594 0.893233 0.559099
0.2759 0.2759 0.583795 0.811901 0.492085
0.2759 0.3103 0.733312 0.679892 0.440722
0.2759 0.3448 0.873884 0.486134 0.410920
0.2759 0.3793 0.969487 0.245144 0.407438
0.2759 0.4138 1.000000 0.000000 0.430916
0.2759 0.4483 0.977868 -0.209223 0.477391
0.2759 0.4828 0.929323 -0.369267 0.540969
0.2759 0.5172 0.873884 -0.486134 0.616380
0.2759 0.5517 0.821016 -0.570905 0.699809
0.2759 0.5862 0.773998 -0.633189 0.788715
0.2759 0.6207 0.733312 -0.679892 0.881444
0.2759 0.6552 0.698412 -0.715696 0.976906
0.2759 0.6897 0.668475 -0.743734 1.074374
0.2759 0.7241 0.0000 0.0000 0.0000
0.2759 0.7586 0.0000 0.0000 0.0000
0.2759 0.7931 0.0000 0.0000 0.0000
0.2759 0.8276 0.0000 0.0000 0.0000
0.2759 0.8621 0.0000 0.0000 0.0000
0.2759 0.8966 0.0000 0.0000 0.0000
0.2759 0.9310 0.0000 0.0000 0.0000
0.2759 0.9655 0.0000 0.0000 0.0000
0.2759 1.0000 0.0000 0.0000 0.0000

0.3103 0.0000 0.0000 0.0000 0.0000
0.3103 0.0345 0.035189 0.999381 1.172545
0.3103 0.0690 0.077655 0.996980 1.062662
0.3103 0.1034 0.129595 0.991567 0.955141
0.3103 0.1379 0.193966 0.981008 0.850880
0.3103 0.1724 0.274617 0.961554 0.751237
0.3103 0.2069 0.376057 0.926596 0.658310
0.3103 0.2414 0.501981 0.864879 0.575366
0.3103 0.2759 0.650637 0.759389 0.507323
0.3103 0.3103 0.805814 0.592169 0.460831
0.3103 0.3448 0.931954 0.362576 0.442730
0.3103 0.3793 0.994418 0.105512 0.456412
0.3103 0.4138 0.991696 -0.128606 0.499271
0.3103 0.4483 0.949856 -0.312688 0.564702
0.3103 0.4828 0.894354 -0.447361 0.645881
0.3103 0.5172 0.839051 -0.544053 0.737626
0.3103 0.5517 0.789230 -0.614098 0.836469
0.3103 0.5862 0.746061 -0.665878 0.940174
0.3103 0.6207 0.709147 -0.705060 1.047296
0.3103 0.6552 0.677635 -0.735398 1.156887
0.3103 0.6897 0.0000 0.0000 0.0000
0.3103 0.7241 0.0000 0.0000 0.0000
0.3103 0.7586 0.0000 0.0000 0.0000
0.3103 0.7931 0.0000 0.0000 0.0000
0.3103 0.8276 0.0000 0.0000 0.0000
0.3103 0.8621 0.0000 0.0000 0.0000
0.3103 0.8966 0.0000 0.0000 0.0000
0.3103 0.9310 0.0000 0.0000 0.0000
0.3103 0.9655 0.0000 0.0000 0.0000
0.3103 1.0000 0.0000 0.0000 0.0000

0.3448 0.0000 0.0000 0.0000 0.0000
0.3448 0.0345 0.037847 0.999284 1.231560
0.3448 0.0690 0.084003 0.996465 1.109749
0.3448 0.1034 0.141119 0.989993 0.990891
0.3448 0.1379 0.212790 0.977098 0.876190
0.3448 0.1724 0.303651 0.952783 0.767512
0.3448 0.2069 0.418787 0.908084 0.667802
0.3448 0.2414 0.560911 0.827876 0.581693
0.3448 0.2759 0.722602 0.691264 0.516037
0.3448 0.3103 0.875208 0.483746 0.479315
0.3448 0.3448 0.974642 0.223770 0.478239
0.3448 0.3793 0.999395 -0.034766 0.513033
0.3448 0.4138 0.968968 -0.247186 0.577247
0.3448 0.4483 0.914801 -0.403905 0.662380
0.3448 0.4828 0.856996 -0.515322 0.761446
0.3448 0.5172 0.803920 -0.594737 0.869698
0.3448 0.5517 0.757822 -0.652461 0.984108
0.3448 0.5862 0.718550 -0.695475 1.102763
0.3448 0.6207 0.685219 -0.728337 1.224427
0.3448 0.6552 0.0000 0.0000 0.0000
0.3448 0.6897 0.0000 0.0000 0.0000
0.3448 0.7241 0.0000 0.0000 0.0000
0.3448 0.7586 0.0000 0.0000 0.0000
0.3448 0.7931 0.0000 0.0000 0.0000
0.3448 0.8276 0.0000 0.0000 0.0000
0.3448 0.8621 0.0000 0.0000 0.0000
0.3448 0.8966 0.0000 0.0000 0.0000
0.3448 0.9310 0.0000 0.0000 0.0000
0.3448 0.9655 0.0000 0.0000 0.0000
0.3448 1.0000 0.0000 0.0000 0.0000

0.3793 0.0000 0.0000 0.0000 0.0000
0.3793 0.0345 0.040712 0.999171 1.276326
0.3793 0.0690 0.090949 0.995856 1.142667
0.3793 0.1034 0.153936 0.988081 1.012665
0.3793 0.1379 0.234082 0.972217 0.887927
0.3793 0.1724 0.336971 0.941515 0.771014
0.3793 0.2069 0.468085 0.883684 0.666059
0.3793 0.2414 0.627568 0.778562 0.579592
0.3793 0.2759 0.798023 0.602626 0.520907
0.3793 0.3103 0.935535 0.353234 0.499883
0.3793 0.3448 0.997161 0.075300 0.521099
0.3793 0.3793 0.985590 -0.169152 0.579938
0.3793 0.4138 0.935535 -0.353234 0.666510
0.3793 0.4483 0.875535 -0.483155 0.771534
0.3793 0.4828 0.818766 -0.574127 0.888492
0.3793 0.5172 0.769230 -0.638972 1.013259
0.3793 0.5517 0.727198 -0.686428 1.143281
0.3793 0.5862 0.691766 -0.722122 1.276954
0.3793 0.6207 0.0000 0.0000 0.0000
0.3793 0.6552 0.0000 0.0000 0.0000
0.3793 0.6897 0.0000 0.0000 0.0000
0.3793 0.7241 0.0000 0.0000 0.0000
0.3793 0.7586 0.0000 0.0000 0.0000
0.3793 0.7931 0.0000 0.0000 0.0000
0.3793 0.8276 0.0000 0.0000 0.0000
0.3793 0.8621 0.0000 0.0000 0.0000
0.3793 0.8966 0.0000 0.0000 0.0000
0.3793 0.9310 0.0000 0.0000 0.0000
0.3793 0.9655 0.0000 0.0000 0.0000
0.3793 1.0000 0.0000 0.0000 0.0000

0.4138 0.0000 0.0000 0.0000 0.0000
0.4138 0.0345 0.043856 0.999038 1.306846
0.4138 0.0690 0.098693 0.995118 1.161437
0.4138 0.1034 0.168479 0.985705 1.020534
0.4138 0.1379 0.258665 0.965967 0.886286
0.4138 0.1724 0.375959 0.926636 0.762221
0.4138 0.2069 0.525679 0.850683 0.654157
0.4138 0.2414 0.702303 0.711878 0.571248
0.4138 0.2759 0.872444 0.488714 0.525537
0.4138 0.3103 0.979149 0.203143 0.526799
0.4138 0.3448 0.997222 -0.074481 0.574724
0.4138 0.3793 0.956354 -0.292209 0.659212
0.4138 0.4138 0.895169 -0.445727 0.768294
0.4138 0.4483 0.834338 -0.551254 0.893002
0.4138 0.4828 0.780778 -0.624808 1.027664
0.4138 0.5172 0.735505 -0.677519 1.168844
0.4138 0.5517 0.697636 -0.716452 1.314444
0.4138 0.5862 0.665906 -0.746036 1.463144
0.4138 0.6207 0.0000 0.0000 0.0000
0.4138 0.6552 0.0000 0.0000 0.0000
0.4138 0.6897 0.0000 0.0000 0.0000
0.4138 0.7241 0.0000 0.0000 0.0000
0.4138 0.7586 0.0000 0.0000 0.0000
0.4138 0.7931 0.0000 0.0000 0.0000
0.4138 0.8276 0.0000 0.0000 0.0000
0.4138 0.8621 0.0000 0.0000 0.0000
0.4138 0.8966 0.0000 0.0000 0.0000
0.4138 0.9310 0.0000 0.0000 0.0000
0.4138 0.9655 0.0000 0.0000 0.0000
0.4138 1.0000 0.0000 0.0000 0.0000

0.4483 0.0000 0.0000 0.0000 0.0000
0.4483 0.0345 0.047360 0.998878 1.323126
0.4483 0.0690 0.107476 0.994208 1.166089
0.4483 0.1034 0.185286 0.982685 1.014596
0.4483 0.1379 0.287598 0.957751 0.871542
0.4483 0.1724 0.422359 0.906429 0.741828
0.4483 0.2069 0.593314 0.804971 0.633696
0.4483 0.2414 0.783576 0.621296 0.559798
0.4483 0.2759 0.937856 0.347025 0.534526
0.4483 0.3103 0.999156 0.041079 0.564448
0.4483 0.3448 0.976231 -0.216734 0.641892
0.4483 0.3793 0.916226 -0.400661 0.752323
0.4483 0.4138 0.851159 -0.524908 0.883457
0.4483 0.4483 0.792904 -0.609347 1.027395
0.4483 0.4828 0.743805 -0.668396 1.179461
0.4483 0.5172 0.703093 -0.711098 1.336882
0.4483 0.5517 0.0000 0.0000 0.0000
0.4483 0.5862 0.0000 0.0000 0.0000
0.4483 0.6207 0.0000 0.0000 0.0000
0.4483 0.6552 0.0000 0.0000 0.0000
0.4483 0.6897 0.0000 0.0000 0.0000
0.4483 0.7241 0.0000 0.0000 0.0000
0.4483 0.7586 0.0000 0.0000 0.0000
0.4483 0.7931 0.0000 0.0000 0.0000
0.4483 0.8276 0.0000 0.0000 0.0000
0.4483 0.8621 0.0000 0.0000 0.0000
0.4483 0.8966 0.0000 0.0000 0.0000
0.4483 0.9310 0.0000 0.0000 0.0000
0.4483 0.9655 0.0000 0.0000 0.0000
0.4483 1.0000 0.0000 0.0000 0.0000

0.4828 0.0000 0.0000 0.0000 0.0000
0.4828 0.0345 0.051325 0.998682 1.325171
0.4828 0.0690 0.117605 0.993060 1.156659
0.4828 0.1034 0.205071 0.978747 0.994987
0.4828 0.1379 0.322307 0.946635 0.844094
0.4828 0.1724 0.478383 0.878151 0.710876
0.4828 0.2069 0.672205 0.740365 0.607085
0.4828 0.2414 0.866186 0.499722 0.549651
0.4828 0.2759 0.983566 0.180550 0.553206
0.4828 0.3103 0.992595 -0.121471 0.616695
0.4828 0.3448 0.938735 -0.344640 0.724531
0.4828 0.3793 0.869753 -0.493487 0.860195
0.4828 0.4138 0.806046 -0.591852 1.012561
0.4828 0.4483 0.752401 -0.658705 1.175152
0.4828 0.4828 0.708344 -0.705867 1.344262
0.4828 0.5172 0.0000 0.0000 0.0000
0.4828 0.5517 0.0000 0.0000 0.0000
0.4828 0.5862 0.0000 0.0000 0.0000
0.4828 0.6207 0.0000 0.0000 0.0000
0.4828 0.6552 0.0000 0.0000 0.0000
0.4828 0.6897 0.0000 0.0000 0.0000
0.4828 0.7241 0.0000 0.0000 0.0000
0.4828 0.7586 0.0000 0.0000 0.0000
0.4828 0.7931 0.0000 0.0000 0.0000
0.4828 0.8276 0.0000 0.0000 0.0000
0.4828 0.8621 0.0000 0.0000 0.0000
0.4828 0.8966 0.0000 0.0000 0.0000
0.4828 0.9310 0.0000 0.0000 0.0000
0.4828 0.9655 0.0000 0.0000 0.0000
0.4828 1.0000 0.0000 0.0000 0.0000

0.5172 0.0000 0.0000 0.0000 0.0000
0.5172 0.0345 0.055876 0.998438 1.312991
0.5172 0.0690 0.129483 0.991582 1.133202
0.5172 0.1034 0.228812 0.973471 0.961904
0.5172 0.1379 0.364756 0.931103 0.804538
0.5172 0.1724 0.546700 0.837328 0.670981
0.5172 0.2069 0.761604 0.648042 0.577978
0.5172 0.2414 0.939482 0.342599 0.546637
0.5172 0.2759 1.000000 0.000000 0.586920
0.5172 0.3103 0.962052 -0.272867 0.686330
0.5172 0.3448 0.890643 -0.454704 0.823732
0.5172 0.3793 0.820701 -0.571359 0.983325
0.5172 0.4138 0.761604 -0.648042 1.155955
0.5172 0.4483 0.713571 -0.700583 1.336581
0.5172 0.4828 0.0000 0.0000 0.0000
0.5172 0.5172 0.0000 0.0000 0.0000
0.5172 0.5517 0.0000 0.0000 0.0000
0.5172 0.5862 0.0000 0.0000 0.0000
0.5172 0.6207 0.0000 0.0000 0.0000
0.5172 0.6552 0.0000 0.0000 0.0000
0.5172 0.6897 0.0000 0.0000 0.0000
0.5172 0.7241 0.0000 0.0000 0.0000
0.5172 0.7586 0.0000 0.0000 0.0000
0.5172 0.7931 0.0000 0.0000 0.0000
0.5172 0.8276 0.0000 0.0000 0.0000
0.5172 0.8621 0.0000 0.0000 0.0000
0.5172 0.8966 0.0000 0.0000 0.0000
0.5172 0.9310 0.0000 0.0000 0.0000
0.5172 0.9655 0.0000 0.0000 0.0000
0.5172 1.0000 0.0000 0.0000 0.0000

0.5517 0.0000 0.0000 0.0000 0.0000
0.5517 0.0345 0.061181 0.998127 1.286596
0.5517 0.0690 0.143669 0.989626 1.095791
0.5517 0.1034 0.257905 0.966170 0.915637
0.5517 0.1379 0.417697 0.908586 0.753807
0.5517 0.1724 0.630019 0.776580 0.624710
0.5517 0.2069 0.855892 0.517155 0.551816
0.5517 0.2414 0.988144 0.153531 0.557622
0.5517 0.2759 0.983965 -0.178362 0.639989
0.5517 0.3103 0.914267 -0.405113 0.774875
0.5517 0.3448 0.837460 -0.546499 0.939936
0.5517 0.3793 0.771771 -0.635900 1.121931
0.5517 0.4138 0.718952 -0.695060 1.313842
0.5517 0.4483 0.0000 0.0000 0.0000
0.5517 0.4828 0.0000 0.0000 0.0000
0.5517 0.5172 0.0000 0.0000 0.0000
0.5517 0.5517 0.0000 0.0000 0.0000
0.5517 0.5862 0.0000 0.0000 0.0000
0.5517 0.6207 0.0000 0.0000 0.0000
0.5517 0.6552 0.0000 0.0000 0.0000
0.5517 0.6897 0.0000 0.0000 0.0000
0.5517 0.7241 0.0000 0.0000 0.0000
0.5517 0.7586 0.0000 0.0000 0.0000
0.5517 0.7931 0.0000 0.0000 0.0000
0.5517 0.8276 0.0000 0.0000 0.0000
0.5517 0.8621 0.0000 0.0000 0.0000
0.5517 0.8966 0.0000 0.0000 0.0000
0.5517 0.9310 0.0000 0.0000 0.0000
0.5517 0.9655 0.0000 0.0000 0.0000
0.5517 1.0000 0.0000 0.0000 0.0000

0.5862 0.0000 0.0000 0.0000 0.0000
0.5862 0.0345 0.067469 0.997721 1.246002
0.5862 0.0690 0.160964 0.986960 1.044536
0.5862 0.1034 0.294408 0.955680 0.856634
0.5862 0.1379 0.484944 0.874545 0.693413
0.5862 0.1724 0.729441 0.684044 0.576240
0.5862 0.2069 0.940684 0.339285 0.536205
0.5862 0.2414 0.998675 -0.051457 0.589247
0.5862 0.2759 0.940684 -0.339285 0.714940
0.5862 0.3103 0.857065 -0.515209 0.882780
0.5862 0.3448 0.783349 -0.621582 1.073169
0.5862 0.3793 0.724681 -0.689085 1.276055
0.5862 0.4138 0.678719 -0.734398 1.486329
0.5862 0.4483 0.0000 0.0000 0.0000
0.5862 0.4828 0.0000 0.0000 0.0000
0.5862 0.5172 0.0000 0.0000 0.0000
0.5862 0.5517 0.0000 0.0000 0.0000
0.5862 0.5862 0.0000 0.0000 0.0000
0.5862 0.6207 0.0000 0.0000 0.0000
0.5862 0.6552 0.0000 0.0000 0.0000
0.5862 0.6897 0.0000 0.0000 0.0000
0.5862 0.7241 0.0000 0.0000 0.0000
0.5862 0.7586 0.0000 0.0000 0.0000
0.5862 0.7931 0.0000 0.0000 0.0000
0.5862 0.8276 0.0000 0.0000 0.0000
0.5862 0.8621 0.0000 0.0000 0.0000
0.5862 0.8966 0.0000 0.0000 0.0000
0.5862 0.9310 0.0000 0.0000 0.0000
0.5862 0.9655 0.0000 0.0000 0.0000
0.5862 1.0000 0.0000 0.0000 0.0000

0.6207 0.0000 0.0000 0.0000 0.0000
0.6207 0.0345 0.075063 0.997179 1.191232
0.6207 0.0690 0.182559 0.983195 0.979601
0.6207 0.1034 0.341451 0.939899 0.785623
0.6207 0.1379 0.571421 0.820657 0.625930
0.6207 0.1724 0.839870 0.542788 0.532329
0.6207 0.2069 0.992914 0.118833 0.540333
0.6207 0.2414 0.968653 -0.248420 0.646178
0.6207 0.2759 0.880434 -0.474170 0.812485
0.6207 0.3103 0.796938 -0.604062 1.009811
0.6207 0.3448 0.730991 -0.682388 1.223235
0.6207 0.3793 0.0000 0.0000 0.0000
0.6207 0.4138 0.0000 0.0000 0.0000
0.6207 0.4483 0.0000 0.0000 0.0000
0.6207 0.4828 0.0000 0.0000 0.0000
0.6207 0.5172 0.0000 0.0000 0.0000
0.6207 0.5517 0.0000 0.0000 0.0000
0.6207 0.5862 0.0000 0.0000 0.0000
0.6207 0.6207 0.0000 0.0000 0.0000
0.6207 0.6552 0.0000 0.0000 0.0000
0.6207 0.6897 0.0000 0.0000 0.0000
0.6207 0.7241 0.0000 0.0000 0.0000
0.6207 0.7586 0.0000 0.0000 0.0000
0.6207 0.7931 0.0000 0.0000 0.0000
0.6207 0.8276 0.0000 0.0000 0.0000
0.6207 0.8621 0.0000 0.0000 0.0000
0.6207 0.8966 0.0000 0.0000 0.0000
0.6207 0.9310 0.0000 0.0000 0.0000
0.6207 0.9655 0.0000 0.0000 0.0000
0.6207 1.0000 0.0000 0.0000 0.0000

0.6552 0.0000 0.0000 0.0000 0.0000
0.6552 0.0345 0.084440 0.996429 1.122320
0.6552 0.0690 0.210304 0.977636 0.901249
0.6552 0.1034 0.403927 0.914791 0.703851
0.6552 0.1379 0.681861 0.731482 0.555938
0.6552 0.1724 0.941608 0.336711 0.503225
0.6552 0.2069 0.992971 -0.118359 0.572634
0.6552 0.2414 0.908573 -0.417725 0.730130
0.6552 0.2759 0.813389 -0.581721 0.932082
0.6552 0.3103 0.738191 -0.674591 1.155409
0.6552 0.3448 0.0000 0.0000 0.0000
0.6552 0.3793 0.0000 0.0000 0.0000
0.6552 0.4138 0.0000 0.0000 0.0000
0.6552 0.4483 0.0000 0.0000 0.0000
0.6552 0.4828 0.0000 0.0000 0.0000
0.6552 0.5172 0.0000 0.0000 0.0000
0.6552 0.5517 0.0000 0.0000 0.0000
0.6552 0.5862 0.0000 0.0000 0.0000
0.6552 0.6207 0.0000 0.0000 0.0000
0.6552 0.6552 0.0000 0.0000 0.0000
0.6552 0.6897 0.0000 0.0000 0.0000
0.6552 0.7241 0.0000 0.0000 0.0000
0.6552 0.7586 0.0000 0.0000 0.0000
0.6552 0.7931 0.0000 0.0000 0.0000
0.6552 0.8276 0.0000 0.0000 0.0000
0.6552 0.8621 0.0000 0.0000 0.0000
0.6552 0.8966 0.0000 0.0000 0.0000
0.6552 0.9310 0.0000 0.0000 0.0000
0.6552 0.9655 0.0000 0.0000 0.0000
0.6552 1.0000 0.0000 0.0000 0.0000

0.6897 0.0000 0.0000 0.0000 0.0000
0.6897 0.0345 0.096332 0.995349 1.039316
0.6897 0.0690 0.247231 0.968957 0.809923
0.6897 0.1034 0.489488 0.872010 0.613614
0.6897 0.1379 0.814386 0.580323 0.491751
0.6897 0.1724 0.997471 0.071079 0.501864
0.6897 0.2069 0.941995 -0.335628 0.637704
0.6897 0.2414 0.833961 -0.551823 0.840366
0.6897 0.2759 0.746724 -0.665134 1.072620
0.6897 0.3103 0.0000 0.0000 0.0000
0.6897 0.3448 0.0000 0.0000 0.0000
0.6897 0.3793 0.0000 0.0000 0.0000
0.6897 0.4138 0.0000 0.0000 0.0000
0.6897 0.4483 0.0000 0.0000 0.0000
0.6897 0.4828 0.0000 0.0000 0.0000
0.6897 0.5172 0.0000 0.0000 0.0000
0.6897 0.5517 0.0000 0.0000 0.0000
0.6897 0.5862 0.0000 0.0000 0.0000
0.6897 0.6207 0.0000 0.0000 0.0000
0.6897 0.6552 0.0000 0.0000 0.0000
0.6897 0.6897 0.0000 0.0000 0.0000
0.6897 0.7241 0.0000 0.0000 0.0000
0.6897 0.7586 0.0000 0.0000 0.0000
0.6897 0.7931 0.0000 0.0000 0.0000
0.6897 0.8276 0.0000 0.0000 0.0000
0.6897 0.8621 0.0000 0.0000 0.0000
0.6897 0.8966 0.0000 0.0000 0.0000
0.6897 0.9310 0.0000 0.0000 0.0000
0.6897 0.9655 0.0000 0.0000 0.0000
0.6897 1.0000 0.0000 0.0000 0.0000

0.7241 0.0000 0.0000 0.0000 0.0000
0.7241 0.0345 0.111927 0.993716 0.942306
0.7241 0.0690 0.298601 0.954378 0.706426
0.7241 0.1034 0.609080 0.793109 0.519487
0.7241 0.1379 0.942341 0.334653 0.447692
0.7241 0.1724 0.978044 -0.208399 0.539187
0.7241 0.2069 0.860559 -0.509350 0.735357
0.7241 0.2414 0.757264 -0.653108 0.974941
0.7241 0.2759 0.0000 0.0000 0.0000
0.7241 0.3103 0.0000 0.0000 0.0000
0.7241 0.3448 0.0000 0.0000 0.0000
0.7241 0.3793 0.0000 0.0000 0.0000
0.7241 0.4138 0.0000 0.0000 0.0000
0.7241 0.4483 0.0000 0.0000 0.0000
0.7241 0.4828 0.0000 0.0000 0.0000
0.7241 0.5172 0.0000 0.0000 0.0000
0.7241 0.5517 0.0000 0.0000 0.0000
0.7241 0.5862 0.0000 0.0000 0.0000
0.7241 0.6207 0.0000 0.0000 0.0000
0.7241 0.6552 0.0000 0.0000 0.0000
0.7241 0.6897 0.0000 0.0000 0.0000
0.7241 0.7241 0.0000 0.0000 0.0000
0.7241 0.7586 0.0000 0.0000 0.0000
0.7241 0.7931 0.0000 0.0000 0.0000
0.7241 0.8276 0.0000 0.0000 0.0000
0.7241 0.8621 0.0000 0.0000 0.0000
0.7241 0.8966 0.0000 0.0000 0.0000
0.7241 0.9310 0.0000 0.0000 0.0000
0.7241 0.9655 0.0000 0.0000 0.0000
0.7241 1.0000 0.0000 0.0000 0.0000

0.7586 0.0000 0.0000 0.0000 0.0000
0.7586 0.0345 0.133288 0.991077 0.831438
0.7586 0.0690 0.374158 0.927365 0.592373
0.7586 0.1034 0.770926 0.636924 0.431249
0.7586 0.1379 1.000000 0.000000 0.443282
0.7586 0.1724 0.895960 -0.444135 0.618445
0.7586 0.2069 0.770926 -0.636924 0.862498
0.7586 0.2414 0.685456 -0.728114 1.131718
0.7586 0.2759 0.0000 0.0000 0.0000
0.7586 0.3103 0.0000 0.0000 0.0000
0.7586 0.3448 0.0000 0.0000 0.0000
0.7586 0.3793 0.0000 0.0000 0.0000
0.7586 0.4138 0.0000 0.0000 0.0000
0.7586 0.4483 0.0000 0.0000 0.0000
0.7586 0.4828 0.0000 0.0000 0.0000
0.7586 0.5172 0.0000 0.0000 0.0000
0.7586 0.5517 0.0000 0.0000 0.0000
0.7586 0.5862 0.0000 0.0000 0.0000
0.7586 0.6207 0.0000 0.0000 0.0000
0.7586 0.6552 0.0000 0.0000 0.0000
0.7586 0.6897 0.0000 0.0000 0.0000
0.7586 0.7241 0.0000 0.0000 0.0000
0.7586 0.7586 0.0000 0.0000 0.0000
0.7586 0.7931 0.0000 0.0000 0.0000
0.7586 0.8276 0.0000 0.0000 0.0000
0.7586 0.8621 0.0000 0.0000 0.0000
0.7586 0.8966 0.0000 0.0000 0.0000
0.7586 0.9310 0.0000 0.0000 0.0000
0.7586 0.9655 0.0000 0.0000 0.0000
0.7586 1.0000 0.0000 0.0000 0.0000

0.7931 0.0000 0.0000 0.0000 0.0000
0.7931 0.0345 0.164317 0.986408 0.706994
0.7931 0.0690 0.492822 0.870130 0.471453
0.7931 0.1034 0.942937 0.332972 0.369604
0.7931 0.1379 0.942937 -0.332972 0.492806
0.7931 0.1724 0.789700 -0.613493 0.735540
0.7931 0.2069 0.0000 0.0000 0.0000
0.7931 0.2414 0.0000 0.0000 0.0000
0.7931 0.2759 0.0000 0.0000 0.0000
0.7931 0.3103 0.0000 0.0000 0.0000
0.7931 0.3448 0.0000 0.0000 0.0000
0.7931 0.3793 0.0000 0.0000 0.0000
0.7931 0.4138 0.0000 0.0000 0.0000
0.7931 0.4483 0.0000 0.0000 0.0000
0.7931 0.4828 0.0000 0.0000 0.0000
0.7931 0.5172 0.0000 0.0000 0.0000
0.7931 0.5517 0.0000 0.0000 0.0000
0.7931 0.5862 0.0000 0.0000 0.0000
0.7931 0.6207 0.0000 0.0000 0.0000
0.7931 0.6552 0.0000 0.0000 0.0000
0.7931 0.6897 0.0000 0.0000 0.0000
0.7931 0.7241 0.0000 0.0000 0.0000
0.7931 0.7586 0.0000 0.0000 0.0000
0.7931 0.7931 0.0000 0.0000 0.0000
0.7931 0.8276 0.0000 0.0000 0.0000
0.7931 0.8621 0.0000 0.0000 0.0000
0.7931 0.8966 0.0000 0.0000 0.0000
0.7931 0.9310 0.0000 0.0000 0.0000
0.7931 0.9655 0.0000 0.0000 0.0000
0.7931 1.0000 0.0000 0.0000 0.0000

0.8276 0.0000 0.0000 0.0000 0.0000
0.8276 0.0345 0.213348 0.976976 0.569595
0.8276 0.0690 0.687334 0.726341 0.353604
0.8276 0.1034 0.993177 -0.116616 0.367070
0.8276 0.1379 0.817500 -0.575929 0.594603
0.8276 0.1724 0.0000 0.0000 0.0000
0.8276 0.2069 0.0000 0.0000 0.0000
0.8276 0.2414 0.0000 0.0000 0.0000
0.8276 0.2759 0.0000 0.0000 0.0000
0.8276 0.3103 0.0000 0.0000 0.0000
0.8276 0.3448 0.0000 0.0000 0.0000
0.8276 0.3793 0.0000 0.0000 0.0000
0.8276 0.4138 0.0000 0.0000 0.0000
0.8276 0.4483 0.0000 0.0000 0.0000
0.8276 0.4828 0.0000 0.0000 0.0000
0.8276 0.5172 0.0000 0.0000 0.0000
0.8276 0.5517 0.0000 0.0000 0.0000
0.8276 0.5862 0.0000 0.0000 0.0000
0.8276 0.6207 0.0000 0.0000 0.0000
0.8276 0.6552 0.0000 0.0000 0.0000
0.8276 0.6897 0.0000 0.0000 0.0000
0.8276 0.7241 0.0000 0.0000 0.0000
0.8276 0.7586 0.0000 0.0000 0.0000
0.8276 0.7931 0.0000 0.0000 0.0000
0.8276 0.8276 0.0000 0.0000 0.0000
0.8276 0.8621 0.0000 0.0000 0.0000
0.8276 0.8966 0.0000 0.0000 0.0000
0.8276 0.9310 0.0000 0.0000 0.0000
0.8276 0.9655 0.0000 0.0000 0.0000
0.8276 1.0000 0.0000 0.0000 0.0000

0.8621 0.0000 0.0000 0.0000 0.0000
0.8621 0.0345 0.301442 0.953484 0.420886
0.8621 0.0690 0.943430 0.331571 0.268961
0.8621 0.1034 0.862868 -0.505429 0.441108
0.8621 0.1379 0.688156 -0.725563 0.737465
0.8621 0.1724 0.0000 0.0000 0.0000
0.8621 0.2069 0.0000 0.0000 0.0000
0.8621 0.2414 0.0000 0.0000 0.0000
0.8621 0.2759 0.0000 0.0000 0.0000
0.8621 0.3103 0.0000 0.0000 0.0000
0.8621 0.3448 0.0000 0.0000 0.0000
0.8621 0.3793 0.0000 0.0000 0.0000
0.8621 0.4138 0.0000 0.0000 0.0000
0.8621 0.4483 0.0000 0.0000 0.0000
0.8621 0.4828 0.0000 0.0000 0.0000
0.8621 0.5172 0.0000 0.0000 0.0000
0.8621 0.5517 0.0000 0.0000 0.0000
0.8621 0.5862 0.0000 0.0000 0.0000
0.8621 0.6207 0.0000 0.0000 0.0000
0.8621 0.6552 0.0000 0.0000 0.0000
0.8621 0.6897 0.0000 0.0000 0.0000
0.8621 0.7241 0.0000 0.0000 0.0000
0.8621 0.7586 0.0000 0.0000 0.0000
0.8621 0.7931 0.0000 0.0000 0.0000
0.8621 0.8276 0.0000 0.0000 0.0000
0.8621 0.8621 0.0000 0.0000 0.0000
0.8621 0.8966 0.0000 0.0000 0.0000
0.8621 0.9310 0.0000 0.0000 0.0000
0.8621 0.9655 0.0000 0.0000 0.0000
0.8621 1.0000 0.0000 0.0000 0.0000

0.8966 0.0000 0.0000 0.0000 0.0000
0.8966 0.0345 0.495371 0.868681 0.266918
0.8966 0.0690 0.943646 -0.330955 0.280240
0.8966 0.1034 0.0000 0.0000 0.0000
0.8966 0.1379 0.0000 0.0000 0.0000
0.8966 0.1724 0.0000 0.0000 0.0000
0.8966 0.2069 0.0000 0.0000 0.0000
0.8966 0.2414 0.0000 0.0000 0.0000
0.8966 0.2759 0.0000 0.0000 0.0000
0.8966 0.3103 0.0000 0.0000 0.0000
0.8966 0.3448 0.0000 0.0000 0.0000
0.8966 0.3793 0.0000 0.0000 0.0000
0.8966 0.4138 0.0000 0.0000 0.0000
0.8966 0.4483 0.0000 0.0000 0.0000
0.8966 0.4828 0.0000 0.0000 0.0000
0.8966 0.5172 0.0000 0.0000 0.0000
0.8966 0.5517 0.0000 0.0000 0.0000
0.8966 0.5862 0.0000 0.0000 0.0000
0.8966 0.6207 0.0000 0.0000 0.0000
0.8966 0.6552 0.0000 0.0000 0.0000
0.8966 0.6897 0.0000 0.0000 0.0000
0.8966 0.7241 0.0000 0.0000 0.0000
0.8966 0.7586 0.0000 0.0000 0.0000
0.8966 0.7931 0.0000 0.0000 0.0000
0.8966 0.8276 0.0000 0.0000 0.0000
0.8966 0.8621 0.0000 0.0000 0.0000
0.8966 0.8966 0.0000 0.0000 0.0000
0.8966 0.9310 0.0000 0.0000 0.0000
0.8966 0.9655 0.0000 0.0000 0.0000
0.8966 1.0000 0.0000 0.0000 0.0000

0.9310 0.0000 0.0000 0.0000 0.0000
0.9310 0.0345 0.943846 0.330387 0.145759
0.9310 0.0690 0.689611 -0.724180 0.398991
0.9310 0.1034 0.0000 0.0000 0.0000
0.9310 0.1379 0.0000 0.0000 0.0000
0.9310 0.1724 0.0000 0.0000 0.0000
0.9310 0.2069 0.0000 0.0000 0.0000
0.9310 0.2414 0.0000 0.0000 0.0000
0.9310 0.2759 0.0000 0.0000 0.0000
0.9310 0.3103 0.0000 0.0000 0.0000
0.9310 0.3448 0.0000 0.0000 0.0000
0.9310 0.3793 0.0000 0.0000 0.0000
0.9310 0.4138 0.0000 0.0000 0.0000
0.9310 0.4483 0.0000 0.0000 0.0000
0.9310 0.4828 0.0000 0.0000 0.0000
0.9310 0.5172 0.0000 0.0000 0.0000
0.9310 0.5517 0.0000 0.0000 0.0000
0.9310 0.5862 0.0000 0.0000 0.0000
0.9310 0.6207 0.0000 0.0000 0.0000
0.9310 0.6552 0.0000 0.0000 0.0000
0.9310 0.6897 0.0000 0.0000 0.0000
0.9310 0.7241 0.0000 0.0000 0.0000
0.9310 0.7586 0.0000 0.0000 0.0000
0.9310 0.7931 0.0000 0.0000 0.0000
0.9310 0.8276 0.0000 0.0000 0.0000
0.9310 0.8621 0.0000 0.0000 0.0000
0.9310 0.8966 0.0000 0.0000 0.0000
0.9310 0.9310 0.0000 0.0000 0.0000
0.9310 0.9655 0.0000 0.0000 0.0000
0.9310 1.0000 0.0000 0.0000 0.0000

0.9655 0.0000 0.0000 0.0000 0.0000
0.9655 0.0345 0.0000 0.0000 0.0000
0.9655 0.0690 0.0000 0.0000 0.0000
0.9655 0.1034 0.0000 0.0000 0.0000
0.9655 0.1379 0.0000 0.0000 0.0000
0.9655 0.1724 0.0000 0.0000 0.0000
0.9655 0.2069 0.0000 0.0000 0.0000
0.9655 0.2414 0.0000 0.0000 0.0000
0.9655 0.2759 0.0000 0.0000 0.0000
0.9655 0.3103 0.0000 0.0000 0.0000
0.9655 0.3448 0.0000 0.0000 0.0000
0.9655 0.3793 0.0000 0.0000 0.0000
0.9655 0.4138 0.0000 0.0000 0.0000
0.9655 0.4483 0.0000 0.0000 0.0000
0.9655 0.4828 0.0000 0.0000 0.0000
0.9655 0.5172 0.0000 0.0000 0.0000
0.9655 0.5517 0.0000 0.0000 0.0000
0.9655 0.5862 0.0000 0.0000 0.0000
0.9655 0.6207 0.0000 0.0000 0.0000
0.9655 0.6552 0.0000 0.0000 0.0000
0.9655 0.6897 0.0000 0.0000 0.0000
0.9655 0.7241 0.0000 0.0000 0.0000
0.9655 0.7586 0.0000 0.0000 0.0000
0.9655 0.7931 0.0000 0.0000 0.0000
0.9655 0.8276 0.0000 0.0000 0.0000
0.9655 0.8621 0.0000 0.0000 0.0000
0.9655 0.8966 0.0000 0.0000 0.0000
0.9655 0.9310 0.0000 0.0000 0.0000
0.9655 0.9655 0.0000 0.0000 0.0000
0.9655 1.0000 0.0000 0.0000 0.0000

1.0000 0.0000 0.0000 0.0000 0.0000
1.0000 0.0345 0.0000 0.0000 0.0000
1.0000 0.0690 0.0000 0.0000 0.0000
1.0000 0.1034 0.0000 0.0000 0.0000
1.0000 0.1379 0.0000 0.0000 0.0000
1.0000 0.1724 0.0000 0.0000 0.0000
1.0000 0.2069 0.0000 0.0000 0.0000
1.0000 0.2414 0.0000 0.0000 0.0000
1.0000 0.2759 0.0000 0.0000 0.0000
1.0000 0.3103 0.0000 0.0000 0.0000
1.0000 0.3448 0.0000 0.0000 0.0000
1.0000 0.3793 0.0000 0.0000 0.0000
1.0000 0.4138 0.0000 0.0000 0.0000
1.0000 0.4483 0.0000 0.0000 0.0000
1.0000 0.4828 0.0000 0.0000 0.0000
1.0000 0.5172 0.0000 0.0000 0.0000
1.0000 0.5517 0.0000 0.0000 0.0000
1.0000 0.5862 0.0000 0.0000 0.0000
1.0000 0.6207 0.0000 0.0000 0.0000
1.0000 0.6552 0.0000 0.0000 0.0000
1.0000 0.6897 0.0000 0.0000 0.0000
1.0000 0.7241 0.0000 0.0000 0.0000
1.0000 0.7586 0.0000 0.0000 0.0000
1.0000 0.7931 0.0000 0.0000 0.0000
1.0000 0.8276 0.0000 0.0000 0.0000
1.0000 0.8621 0.0000 0.0000 0.0000
1.0000 0.8966 0.0000 0.0000 0.0000
1.0000 0.9310 0.0000 0.0000 0.0000
1.0000 0.9655 0.0000 0.0000 0.0000
1.0000 1.0000 0.0000 0.0000 0.0000

