0.0000 0.0000 0.0000 0.0000 0.0000
0.0000 0.0345 0.0000 0.0000 0.0000
0.0000 0.0690 0.0000 0.0000 0.0000
0.0000 0.1034 0.0000 0.0000 0.0000
0.0000 0.1379 0.0000 0.0000 0.0000
0.0000 0.1724 0.0000 0.0000 0.0000
0.0000 0.2069 0.0000 0.0000 0.0000
0.0000 0.2414 0.0000 0.0000 0.0000
0.0000 0.2759 0.0000 0.0000 0.0000
0.0000 0.3103 0.0000 0.0000 0.0000
0.0000 0.3448 0.0000 0.0000 0.0000
0.0000 0.3793 0.0000 0.0000 0.0000
0.0000 0.4138 0.0000 0.0000 0.0000
0.0000 0.4483 0.0000 0.0000 0.0000
0.0000 0.4828 0.0000 0.0000 0.0000
0.0000 0.5172 0.0000 0.0000 0.0000
0.0000 0.5517 0.0000 0.0000 0.0000
0.0000 0.5862 0.0000 0.0000 0.0000
0.0000 0.6207 0.0000 0.0000 0.0000
0.0000 0.6552 0.0000 0.0000 0.0000
0.0000 0.6897 0.0000 0.0000 0.0000
0.0000 0.7241 0.0000 0.0000 0.0000
0.0000 0.7586 0.0000 0.0000 0.0000
0.0000 0.7931 0.0000 0.0000 0.0000
0.0000 0.8276 0.0000 0.0000 0.0000
0.0000 0.8621 0.0000 0.0000 0.0000
0.0000 0.8966 0.0000 0.0000 0.0000
0.0000 0.9310 0.0000 0.0000 0.0000
0.0000 0.9655 0.0000 0.0000 0.0000
0.0000 1.0000 0.0000 0.0000 0.0000

0.0345 0.0000 0.0000 0.0000 0.0000
0.0345 0.0345 -0.021640 0.999766 0.137369
0.0345 0.0690 -0.046332 0.998926 0.128319
0.0345 0.1034 -0.074716 0.997205 0.119359
0.0345 0.1379 -0.107597 0.994195 0.110511
0.0345 0.1724 -0.145998 0.989285 0.101804
0.0345 0.2069 -0.191211 0.981549 0.093279
0.0345 0.2414 -0.244839 0.969564 0.084989
0.0345 0.2759 -0.308807 0.951125 0.077010
0.0345 0.3103 -0.385223 0.922823 0.069450
0.0345 0.3448 -0.475915 0.879491 0.062462
0.0345 0.3793 -0.581238 0.813733 0.056258
0.0345 0.4138 -0.697742 0.716349 0.051125
0.0345 0.4483 -0.815087 0.579339 0.047411
0.0345 0.4828 -0.915315 0.402739 0.045468
0.0345 0.5172 -0.979563 0.201137 0.045520
0.0345 0.5517 -1.000000 0.000000 0.047562
0.0345 0.5862 -0.983981 -0.178274 0.051358
0.0345 0.6207 -0.946130 -0.323787 0.056554
0.0345 0.6552 -0.899295 -0.437342 0.062805
0.0345 0.6897 -0.851424 -0.524477 0.069828
0.0345 0.7241 -0.806405 -0.591364 0.077412
0.0345 0.7586 -0.765705 -0.643192 0.085409
0.0345 0.7931 -0.729577 -0.683899 0.093713
0.0345 0.8276 -0.697742 -0.716349 0.102249
0.0345 0.8621 -0.669734 -0.742601 0.110964
0.0345 0.8966 -0.645052 -0.764139 0.119818
0.0345 0.9310 -0.623230 -0.782038 0.128783
0.0345 0.9655 0.0000 0.0000 0.0000
0.0345 1.0000 0.0000 0.0000 0.0000

0.0690 0.0000 0.0000 0.0000 0.0000
0.0690 0.0345 0.003600 0.999994 0.264211
0.0690 0.0690 0.007737 0.999970 0.245905
0.0690 0.1034 0.012538 0.999921 0.227604
0.0690 0.1379 0.018179 0.999835 0.209309
0.0690 0.1724 0.024899 0.999690 0.191022
0.0690 0.2069 0.033040 0.999454 0.172746
0.0690 0.2414 0.043103 0.999071 0.154484
0.0690 0.2759 0.055857 0.998439 0.136241
0.0690 0.3103 0.072536 0.997366 0.118028
0.0690 0.3448 0.095259 0.995453 0.099860
0.0690 0.3793 0.127971 0.991778 0.081766
0.0690 0.4138 0.178885 0.983870 0.063812
0.0690 0.4483 0.267910 0.963444 0.046158
0.0690 0.4828 0.453683 0.891163 0.029354
0.0690 0.5172 0.876216 0.481919 0.016284
0.0690 0.5517 0.824042 -0.566529 0.018470
0.0690 0.5862 0.489919 -0.871768 0.033008
0.0690 0.6207 0.341743 -0.939793 0.050103
0.0690 0.6552 0.266378 -0.963869 0.067850
0.0690 0.6897 0.221621 -0.975133 0.085845
0.0690 0.7241 0.192155 -0.981365 0.103959
0.0690 0.7586 0.171341 -0.985212 0.122139
0.0690 0.7931 0.155876 -0.987777 0.140360
0.0690 0.8276 0.143940 -0.989586 0.158608
0.0690 0.8621 0.134453 -0.990920 0.176874
0.0690 0.8966 0.126734 -0.991937 0.195153
0.0690 0.9310 0.0000 0.0000 0.0000
0.0690 0.9655 0.0000 0.0000 0.0000
0.0690 1.0000 0.0000 0.0000 0.0000

0.1034 0.0000 0.0000 0.0000 0.0000
0.1034 0.0345 0.012807 0.999918 0.380650
0.1034 0.0690 0.027599 0.999619 0.353286
0.1034 0.1034 0.044862 0.998993 0.326012
0.1034 0.1379 0.065251 0.997869 0.298853
0.1034 0.1724 0.089668 0.995972 0.271844
0.1034 0.2069 0.119375 0.992849 0.245034
0.1034 0.2414 0.156186 0.987728 0.218496
0.1034 0.2759 0.202769 0.979227 0.192343
0.1034 0.3103 0.263117 0.964764 0.166756
0.1034 0.3448 0.343221 0.939255 0.142041
0.1034 0.3793 0.451614 0.892213 0.118744
0.1034 0.4138 0.597665 0.801746 0.097884
0.1034 0.4483 0.779012 0.627009 0.081356
0.1034 0.4828 0.945338 0.326092 0.072199
0.1034 0.5172 0.998563 -0.053581 0.073232
0.1034 0.5517 0.927694 -0.373340 0.084082
0.1034 0.5862 0.815311 -0.579023 0.101651
0.1034 0.6207 0.712879 -0.701287 0.123096
0.1034 0.6552 0.631294 -0.775544 0.146727
0.1034 0.6897 0.568057 -0.822989 0.171643
0.1034 0.7241 0.518742 -0.854931 0.197358
0.1034 0.7586 0.479672 -0.877448 0.223597
0.1034 0.7931 0.448164 -0.893951 0.250195
0.1034 0.8276 0.422321 -0.906446 0.277049
0.1034 0.8621 0.400798 -0.916166 0.304090
0.1034 0.8966 0.0000 0.0000 0.0000
0.1034 0.9310 0.0000 0.0000 0.0000
0.1034 0.9655 0.0000 0.0000 0.0000
0.1034 1.0000 0.0000 0.0000 0.0000

0.1379 0.0000 0.0000 0.0000 0.0000
0.1379 0.0345 0.018081 0.999837 0.486643
0.1379 0.0690 0.039082 0.999236 0.450285
0.1379 0.1034 0.063737 0.997967 0.414160
0.1379 0.1379 0.093029 0.995663 0.378335
0.1379 0.1724 0.128301 0.991735 0.342905
0.1379 0.2069 0.171406 0.985200 0.308007
0.1379 0.2414 0.224923 0.974377 0.273842
0.1379 0.2759 0.292419 0.956290 0.240724
0.1379 0.3103 0.378633 0.925547 0.209151
0.1379 0.3448 0.489006 0.872281 0.179938
0.1379 0.3793 0.626759 0.779213 0.154429
0.1379 0.4138 0.783616 0.621245 0.134745
0.1379 0.4483 0.924718 0.380653 0.123700
0.1379 0.4828 0.996412 0.084637 0.123630
0.1379 0.5172 0.980919 -0.194416 0.134553
0.1379 0.5517 0.913302 -0.407283 0.154149
0.1379 0.5862 0.832864 -0.553477 0.179602
0.1379 0.6207 0.758613 -0.651541 0.208780
0.1379 0.6552 0.695636 -0.718395 0.240330
0.1379 0.6897 0.643600 -0.765362 0.273432
0.1379 0.7241 0.600742 -0.799443 0.307586
0.1379 0.7586 0.565231 -0.824932 0.342478
0.1379 0.7931 0.535531 -0.844516 0.377902
0.1379 0.8276 0.510433 -0.859918 0.413722
0.1379 0.8621 0.0000 0.0000 0.0000
0.1379 0.8966 0.0000 0.0000 0.0000
0.1379 0.9310 0.0000 0.0000 0.0000
0.1379 0.9655 0.0000 0.0000 0.0000
0.1379 1.0000 0.0000 0.0000 0.0000

0.1724 0.0000 0.0000 0.0000 0.0000
0.1724 0.0345 0.021854 0.999761 0.582184
0.1724 0.0690 0.047397 0.998876 0.536870
0.1724 0.1034 0.077584 0.996986 0.491970
0.1724 0.1379 0.113696 0.993516 0.447611
0.1724 0.1724 0.157474 0.987523 0.403970
0.1724 0.2069 0.211282 0.977425 0.361307
0.1724 0.2414 0.278302 0.960494 0.320015
0.1724 0.2759 0.362610 0.931941 0.280697
0.1724 0.3103 0.468693 0.883361 0.244311
0.1724 0.3448 0.599104 0.800671 0.212366
0.1724 0.3793 0.747795 0.663930 0.187154
0.1724 0.4138 0.889384 0.457160 0.171664
0.1724 0.4483 0.981012 0.193946 0.168600
0.1724 0.4828 0.997315 -0.073234 0.178601
0.1724 0.5172 0.955586 -0.294713 0.199714
0.1724 0.5517 0.889384 -0.457160 0.228885
0.1724 0.5862 0.820988 -0.570945 0.263451
0.1724 0.6207 0.759424 -0.650597 0.301562
0.1724 0.6552 0.706759 -0.707454 0.342035
0.1724 0.6897 0.662440 -0.749115 0.384124
0.1724 0.7241 0.625204 -0.780461 0.427352
0.1724 0.7586 0.593767 -0.804637 0.471405
0.1724 0.7931 0.567027 -0.823699 0.516073
0.1724 0.8276 0.0000 0.0000 0.0000
0.1724 0.8621 0.0000 0.0000 0.0000
0.1724 0.8966 0.0000 0.0000 0.0000
0.1724 0.9310 0.0000 0.0000 0.0000
0.1724 0.9655 0.0000 0.0000 0.0000
0.1724 1.0000 0.0000 0.0000 0.0000

0.2069 0.0000 0.0000 0.0000 0.0000
0.2069 0.0345 0.024948 0.999689 0.667271
0.2069 0.0690 0.054310 0.998524 0.613033
0.2069 0.1034 0.089271 0.996007 0.559427
0.2069 0.1379 0.131426 0.991326 0.506654
0.2069 0.1724 0.182931 0.983126 0.455002
0.2069 0.2069 0.246679 0.969097 0.404903
0.2069 0.2414 0.326401 0.945231 0.357008
0.2069 0.2759 0.426384 0.904542 0.312336
0.2069 0.3103 0.549857 0.835259 0.272474
0.2069 0.3448 0.694099 0.719880 0.239834
0.2069 0.3793 0.841178 0.540758 0.217689
0.2069 0.4138 0.953994 0.299827 0.209396
0.2069 0.4483 0.999343 0.036240 0.216551
0.2069 0.4828 0.980194 -0.198039 0.237765
0.2069 0.5172 0.925715 -0.378221 0.269740
0.2069 0.5517 0.861538 -0.507692 0.309156
0.2069 0.5862 0.800484 -0.599354 0.353532
0.2069 0.6207 0.746820 -0.665026 0.401225
0.2069 0.6552 0.701019 -0.713142 0.451186
0.2069 0.6897 0.662247 -0.749285 0.502738
0.2069 0.7241 0.629383 -0.777095 0.555439
0.2069 0.7586 0.601374 -0.798968 0.608990
0.2069 0.7931 0.0000 0.0000 0.0000
0.2069 0.8276 0.0000 0.0000 0.0000
0.2069 0.8621 0.0000 0.0000 0.0000
0.2069 0.8966 0.0000 0.0000 0.0000
0.2069 0.9310 0.0000 0.0000 0.0000
0.2069 0.9655 0.0000 0.0000 0.0000
0.2069 1.0000 0.0000 0.0000 0.0000

0.2414 0.0000 0.0000 0.0000 0.0000
0.2414 0.0345 0.027727 0.999616 0.741902
0.2414 0.0690 0.060611 0.998161 0.678775
0.2414 0.1034 0.100096 0.994978 0.616533
0.2414 0.1379 0.148131 0.988968 0.555474
0.2414 0.1724 0.207351 0.978267 0.496036
0.2414 0.2069 0.281227 0.959641 0.438878
0.2414 0.2414 0.373998 0.927429 0.385016
0.2414 0.2759 0.489724 0.871878 0.336039
0.2414 0.3103 0.628873 0.777508 0.294395
0.2414 0.3448 0.780429 0.625245 0.263583
0.2414 0.3793 0.913594 0.406628 0.247679
0.2414 0.4138 0.989173 0.146756 0.249551
0.2414 0.4483 0.994766 -0.102175 0.268827
0.2414 0.4828 0.952998 -0.302976 0.302194
0.2414 0.5172 0.892839 -0.450376 0.345596
0.2414 0.5517 0.831680 -0.555255 0.395743
0.2414 0.5862 0.776445 -0.630185 0.450390
0.2414 0.6207 0.728763 -0.684766 0.508085
0.2414 0.6552 0.688227 -0.725496 0.567901
0.2414 0.6897 0.653836 -0.756636 0.629232
0.2414 0.7241 0.624548 -0.780986 0.691677
0.2414 0.7586 0.0000 0.0000 0.0000
0.2414 0.7931 0.0000 0.0000 0.0000
0.2414 0.8276 0.0000 0.0000 0.0000
0.2414 0.8621 0.0000 0.0000 0.0000
0.2414 0.8966 0.0000 0.0000 0.0000
0.2414 0.9310 0.0000 0.0000 0.0000
0.2414 0.9655 0.0000 0.0000 0.0000
0.2414 1.0000 0.0000 0.0000 0.0000

0.2759 0.0000 0.0000 0.0000 0.0000
0.2759 0.0345 0.030387 0.999538 0.806080
0.2759 0.0690 0.066734 0.997771 0.734098
0.2759 0.1034 0.110786 0.993844 0.663298
0.2759 0.1379 0.164918 0.986307 0.594104
0.2759 0.1724 0.232332 0.972637 0.527148
0.2759 0.2069 0.317151 0.948375 0.463400
0.2759 0.2414 0.424012 0.905657 0.404381
0.2759 0.2759 0.555945 0.831219 0.352476
0.2759 0.3103 0.708252 0.705960 0.311262
0.2759 0.3448 0.858227 0.513270 0.285410
0.2759 0.3793 0.964980 0.262325 0.279219
0.2759 0.4138 1.000000 0.000000 0.293936
0.2759 0.4483 0.974550 -0.224168 0.326746
0.2759 0.4828 0.919606 -0.392841 0.372904
0.2759 0.5172 0.858227 -0.513270 0.428115
0.2759 0.5517 0.800932 -0.598755 0.489323
0.2759 0.5862 0.750901 -0.660415 0.554546
0.2759 0.6207 0.708252 -0.705960 0.622524
0.2759 0.6552 0.672108 -0.740453 0.692445
0.2759 0.6897 0.641409 -0.767199 0.763777
0.2759 0.7241 0.0000 0.0000 0.0000
0.2759 0.7586 0.0000 0.0000 0.0000
0.2759 0.7931 0.0000 0.0000 0.0000
0.2759 0.8276 0.0000 0.0000 0.0000
0.2759 0.8621 0.0000 0.0000 0.0000
0.2759 0.8966 0.0000 0.0000 0.0000
0.2759 0.9310 0.0000 0.0000 0.0000
0.2759 0.9655 0.0000 0.0000 0.0000
0.2759 1.0000 0.0000 0.0000 0.0000

0.3103 0.0000 0.0000 0.0000 0.0000
0.3103 0.0345 0.033052 0.999454 0.859804
0.3103 0.0690 0.072961 0.997335 0.779008
0.3103 0.1034 0.121838 0.992550 0.699743
0.3103 0.1379 0.182582 0.983191 0.622594
0.3103 0.1724 0.259079 0.965856 0.548453
0.3103 0.2069 0.356181 0.934417 0.478721
0.3103 0.2414 0.478632 0.878016 0.415622
0.3103 0.2759 0.626932 0.779074 0.362637
0.3103 0.3103 0.787575 0.616219 0.324753
0.3103 0.3448 0.923875 0.382693 0.307602
0.3103 0.3793 0.993679 0.112257 0.314593
0.3103 0.4138 0.990602 -0.136778 0.344258
0.3103 0.4483 0.943711 -0.330770 0.391477
0.3103 0.4828 0.882630 -0.470068 0.450766
0.3103 0.5172 0.822935 -0.568135 0.517997
0.3103 0.5517 0.770067 -0.637963 0.590464
0.3103 0.5862 0.724897 -0.688857 0.666461
0.3103 0.6207 0.686708 -0.726933 0.744908
0.3103 0.6552 0.654404 -0.756145 0.825106
0.3103 0.6897 0.0000 0.0000 0.0000
0.3103 0.7241 0.0000 0.0000 0.0000
0.3103 0.7586 0.0000 0.0000 0.0000
0.3103 0.7931 0.0000 0.0000 0.0000
0.3103 0.8276 0.0000 0.0000 0.0000
0.3103 0.8621 0.0000 0.0000 0.0000
0.3103 0.8966 0.0000 0.0000 0.0000
0.3103 0.9310 0.0000 0.0000 0.0000
0.3103 0.9655 0.0000 0.0000 0.0000
0.3103 1.0000 0.0000 0.0000 0.0000

0.3448 0.0000 0.0000 0.0000 0.0000
0.3448 0.0345 0.035814 0.999358 0.903076
0.3448 0.0690 0.079513 0.996834 0.813515
0.3448 0.1034 0.133666 0.991026 0.725896
0.3448 0.1379 0.201820 0.979423 0.641014
0.3448 0.1724 0.288711 0.957416 0.560118
0.3448 0.2069 0.399944 0.916539 0.485204
0.3448 0.2414 0.539697 0.841859 0.419489
0.3448 0.2759 0.703218 0.710974 0.367936
0.3448 0.3103 0.863472 0.504397 0.337107
0.3448 0.3448 0.971801 0.235805 0.332810
0.3448 0.3793 0.999325 -0.036740 0.356007
0.3448 0.4138 0.965524 -0.260313 0.401968
0.3448 0.4483 0.906196 -0.422857 0.463974
0.3448 0.4828 0.843990 -0.536359 0.536493
0.3448 0.5172 0.787790 -0.615944 0.615820
0.3448 0.5517 0.739632 -0.673011 0.699644
0.3448 0.5862 0.699049 -0.715074 0.786528
0.3448 0.6207 0.664903 -0.746930 0.875562
0.3448 0.6552 0.0000 0.0000 0.0000
0.3448 0.6897 0.0000 0.0000 0.0000
0.3448 0.7241 0.0000 0.0000 0.0000
0.3448 0.7586 0.0000 0.0000 0.0000
0.3448 0.7931 0.0000 0.0000 0.0000
0.3448 0.8276 0.0000 0.0000 0.0000
0.3448 0.8621 0.0000 0.0000 0.0000
0.3448 0.8966 0.0000 0.0000 0.0000
0.3448 0.9310 0.0000 0.0000 0.0000
0.3448 0.9655 0.0000 0.0000 0.0000
0.3448 1.0000 0.0000 0.0000 0.0000

0.3793 0.0000 0.0000 0.0000 0.0000
0.3793 0.0345 0.038750 0.999249 0.935899
0.3793 0.0690 0.086593 0.996244 0.837629
0.3793 0.1034 0.146671 0.989185 0.741792
0.3793 0.1379 0.223362 0.974736 0.649464
0.3793 0.1724 0.322437 0.946591 0.562379
0.3793 0.2069 0.450163 0.892946 0.483376
0.3793 0.2414 0.608677 0.793418 0.417076
0.3793 0.2759 0.783368 0.621558 0.370363
0.3793 0.3103 0.929524 0.368762 0.351144
0.3793 0.3448 0.996867 0.079096 0.363803
0.3793 0.3793 0.984127 -0.177466 0.405364
0.3793 0.4138 0.929524 -0.368762 0.468193
0.3793 0.4483 0.865097 -0.501604 0.544982
0.3793 0.4828 0.805084 -0.593160 0.630653
0.3793 0.5172 0.753402 -0.657560 0.722051
0.3793 0.5517 0.710011 -0.704191 0.817258
0.3793 0.5862 0.673739 -0.738969 0.915084
0.3793 0.6207 0.0000 0.0000 0.0000
0.3793 0.6552 0.0000 0.0000 0.0000
0.3793 0.6897 0.0000 0.0000 0.0000
0.3793 0.7241 0.0000 0.0000 0.0000
0.3793 0.7586 0.0000 0.0000 0.0000
0.3793 0.7931 0.0000 0.0000 0.0000
0.3793 0.8276 0.0000 0.0000 0.0000
0.3793 0.8621 0.0000 0.0000 0.0000
0.3793 0.8966 0.0000 0.0000 0.0000
0.3793 0.9310 0.0000 0.0000 0.0000
0.3793 0.9655 0.0000 0.0000 0.0000
0.3793 1.0000 0.0000 0.0000 0.0000

0.4138 0.0000 0.0000 0.0000 0.0000
0.4138 0.0345 0.041940 0.999120 0.958275
0.4138 0.0690 0.094414 0.995533 0.851365
0.4138 0.1034 0.161303 0.986905 0.747481
0.4138 0.1379 0.248058 0.968745 0.648080
0.4138 0.1724 0.361703 0.932294 0.555571
0.4138 0.2069 0.508729 0.860927 0.474007
0.4138 0.2414 0.686215 0.727399 0.409976
0.4138 0.2759 0.862852 0.505457 0.372627
0.4138 0.3103 0.977263 0.212030 0.370128
0.4138 0.3448 0.996964 -0.077869 0.403127
0.4138 0.3793 0.952555 -0.304367 0.464113
0.4138 0.4138 0.886959 -0.461848 0.543749
0.4138 0.4483 0.822718 -0.568450 0.635058
0.4138 0.4828 0.766891 -0.641777 0.733694
0.4138 0.5172 0.720194 -0.693773 0.837071
0.4138 0.5517 0.681456 -0.731859 0.943633
0.4138 0.5862 0.649208 -0.760611 1.052412
0.4138 0.6207 0.0000 0.0000 0.0000
0.4138 0.6552 0.0000 0.0000 0.0000
0.4138 0.6897 0.0000 0.0000 0.0000
0.4138 0.7241 0.0000 0.0000 0.0000
0.4138 0.7586 0.0000 0.0000 0.0000
0.4138 0.7931 0.0000 0.0000 0.0000
0.4138 0.8276 0.0000 0.0000 0.0000
0.4138 0.8621 0.0000 0.0000 0.0000
0.4138 0.8966 0.0000 0.0000 0.0000
0.4138 0.9310 0.0000 0.0000 0.0000
0.4138 0.9655 0.0000 0.0000 0.0000
0.4138 1.0000 0.0000 0.0000 0.0000

0.4483 0.0000 0.0000 0.0000 0.0000
0.4483 0.0345 0.045469 0.998966 0.970207
0.4483 0.0690 0.103222 0.994658 0.854744
0.4483 0.1034 0.178111 0.984010 0.743034
0.4483 0.1379 0.276988 0.960873 0.637054
0.4483 0.1724 0.408323 0.912838 0.540187
0.4483 0.2069 0.577600 0.816320 0.458250
0.4483 0.2414 0.771012 0.636820 0.400511
0.4483 0.2759 0.933086 0.359653 0.378221
0.4483 0.3103 0.999084 0.042788 0.397391
0.4483 0.3448 0.974285 -0.225320 0.452785
0.4483 0.3793 0.910030 -0.414542 0.533230
0.4483 0.4138 0.841350 -0.540490 0.629191
0.4483 0.4483 0.780663 -0.624952 0.734611
0.4483 0.4828 0.730054 -0.683389 0.845962
0.4483 0.5172 0.688434 -0.725299 0.961185
0.4483 0.5517 0.0000 0.0000 0.0000
0.4483 0.5862 0.0000 0.0000 0.0000
0.4483 0.6207 0.0000 0.0000 0.0000
0.4483 0.6552 0.0000 0.0000 0.0000
0.4483 0.6897 0.0000 0.0000 0.0000
0.4483 0.7241 0.0000 0.0000 0.0000
0.4483 0.7586 0.0000 0.0000 0.0000
0.4483 0.7931 0.0000 0.0000 0.0000
0.4483 0.8276 0.0000 0.0000 0.0000
0.4483 0.8621 0.0000 0.0000 0.0000
0.4483 0.8966 0.0000 0.0000 0.0000
0.4483 0.9310 0.0000 0.0000 0.0000
0.4483 0.9655 0.0000 0.0000 0.0000
0.4483 1.0000 0.0000 0.0000 0.0000

0.4828 0.0000 0.0000 0.0000 0.0000
0.4828 0.0345 0.049437 0.998777 0.971699
0.4828 0.0690 0.113325 0.993558 0.847792
0.4828 0.1034 0.197811 0.980240 0.728546
0.4828 0.1379 0.311596 0.950215 0.616670
0.4828 0.1724 0.464608 0.885516 0.516973
0.4828 0.2069 0.658274 0.752779 0.437855
0.4828 0.2414 0.857867 0.513871 0.391979
0.4828 0.2759 0.982317 0.187224 0.391222
0.4828 0.3103 0.992024 -0.126049 0.435819
0.4828 0.3448 0.934414 -0.356188 0.514098
0.4828 0.3793 0.861605 -0.507579 0.613296
0.4828 0.4138 0.795251 -0.606280 0.724874
0.4828 0.4483 0.739978 -0.672631 0.843936
0.4828 0.4828 0.694963 -0.719046 0.967725
0.4828 0.5172 0.0000 0.0000 0.0000
0.4828 0.5517 0.0000 0.0000 0.0000
0.4828 0.5862 0.0000 0.0000 0.0000
0.4828 0.6207 0.0000 0.0000 0.0000
0.4828 0.6552 0.0000 0.0000 0.0000
0.4828 0.6897 0.0000 0.0000 0.0000
0.4828 0.7241 0.0000 0.0000 0.0000
0.4828 0.7586 0.0000 0.0000 0.0000
0.4828 0.7931 0.0000 0.0000 0.0000
0.4828 0.8276 0.0000 0.0000 0.0000
0.4828 0.8621 0.0000 0.0000 0.0000
0.4828 0.8966 0.0000 0.0000 0.0000
0.4828 0.9310 0.0000 0.0000 0.0000
0.4828 0.9655 0.0000 0.0000 0.0000
0.4828 1.0000 0.0000 0.0000 0.0000

0.5172 0.0000 0.0000 0.0000 0.0000
0.5172 0.0345 0.053972 0.998542 0.962759
0.5172 0.0690 0.125127 0.992141 0.830547
0.5172 0.1034 0.221380 0.975188 0.704154
0.5172 0.1379 0.353873 0.935294 0.587351
0.5172 0.1724 0.533396 0.845866 0.487086
0.5172 0.2069 0.750339 0.661054 0.415508
0.5172 0.2414 0.935535 0.353234 0.388797
0.5172 0.2759 1.000000 0.000000 0.415696
0.5172 0.3103 0.959482 -0.281770 0.487406
0.5172 0.3448 0.884083 -0.467330 0.587750
0.5172 0.3793 0.811217 -0.584745 0.704597
0.5172 0.4138 0.750339 -0.661054 0.831016
0.5172 0.4483 0.701281 -0.712885 0.963245
0.5172 0.4828 0.0000 0.0000 0.0000
0.5172 0.5172 0.0000 0.0000 0.0000
0.5172 0.5517 0.0000 0.0000 0.0000
0.5172 0.5862 0.0000 0.0000 0.0000
0.5172 0.6207 0.0000 0.0000 0.0000
0.5172 0.6552 0.0000 0.0000 0.0000
0.5172 0.6897 0.0000 0.0000 0.0000
0.5172 0.7241 0.0000 0.0000 0.0000
0.5172 0.7586 0.0000 0.0000 0.0000
0.5172 0.7931 0.0000 0.0000 0.0000
0.5172 0.8276 0.0000 0.0000 0.0000
0.5172 0.8621 0.0000 0.0000 0.0000
0.5172 0.8966 0.0000 0.0000 0.0000
0.5172 0.9310 0.0000 0.0000 0.0000
0.5172 0.9655 0.0000 0.0000 0.0000
0.5172 1.0000 0.0000 0.0000 0.0000

0.5517 0.0000 0.0000 0.0000 0.0000
0.5517 0.0345 0.059239 0.998244 0.943393
0.5517 0.0690 0.139182 0.990267 0.803060
0.5517 0.1034 0.250211 0.968191 0.670065
0.5517 0.1379 0.406620 0.913597 0.549760
0.5517 0.1724 0.617682 0.786428 0.452383
0.5517 0.2069 0.848336 0.529458 0.395262
0.5517 0.2414 0.987366 0.158459 0.396207
0.5517 0.2759 0.982920 -0.184036 0.454856
0.5517 0.3103 0.909289 -0.416166 0.553150
0.5517 0.3448 0.829217 -0.558927 0.673960
0.5517 0.3793 0.761539 -0.648119 0.807239
0.5517 0.4138 0.707608 -0.706605 0.947742
0.5517 0.4483 0.0000 0.0000 0.0000
0.5517 0.4828 0.0000 0.0000 0.0000
0.5517 0.5172 0.0000 0.0000 0.0000
0.5517 0.5517 0.0000 0.0000 0.0000
0.5517 0.5862 0.0000 0.0000 0.0000
0.5517 0.6207 0.0000 0.0000 0.0000
0.5517 0.6552 0.0000 0.0000 0.0000
0.5517 0.6897 0.0000 0.0000 0.0000
0.5517 0.7241 0.0000 0.0000 0.0000
0.5517 0.7586 0.0000 0.0000 0.0000
0.5517 0.7931 0.0000 0.0000 0.0000
0.5517 0.8276 0.0000 0.0000 0.0000
0.5517 0.8621 0.0000 0.0000 0.0000
0.5517 0.8966 0.0000 0.0000 0.0000
0.5517 0.9310 0.0000 0.0000 0.0000
0.5517 0.9655 0.0000 0.0000 0.0000
0.5517 1.0000 0.0000 0.0000 0.0000

0.5862 0.0000 0.0000 0.0000 0.0000
0.5862 0.0345 0.065465 0.997855 0.913613
0.5862 0.0690 0.156282 0.987713 0.765410
0.5862 0.1034 0.286355 0.958123 0.626596
0.5862 0.1379 0.473763 0.880652 0.504976
0.5862 0.1724 0.719012 0.694997 0.415916
0.5862 0.2069 0.937321 0.348467 0.382856
0.5862 0.2414 0.998593 -0.053035 0.419258
0.5862 0.2759 0.937321 -0.348467 0.510474
0.5862 0.3103 0.850049 -0.526704 0.633243
0.5862 0.3448 0.774067 -0.633104 0.772669
0.5862 0.3793 0.714170 -0.699972 0.921219
0.5862 0.4138 0.667570 -0.744547 1.075118
0.5862 0.4483 0.0000 0.0000 0.0000
0.5862 0.4828 0.0000 0.0000 0.0000
0.5862 0.5172 0.0000 0.0000 0.0000
0.5862 0.5517 0.0000 0.0000 0.0000
0.5862 0.5862 0.0000 0.0000 0.0000
0.5862 0.6207 0.0000 0.0000 0.0000
0.5862 0.6552 0.0000 0.0000 0.0000
0.5862 0.6897 0.0000 0.0000 0.0000
0.5862 0.7241 0.0000 0.0000 0.0000
0.5862 0.7586 0.0000 0.0000 0.0000
0.5862 0.7931 0.0000 0.0000 0.0000
0.5862 0.8276 0.0000 0.0000 0.0000
0.5862 0.8621 0.0000 0.0000 0.0000
0.5862 0.8966 0.0000 0.0000 0.0000
0.5862 0.9310 0.0000 0.0000 0.0000
0.5862 0.9655 0.0000 0.0000 0.0000
0.5862 1.0000 0.0000 0.0000 0.0000

0.6207 0.0000 0.0000 0.0000 0.0000
0.6207 0.0345 0.072969 0.997334 0.873434
0.6207 0.0690 0.177602 0.984102 0.717712
0.6207 0.1034 0.332950 0.942944 0.574263
0.6207 0.1379 0.560478 0.828169 0.454852
0.6207 0.1724 0.832719 0.553696 0.382684
0.6207 0.2069 0.992504 0.122211 0.385290
0.6207 0.2414 0.966907 -0.255127 0.461405
0.6207 0.2759 0.874696 -0.484673 0.582910
0.6207 0.3103 0.788559 -0.614959 0.727406
0.6207 0.3448 0.721226 -0.692700 0.883685
0.6207 0.3793 0.0000 0.0000 0.0000
0.6207 0.4138 0.0000 0.0000 0.0000
0.6207 0.4483 0.0000 0.0000 0.0000
0.6207 0.4828 0.0000 0.0000 0.0000
0.6207 0.5172 0.0000 0.0000 0.0000
0.6207 0.5517 0.0000 0.0000 0.0000
0.6207 0.5862 0.0000 0.0000 0.0000
0.6207 0.6207 0.0000 0.0000 0.0000
0.6207 0.6552 0.0000 0.0000 0.0000
0.6207 0.6897 0.0000 0.0000 0.0000
0.6207 0.7241 0.0000 0.0000 0.0000
0.6207 0.7586 0.0000 0.0000 0.0000
0.6207 0.7931 0.0000 0.0000 0.0000
0.6207 0.8276 0.0000 0.0000 0.0000
0.6207 0.8621 0.0000 0.0000 0.0000
0.6207 0.8966 0.0000 0.0000 0.0000
0.6207 0.9310 0.0000 0.0000 0.0000
0.6207 0.9655 0.0000 0.0000 0.0000
0.6207 1.0000 0.0000 0.0000 0.0000

0.6552 0.0000 0.0000 0.0000 0.0000
0.6552 0.0345 0.082220 0.996614 0.822881
0.6552 0.0690 0.204976 0.978767 0.660153
0.6552 0.1034 0.394924 0.918714 0.513953
0.6552 0.1379 0.672026 0.740528 0.402708
0.6552 0.1724 0.938681 0.344788 0.360386
0.6552 0.2069 0.992588 -0.121529 0.408977
0.6552 0.2414 0.904236 -0.427032 0.523760
0.6552 0.2759 0.805909 -0.592039 0.671614
0.6552 0.3103 0.729106 -0.684400 0.835157
0.6552 0.3448 0.0000 0.0000 0.0000
0.6552 0.3793 0.0000 0.0000 0.0000
0.6552 0.4138 0.0000 0.0000 0.0000
0.6552 0.4483 0.0000 0.0000 0.0000
0.6552 0.4828 0.0000 0.0000 0.0000
0.6552 0.5172 0.0000 0.0000 0.0000
0.6552 0.5517 0.0000 0.0000 0.0000
0.6552 0.5862 0.0000 0.0000 0.0000
0.6552 0.6207 0.0000 0.0000 0.0000
0.6552 0.6552 0.0000 0.0000 0.0000
0.6552 0.6897 0.0000 0.0000 0.0000
0.6552 0.7241 0.0000 0.0000 0.0000
0.6552 0.7586 0.0000 0.0000 0.0000
0.6552 0.7931 0.0000 0.0000 0.0000
0.6552 0.8276 0.0000 0.0000 0.0000
0.6552 0.8621 0.0000 0.0000 0.0000
0.6552 0.8966 0.0000 0.0000 0.0000
0.6552 0.9310 0.0000 0.0000 0.0000
0.6552 0.9655 0.0000 0.0000 0.0000
0.6552 1.0000 0.0000 0.0000 0.0000

0.6897 0.0000 0.0000 0.0000 0.0000
0.6897 0.0345 0.093940 0.995578 0.761990
0.6897 0.0690 0.241403 0.970425 0.593045
0.6897 0.1034 0.480081 0.877224 0.447309
0.6897 0.1379 0.807342 0.590084 0.354652
0.6897 0.1724 0.997340 0.072895 0.358862
0.6897 0.2069 0.939246 -0.343246 0.457270
0.6897 0.2414 0.827430 -0.561569 0.605574
0.6897 0.2759 0.738273 -0.674502 0.775664
0.6897 0.3103 0.0000 0.0000 0.0000
0.6897 0.3448 0.0000 0.0000 0.0000
0.6897 0.3793 0.0000 0.0000 0.0000
0.6897 0.4138 0.0000 0.0000 0.0000
0.6897 0.4483 0.0000 0.0000 0.0000
0.6897 0.4828 0.0000 0.0000 0.0000
0.6897 0.5172 0.0000 0.0000 0.0000
0.6897 0.5517 0.0000 0.0000 0.0000
0.6897 0.5862 0.0000 0.0000 0.0000
0.6897 0.6207 0.0000 0.0000 0.0000
0.6897 0.6552 0.0000 0.0000 0.0000
0.6897 0.6897 0.0000 0.0000 0.0000
0.6897 0.7241 0.0000 0.0000 0.0000
0.6897 0.7586 0.0000 0.0000 0.0000
0.6897 0.7931 0.0000 0.0000 0.0000
0.6897 0.8276 0.0000 0.0000 0.0000
0.6897 0.8621 0.0000 0.0000 0.0000
0.6897 0.8966 0.0000 0.0000 0.0000
0.6897 0.9310 0.0000 0.0000 0.0000
0.6897 0.9655 0.0000 0.0000 0.0000
0.6897 1.0000 0.0000 0.0000 0.0000

0.7241 0.0000 0.0000 0.0000 0.0000
0.7241 0.0345 0.109298 0.994009 0.690821
0.7241 0.0690 0.292113 0.956384 0.516959
0.7241 0.1034 0.599849 0.800113 0.377622
0.7241 0.1379 0.939750 0.341862 0.321385
0.7241 0.1724 0.976998 -0.213247 0.386415
0.7241 0.2069 0.855107 -0.518451 0.529796
0.7241 0.2414 0.749424 -0.662090 0.705258
0.7241 0.2759 0.0000 0.0000 0.0000
0.7241 0.3103 0.0000 0.0000 0.0000
0.7241 0.3448 0.0000 0.0000 0.0000
0.7241 0.3793 0.0000 0.0000 0.0000
0.7241 0.4138 0.0000 0.0000 0.0000
0.7241 0.4483 0.0000 0.0000 0.0000
0.7241 0.4828 0.0000 0.0000 0.0000
0.7241 0.5172 0.0000 0.0000 0.0000
0.7241 0.5517 0.0000 0.0000 0.0000
0.7241 0.5862 0.0000 0.0000 0.0000
0.7241 0.6207 0.0000 0.0000 0.0000
0.7241 0.6552 0.0000 0.0000 0.0000
0.7241 0.6897 0.0000 0.0000 0.0000
0.7241 0.7241 0.0000 0.0000 0.0000
0.7241 0.7586 0.0000 0.0000 0.0000
0.7241 0.7931 0.0000 0.0000 0.0000
0.7241 0.8276 0.0000 0.0000 0.0000
0.7241 0.8621 0.0000 0.0000 0.0000
0.7241 0.8966 0.0000 0.0000 0.0000
0.7241 0.9310 0.0000 0.0000 0.0000
0.7241 0.9655 0.0000 0.0000 0.0000
0.7241 1.0000 0.0000 0.0000 0.0000

0.7586 0.0000 0.0000 0.0000 0.0000
0.7586 0.0345 0.130323 0.991472 0.609479
0.7586 0.0690 0.366841 0.930283 0.433044
0.7586 0.1034 0.763704 0.645566 0.312016
0.7586 0.1379 1.000000 0.000000 0.317717
0.7586 0.1724 0.891849 -0.452333 0.445307
0.7586 0.2069 0.763704 -0.645566 0.624032
0.7586 0.2414 0.677100 -0.735891 0.821155
0.7586 0.2759 0.0000 0.0000 0.0000
0.7586 0.3103 0.0000 0.0000 0.0000
0.7586 0.3448 0.0000 0.0000 0.0000
0.7586 0.3793 0.0000 0.0000 0.0000
0.7586 0.4138 0.0000 0.0000 0.0000
0.7586 0.4483 0.0000 0.0000 0.0000
0.7586 0.4828 0.0000 0.0000 0.0000
0.7586 0.5172 0.0000 0.0000 0.0000
0.7586 0.5517 0.0000 0.0000 0.0000
0.7586 0.5862 0.0000 0.0000 0.0000
0.7586 0.6207 0.0000 0.0000 0.0000
0.7586 0.6552 0.0000 0.0000 0.0000
0.7586 0.6897 0.0000 0.0000 0.0000
0.7586 0.7241 0.0000 0.0000 0.0000
0.7586 0.7586 0.0000 0.0000 0.0000
0.7586 0.7931 0.0000 0.0000 0.0000
0.7586 0.8276 0.0000 0.0000 0.0000
0.7586 0.8621 0.0000 0.0000 0.0000
0.7586 0.8966 0.0000 0.0000 0.0000
0.7586 0.9310 0.0000 0.0000 0.0000
0.7586 0.9655 0.0000 0.0000 0.0000
0.7586 1.0000 0.0000 0.0000 0.0000

0.7931 0.0000 0.0000 0.0000 0.0000
0.7931 0.0345 0.160863 0.986977 0.518163
0.7931 0.0690 0.484703 0.874679 0.343935
0.7931 0.1034 0.940613 0.339480 0.265847
0.7931 0.1379 0.940613 -0.339480 0.354463
0.7931 0.1724 0.783152 -0.621830 0.532164
0.7931 0.2069 0.0000 0.0000 0.0000
0.7931 0.2414 0.0000 0.0000 0.0000
0.7931 0.2759 0.0000 0.0000 0.0000
0.7931 0.3103 0.0000 0.0000 0.0000
0.7931 0.3448 0.0000 0.0000 0.0000
0.7931 0.3793 0.0000 0.0000 0.0000
0.7931 0.4138 0.0000 0.0000 0.0000
0.7931 0.4483 0.0000 0.0000 0.0000
0.7931 0.4828 0.0000 0.0000 0.0000
0.7931 0.5172 0.0000 0.0000 0.0000
0.7931 0.5517 0.0000 0.0000 0.0000
0.7931 0.5862 0.0000 0.0000 0.0000
0.7931 0.6207 0.0000 0.0000 0.0000
0.7931 0.6552 0.0000 0.0000 0.0000
0.7931 0.6897 0.0000 0.0000 0.0000
0.7931 0.7241 0.0000 0.0000 0.0000
0.7931 0.7586 0.0000 0.0000 0.0000
0.7931 0.7931 0.0000 0.0000 0.0000
0.7931 0.8276 0.0000 0.0000 0.0000
0.7931 0.8621 0.0000 0.0000 0.0000
0.7931 0.8966 0.0000 0.0000 0.0000
0.7931 0.9310 0.0000 0.0000 0.0000
0.7931 0.9655 0.0000 0.0000 0.0000
0.7931 1.0000 0.0000 0.0000 0.0000

0.8276 0.0000 0.0000 0.0000 0.0000
0.8276 0.0345 0.209140 0.977886 0.417314
0.8276 0.0690 0.679740 0.733453 0.256795
0.8276 0.1034 0.992890 -0.119039 0.263706
0.8276 0.1379 0.811786 -0.583955 0.430050
0.8276 0.1724 0.0000 0.0000 0.0000
0.8276 0.2069 0.0000 0.0000 0.0000
0.8276 0.2414 0.0000 0.0000 0.0000
0.8276 0.2759 0.0000 0.0000 0.0000
0.8276 0.3103 0.0000 0.0000 0.0000
0.8276 0.3448 0.0000 0.0000 0.0000
0.8276 0.3793 0.0000 0.0000 0.0000
0.8276 0.4138 0.0000 0.0000 0.0000
0.8276 0.4483 0.0000 0.0000 0.0000
0.8276 0.4828 0.0000 0.0000 0.0000
0.8276 0.5172 0.0000 0.0000 0.0000
0.8276 0.5517 0.0000 0.0000 0.0000
0.8276 0.5862 0.0000 0.0000 0.0000
0.8276 0.6207 0.0000 0.0000 0.0000
0.8276 0.6552 0.0000 0.0000 0.0000
0.8276 0.6897 0.0000 0.0000 0.0000
0.8276 0.7241 0.0000 0.0000 0.0000
0.8276 0.7586 0.0000 0.0000 0.0000
0.8276 0.7931 0.0000 0.0000 0.0000
0.8276 0.8276 0.0000 0.0000 0.0000
0.8276 0.8621 0.0000 0.0000 0.0000
0.8276 0.8966 0.0000 0.0000 0.0000
0.8276 0.9310 0.0000 0.0000 0.0000
0.8276 0.9655 0.0000 0.0000 0.0000
0.8276 1.0000 0.0000 0.0000 0.0000

0.8621 0.0000 0.0000 0.0000 0.0000
0.8621 0.0345 0.296011 0.955185 0.308100
0.8621 0.0690 0.941325 0.337502 0.193772
0.8621 0.1034 0.858413 -0.512959 0.318731
0.8621 0.1379 0.680894 -0.732382 0.535772
0.8621 0.1724 0.0000 0.0000 0.0000
0.8621 0.2069 0.0000 0.0000 0.0000
0.8621 0.2414 0.0000 0.0000 0.0000
0.8621 0.2759 0.0000 0.0000 0.0000
0.8621 0.3103 0.0000 0.0000 0.0000
0.8621 0.3448 0.0000 0.0000 0.0000
0.8621 0.3793 0.0000 0.0000 0.0000
0.8621 0.4138 0.0000 0.0000 0.0000
0.8621 0.4483 0.0000 0.0000 0.0000
0.8621 0.4828 0.0000 0.0000 0.0000
0.8621 0.5172 0.0000 0.0000 0.0000
0.8621 0.5517 0.0000 0.0000 0.0000
0.8621 0.5862 0.0000 0.0000 0.0000
0.8621 0.6207 0.0000 0.0000 0.0000
0.8621 0.6552 0.0000 0.0000 0.0000
0.8621 0.6897 0.0000 0.0000 0.0000
0.8621 0.7241 0.0000 0.0000 0.0000
0.8621 0.7586 0.0000 0.0000 0.0000
0.8621 0.7931 0.0000 0.0000 0.0000
0.8621 0.8276 0.0000 0.0000 0.0000
0.8621 0.8621 0.0000 0.0000 0.0000
0.8621 0.8966 0.0000 0.0000 0.0000
0.8621 0.9310 0.0000 0.0000 0.0000
0.8621 0.9655 0.0000 0.0000 0.0000
0.8621 1.0000 0.0000 0.0000 0.0000

0.8966 0.0000 0.0000 0.0000 0.0000
0.8966 0.0345 0.488232 0.872714 0.194835
0.8966 0.0690 0.941635 -0.336635 0.202042
0.8966 0.1034 0.0000 0.0000 0.0000
0.8966 0.1379 0.0000 0.0000 0.0000
0.8966 0.1724 0.0000 0.0000 0.0000
0.8966 0.2069 0.0000 0.0000 0.0000
0.8966 0.2414 0.0000 0.0000 0.0000
0.8966 0.2759 0.0000 0.0000 0.0000
0.8966 0.3103 0.0000 0.0000 0.0000
0.8966 0.3448 0.0000 0.0000 0.0000
0.8966 0.3793 0.0000 0.0000 0.0000
0.8966 0.4138 0.0000 0.0000 0.0000
0.8966 0.4483 0.0000 0.0000 0.0000
0.8966 0.4828 0.0000 0.0000 0.0000
0.8966 0.5172 0.0000 0.0000 0.0000
0.8966 0.5517 0.0000 0.0000 0.0000
0.8966 0.5862 0.0000 0.0000 0.0000
0.8966 0.6207 0.0000 0.0000 0.0000
0.8966 0.6552 0.0000 0.0000 0.0000
0.8966 0.6897 0.0000 0.0000 0.0000
0.8966 0.7241 0.0000 0.0000 0.0000
0.8966 0.7586 0.0000 0.0000 0.0000
0.8966 0.7931 0.0000 0.0000 0.0000
0.8966 0.8276 0.0000 0.0000 0.0000
0.8966 0.8621 0.0000 0.0000 0.0000
0.8966 0.8966 0.0000 0.0000 0.0000
0.8966 0.9310 0.0000 0.0000 0.0000
0.8966 0.9655 0.0000 0.0000 0.0000
0.8966 1.0000 0.0000 0.0000 0.0000

0.9310 0.0000 0.0000 0.0000 0.0000
0.9310 0.0345 0.941921 0.335835 0.105156
0.9310 0.0690 0.682931 -0.730482 0.290069
0.9310 0.1034 0.0000 0.0000 0.0000
0.9310 0.1379 0.0000 0.0000 0.0000
0.9310 0.1724 0.0000 0.0000 0.0000
0.9310 0.2069 0.0000 0.0000 0.0000
0.9310 0.2414 0.0000 0.0000 0.0000
0.9310 0.2759 0.0000 0.0000 0.0000
0.9310 0.3103 0.0000 0.0000 0.0000
0.9310 0.3448 0.0000 0.0000 0.0000
0.9310 0.3793 0.0000 0.0000 0.0000
0.9310 0.4138 0.0000 0.0000 0.0000
0.9310 0.4483 0.0000 0.0000 0.0000
0.9310 0.4828 0.0000 0.0000 0.0000
0.9310 0.5172 0.0000 0.0000 0.0000
0.9310 0.5517 0.0000 0.0000 0.0000
0.9310 0.5862 0.0000 0.0000 0.0000
0.9310 0.6207 0.0000 0.0000 0.0000
0.9310 0.6552 0.0000 0.0000 0.0000
0.9310 0.6897 0.0000 0.0000 0.0000
0.9310 0.7241 0.0000 0.0000 0.0000
0.9310 0.7586 0.0000 0.0000 0.0000
0.9310 0.7931 0.0000 0.0000 0.0000
0.9310 0.8276 0.0000 0.0000 0.0000
0.9310 0.8621 0.0000 0.0000 0.0000
0.9310 0.8966 0.0000 0.0000 0.0000
0.9310 0.9310 0.0000 0.0000 0.0000
0.9310 0.9655 0.0000 0.0000 0.0000
0.9310 1.0000 0.0000 0.0000 0.0000

0.9655 0.0000 0.0000 0.0000 0.0000
0.9655 0.0345 0.0000 0.0000 0.0000
0.9655 0.0690 0.0000 0.0000 0.0000
0.9655 0.1034 0.0000 0.0000 0.0000
0.9655 0.1379 0.0000 0.0000 0.0000
0.9655 0.1724 0.0000 0.0000 0.0000
0.9655 0.2069 0.0000 0.0000 0.0000
0.9655 0.2414 0.0000 0.0000 0.0000
0.9655 0.2759 0.0000 0.0000 0.0000
0.9655 0.3103 0.0000 0.0000 0.0000
0.9655 0.3448 0.0000 0.0000 0.0000
0.9655 0.3793 0.0000 0.0000 0.0000
0.9655 0.4138 0.0000 0.0000 0.0000
0.9655 0.4483 0.0000 0.0000 0.0000
0.9655 0.4828 0.0000 0.0000 0.0000
0.9655 0.5172 0.0000 0.0000 0.0000
0.9655 0.5517 0.0000 0.0000 0.0000
0.9655 0.5862 0.0000 0.0000 0.0000
0.9655 0.6207 0.0000 0.0000 0.0000
0.9655 0.6552 0.0000 0.0000 0.0000
0.9655 0.6897 0.0000 0.0000 0.0000
0.9655 0.7241 0.0000 0.0000 0.0000
0.9655 0.7586 0.0000 0.0000 0.0000
0.9655 0.7931 0.0000 0.0000 0.0000
0.9655 0.8276 0.0000 0.0000 0.0000
0.9655 0.8621 0.0000 0.0000 0.0000
0.9655 0.8966 0.0000 0.0000 0.0000
0.9655 0.9310 0.0000 0.0000 0.0000
0.9655 0.9655 0.0000 0.0000 0.0000
0.9655 1.0000 0.0000 0.0000 0.0000

1.0000 0.0000 0.0000 0.0000 0.0000
1.0000 0.0345 0.0000 0.0000 0.0000
1.0000 0.0690 0.0000 0.0000 0.0000
1.0000 0.1034 0.0000 0.0000 0.0000
1.0000 0.1379 0.0000 0.0000 0.0000
1.0000 0.1724 0.0000 0.0000 0.0000
1.0000 0.2069 0.0000 0.0000 0.0000
1.0000 0.2414 0.0000 0.0000 0.0000
1.0000 0.2759 0.0000 0.0000 0.0000
1.0000 0.3103 0.0000 0.0000 0.0000
1.0000 0.3448 0.0000 0.0000 0.0000
1.0000 0.3793 0.0000 0.0000 0.0000
1.0000 0.4138 0.0000 0.0000 0.0000
1.0000 0.4483 0.0000 0.0000 0.0000
1.0000 0.4828 0.0000 0.0000 0.0000
1.0000 0.5172 0.0000 0.0000 0.0000
1.0000 0.5517 0.0000 0.0000 0.0000
1.0000 0.5862 0.0000 0.0000 0.0000
1.0000 0.6207 0.0000 0.0000 0.0000
1.0000 0.6552 0.0000 0.0000 0.0000
1.0000 0.6897 0.0000 0.0000 0.0000
1.0000 0.7241 0.0000 0.0000 0.0000
1.0000 0.7586 0.0000 0.0000 0.0000
1.0000 0.7931 0.0000 0.0000 0.0000
1.0000 0.8276 0.0000 0.0000 0.0000
1.0000 0.8621 0.0000 0.0000 0.0000
1.0000 0.8966 0.0000 0.0000 0.0000
1.0000 0.9310 0.0000 0.0000 0.0000
1.0000 0.9655 0.0000 0.0000 0.0000
1.0000 1.0000 0.0000 0.0000 0.0000

