0.0000 0.0000 0.0000 0.0000 0.0000
0.0000 0.0345 0.0000 0.0000 0.0000
0.0000 0.0690 0.0000 0.0000 0.0000
0.0000 0.1034 0.0000 0.0000 0.0000
0.0000 0.1379 0.0000 0.0000 0.0000
0.0000 0.1724 0.0000 0.0000 0.0000
0.0000 0.2069 0.0000 0.0000 0.0000
0.0000 0.2414 0.0000 0.0000 0.0000
0.0000 0.2759 0.0000 0.0000 0.0000
0.0000 0.3103 0.0000 0.0000 0.0000
0.0000 0.3448 0.0000 0.0000 0.0000
0.0000 0.3793 0.0000 0.0000 0.0000
0.0000 0.4138 0.0000 0.0000 0.0000
0.0000 0.4483 0.0000 0.0000 0.0000
0.0000 0.4828 0.0000 0.0000 0.0000
0.0000 0.5172 0.0000 0.0000 0.0000
0.0000 0.5517 0.0000 0.0000 0.0000
0.0000 0.5862 0.0000 0.0000 0.0000
0.0000 0.6207 0.0000 0.0000 0.0000
0.0000 0.6552 0.0000 0.0000 0.0000
0.0000 0.6897 0.0000 0.0000 0.0000
0.0000 0.7241 0.0000 0.0000 0.0000
0.0000 0.7586 0.0000 0.0000 0.0000
0.0000 0.7931 0.0000 0.0000 0.0000
0.0000 0.8276 0.0000 0.0000 0.0000
0.0000 0.8621 0.0000 0.0000 0.0000
0.0000 0.8966 0.0000 0.0000 0.0000
0.0000 0.9310 0.0000 0.0000 0.0000
0.0000 0.9655 0.0000 0.0000 0.0000
0.0000 1.0000 0.0000 0.0000 0.0000

0.0345 0.0000 0.0000 0.0000 0.0000
0.0345 0.0345 0.015723 0.999876 0.536927
0.0345 0.0690 0.033678 0.999433 0.501355
0.0345 0.1034 0.054353 0.998522 0.465968
0.0345 0.1379 0.078385 0.996923 0.430814
0.0345 0.1724 0.106607 0.994301 0.395954
0.0345 0.2069 0.140132 0.990133 0.361474
0.0345 0.2414 0.180451 0.983584 0.327493
0.0345 0.2759 0.229580 0.973290 0.294183
0.0345 0.3103 0.290222 0.956959 0.261803
0.0345 0.3448 0.365876 0.930664 0.230743
0.0345 0.3793 0.460610 0.887603 0.201615
0.0345 0.4138 0.577641 0.816291 0.175382
0.0345 0.4483 0.714809 0.699320 0.153538
0.0345 0.4828 0.855360 0.518035 0.138179
0.0345 0.5172 0.962304 0.271975 0.131596
0.0345 0.5517 1.000000 0.000000 0.135077
0.0345 0.5862 0.970284 -0.241968 0.147915
0.0345 0.6207 0.904658 -0.426138 0.167977
0.0345 0.6552 0.831006 -0.556263 0.193024
0.0345 0.6897 0.762734 -0.646712 0.221370
0.0345 0.7241 0.703795 -0.710403 0.251904
0.0345 0.7586 0.654165 -0.756352 0.283921
0.0345 0.7931 0.612589 -0.790401 0.316972
0.0345 0.8276 0.577641 -0.816291 0.350764
0.0345 0.8621 0.548056 -0.836442 0.385103
0.0345 0.8966 0.522801 -0.852455 0.419855
0.0345 0.9310 0.501057 -0.865414 0.454924
0.0345 0.9655 0.0000 0.0000 0.0000
0.0345 1.0000 0.0000 0.0000 0.0000

0.0690 0.0000 0.0000 0.0000 0.0000
0.0690 0.0345 0.023019 0.999735 1.033092
0.0690 0.0690 0.049420 0.998778 0.962413
0.0690 0.1034 0.079936 0.996800 0.892511
0.0690 0.1379 0.115501 0.993307 0.823586
0.0690 0.1724 0.157303 0.987550 0.755903
0.0690 0.2069 0.206844 0.978374 0.689829
0.0690 0.2414 0.265978 0.963979 0.625874
0.0690 0.2759 0.336870 0.941551 0.564757
0.0690 0.3103 0.421731 0.906721 0.507506
0.0690 0.3448 0.521999 0.852946 0.455580
0.0690 0.3793 0.636478 0.771295 0.411002
0.0690 0.4138 0.758185 0.652039 0.376392
0.0690 0.4483 0.871647 0.490134 0.354680
0.0690 0.4828 0.955927 0.293606 0.348287
0.0690 0.5172 0.996322 0.085684 0.358035
0.0690 0.5517 0.994271 -0.106884 0.382692
0.0690 0.5862 0.963404 -0.268053 0.419638
0.0690 0.6207 0.918669 -0.395028 0.465959
0.0690 0.6552 0.870349 -0.492435 0.519151
0.0690 0.6897 0.823850 -0.566809 0.577319
0.0690 0.7241 0.781413 -0.624014 0.639106
0.0690 0.7586 0.743630 -0.668591 0.703558
0.0690 0.7931 0.710342 -0.703856 0.770006
0.0690 0.8276 0.681104 -0.732187 0.837976
0.0690 0.8621 0.655400 -0.755282 0.907127
0.0690 0.8966 0.632734 -0.774369 0.977206
0.0690 0.9310 0.0000 0.0000 0.0000
0.0690 0.9655 0.0000 0.0000 0.0000
0.0690 1.0000 0.0000 0.0000 0.0000

0.1034 0.0000 0.0000 0.0000 0.0000
0.1034 0.0345 0.026284 0.999655 1.488386
0.1034 0.0690 0.056584 0.998398 1.382715
0.1034 0.1034 0.091793 0.995778 1.278525
0.1034 0.1379 0.133038 0.991111 1.176210
0.1034 0.1724 0.181733 0.983348 1.076306
0.1034 0.2069 0.239621 0.970866 0.979548
0.1034 0.2414 0.308737 0.951147 0.886969
0.1034 0.2759 0.391191 0.920310 0.800020
0.1034 0.3103 0.488498 0.872565 0.720742
0.1034 0.3448 0.600058 0.799956 0.651938
0.1034 0.3793 0.720515 0.693439 0.597241
0.1034 0.4138 0.837104 0.547044 0.560792
0.1034 0.4483 0.930992 0.365039 0.546257
0.1034 0.4828 0.986173 0.165718 0.555360
0.1034 0.5172 0.999659 -0.026131 0.587002
0.1034 0.5517 0.981319 -0.192386 0.637837
0.1034 0.5862 0.945040 -0.326954 0.703718
0.1034 0.6207 0.901794 -0.432167 0.780846
0.1034 0.6552 0.858074 -0.513526 0.866221
0.1034 0.6897 0.817009 -0.576625 0.957642
0.1034 0.7241 0.779778 -0.626057 1.053534
0.1034 0.7586 0.746578 -0.665298 1.152783
0.1034 0.7931 0.717175 -0.696893 1.254592
0.1034 0.8276 0.691175 -0.722687 1.358386
0.1034 0.8621 0.668152 -0.744025 1.463742
0.1034 0.8966 0.0000 0.0000 0.0000
0.1034 0.9310 0.0000 0.0000 0.0000
0.1034 0.9655 0.0000 0.0000 0.0000
0.1034 1.0000 0.0000 0.0000 0.0000

0.1379 0.0000 0.0000 0.0000 0.0000
0.1379 0.0345 0.028620 0.999590 1.902801
0.1379 0.0690 0.061807 0.998088 1.762228
0.1379 0.1034 0.100606 0.994926 1.623935
0.1379 0.1379 0.146340 0.989234 1.488558
0.1379 0.1724 0.200664 0.979660 1.356970
0.1379 0.2069 0.265570 0.964092 1.230388
0.1379 0.2414 0.343273 0.939236 1.110524
0.1379 0.2759 0.435760 0.900063 0.999798
0.1379 0.3103 0.543634 0.839322 0.901582
0.1379 0.3448 0.663824 0.747889 0.820383
0.1379 0.3793 0.786502 0.617587 0.761662
0.1379 0.4138 0.894167 0.447734 0.730857
0.1379 0.4483 0.967824 0.251628 0.731503
0.1379 0.4828 0.998564 0.053572 0.763522
0.1379 0.5172 0.992256 -0.124212 0.823260
0.1379 0.5517 0.962548 -0.271111 0.905247
0.1379 0.5862 0.922072 -0.387019 1.004046
0.1379 0.6207 0.879002 -0.476819 1.115199
0.1379 0.6552 0.837576 -0.546321 1.235375
0.1379 0.6897 0.799581 -0.600559 1.362188
0.1379 0.7241 0.765514 -0.643420 1.493949
0.1379 0.7586 0.735273 -0.677771 1.629459
0.1379 0.7931 0.708518 -0.705693 1.767855
0.1379 0.8276 0.684836 -0.728697 1.908509
0.1379 0.8621 0.0000 0.0000 0.0000
0.1379 0.8966 0.0000 0.0000 0.0000
0.1379 0.9310 0.0000 0.0000 0.0000
0.1379 0.9655 0.0000 0.0000 0.0000
0.1379 1.0000 0.0000 0.0000 0.0000

0.1724 0.0000 0.0000 0.0000 0.0000
0.1724 0.0345 0.030662 0.999530 2.276338
0.1724 0.0690 0.066444 0.997790 2.100957
0.1724 0.1034 0.108564 0.994089 1.928760
0.1724 0.1379 0.158570 0.987348 1.760683
0.1724 0.1724 0.218388 0.975862 1.598026
0.1724 0.2069 0.290296 0.956937 1.442623
0.1724 0.2414 0.376679 0.926344 1.297084
0.1724 0.2759 0.479253 0.877677 1.165112
0.1724 0.3103 0.597229 0.802071 1.051826
0.1724 0.3448 0.724167 0.689624 0.963836
0.1724 0.3793 0.845081 0.534638 0.908524
0.1724 0.4138 0.938997 0.343926 0.891988
0.1724 0.4483 0.990223 0.139495 0.916331
0.1724 0.4828 0.998634 -0.052253 0.978507
0.1724 0.5172 0.976693 -0.214640 1.071951
0.1724 0.5517 0.938997 -0.343926 1.189318
0.1724 0.5862 0.896020 -0.444014 1.324261
0.1724 0.6207 0.853533 -0.521038 1.471954
0.1724 0.6552 0.814128 -0.580686 1.628932
0.1724 0.6897 0.778664 -0.627441 1.792760
0.1724 0.7241 0.747179 -0.664623 1.961720
0.1724 0.7586 0.719365 -0.694632 2.134595
0.1724 0.7931 0.694805 -0.719198 2.310506
0.1724 0.8276 0.0000 0.0000 0.0000
0.1724 0.8621 0.0000 0.0000 0.0000
0.1724 0.8966 0.0000 0.0000 0.0000
0.1724 0.9310 0.0000 0.0000 0.0000
0.1724 0.9655 0.0000 0.0000 0.0000
0.1724 1.0000 0.0000 0.0000 0.0000

0.2069 0.0000 0.0000 0.0000 0.0000
0.2069 0.0345 0.032632 0.999467 2.608999
0.2069 0.0690 0.070979 0.997478 2.398916
0.2069 0.1034 0.116464 0.993195 2.193045
0.2069 0.1379 0.170898 0.985289 1.992692
0.2069 0.1724 0.236530 0.971624 1.799701
0.2069 0.2069 0.315963 0.948772 1.616710
0.2069 0.2414 0.411710 0.911315 1.447517
0.2069 0.2759 0.524915 0.851154 1.297531
0.2069 0.3103 0.652591 0.757710 1.174136
0.2069 0.3448 0.783637 0.621219 1.086430
0.2069 0.3793 0.897505 0.441004 1.043453
0.2069 0.4138 0.972338 0.233578 1.050706
0.2069 0.4483 0.999616 0.027707 1.107203
0.2069 0.4828 0.988285 -0.152620 1.206043
0.2069 0.5172 0.954537 -0.298093 1.337875
0.2069 0.5517 0.911778 -0.410682 1.493990
0.2069 0.5862 0.867918 -0.496707 1.667582
0.2069 0.6207 0.826683 -0.562668 1.853747
0.2069 0.6552 0.789433 -0.613836 2.049062
0.2069 0.6897 0.756386 -0.654126 2.251146
0.2069 0.7241 0.727271 -0.686351 2.458330
0.2069 0.7586 0.701652 -0.712520 2.669428
0.2069 0.7931 0.0000 0.0000 0.0000
0.2069 0.8276 0.0000 0.0000 0.0000
0.2069 0.8621 0.0000 0.0000 0.0000
0.2069 0.8966 0.0000 0.0000 0.0000
0.2069 0.9310 0.0000 0.0000 0.0000
0.2069 0.9655 0.0000 0.0000 0.0000
0.2069 1.0000 0.0000 0.0000 0.0000

0.2414 0.0000 0.0000 0.0000 0.0000
0.2414 0.0345 0.034637 0.999400 2.900789
0.2414 0.0690 0.075656 0.997134 2.656126
0.2414 0.1034 0.124719 0.992192 2.416849
0.2414 0.1379 0.183960 0.982934 2.184729
0.2414 0.1724 0.256014 0.966673 1.962306
0.2414 0.2069 0.343844 0.939027 1.753276
0.2414 0.2414 0.449981 0.893038 1.563022
0.2414 0.2759 0.574466 0.818529 1.399222
0.2414 0.3103 0.710836 0.703358 1.272137
0.2414 0.3448 0.841819 0.539760 1.193554
0.2414 0.3793 0.942019 0.335559 1.173259
0.2414 0.4138 0.993024 0.117909 1.214177
0.2414 0.4483 0.996638 -0.081927 1.310589
0.2414 0.4828 0.969122 -0.246581 1.451477
0.2414 0.5172 0.927286 -0.374353 1.625317
0.2414 0.5517 0.881992 -0.471265 1.822705
0.2414 0.5862 0.838610 -0.544732 2.036805
0.2414 0.6207 0.799230 -0.601025 2.262879
0.2414 0.6552 0.764324 -0.644832 2.497679
0.2414 0.6897 0.733677 -0.679498 2.738960
0.2414 0.7241 0.706828 -0.707386 2.985151
0.2414 0.7586 0.0000 0.0000 0.0000
0.2414 0.7931 0.0000 0.0000 0.0000
0.2414 0.8276 0.0000 0.0000 0.0000
0.2414 0.8621 0.0000 0.0000 0.0000
0.2414 0.8966 0.0000 0.0000 0.0000
0.2414 0.9310 0.0000 0.0000 0.0000
0.2414 0.9655 0.0000 0.0000 0.0000
0.2414 1.0000 0.0000 0.0000 0.0000

0.2759 0.0000 0.0000 0.0000 0.0000
0.2759 0.0345 0.036747 0.999325 3.151712
0.2759 0.0690 0.080634 0.996744 2.872612
0.2759 0.1034 0.133619 0.991033 2.600249
0.2759 0.1379 0.198229 0.980156 2.336982
0.2759 0.1724 0.277565 0.960707 2.086256
0.2759 0.2069 0.374972 0.927036 1.853169
0.2759 0.2414 0.492757 0.870167 1.645235
0.2759 0.2759 0.628938 0.777455 1.473143
0.2759 0.3103 0.771717 0.635966 1.350665
0.2759 0.3448 0.896406 0.443233 1.291987
0.2759 0.3793 0.975661 0.219282 1.305739
0.2759 0.4138 1.000000 0.000000 1.389774
0.2759 0.4483 0.982393 -0.186827 1.532573
0.2759 0.4828 0.942919 -0.333023 1.719557
0.2759 0.5172 0.896406 -0.443233 1.937980
0.2759 0.5517 0.850637 -0.525753 2.178405
0.2759 0.5862 0.808787 -0.588102 2.434321
0.2759 0.6207 0.771717 -0.635966 2.701329
0.2759 0.6552 0.739296 -0.673380 2.976446
0.2759 0.6897 0.711038 -0.703154 3.257618
0.2759 0.7241 0.0000 0.0000 0.0000
0.2759 0.7586 0.0000 0.0000 0.0000
0.2759 0.7931 0.0000 0.0000 0.0000
0.2759 0.8276 0.0000 0.0000 0.0000
0.2759 0.8621 0.0000 0.0000 0.0000
0.2759 0.8966 0.0000 0.0000 0.0000
0.2759 0.9310 0.0000 0.0000 0.0000
0.2759 0.9655 0.0000 0.0000 0.0000
0.2759 1.0000 0.0000 0.0000 0.0000

0.3103 0.0000 0.0000 0.0000 0.0000
0.3103 0.0345 0.039013 0.999239 3.361774
0.3103 0.0690 0.086047 0.996291 3.048405
0.3103 0.1034 0.143424 0.989661 2.743344
0.3103 0.1379 0.214154 0.976800 2.449699
0.3103 0.1724 0.301904 0.953338 2.172103
0.3103 0.2069 0.410380 0.911915 1.917540
0.3103 0.2414 0.541186 0.840903 1.696410
0.3103 0.2759 0.688766 0.724984 1.523344
0.3103 0.3103 0.833559 0.552431 1.416074
0.3103 0.3448 0.943605 0.331074 1.389919
0.3103 0.3793 0.995453 0.095254 1.449277
0.3103 0.4138 0.993230 -0.116162 1.584568
0.3103 0.4483 0.958645 -0.284605 1.778546
0.3103 0.4828 0.911543 -0.411204 2.014328
0.3103 0.5172 0.863239 -0.504795 2.278976
0.3103 0.5517 0.818569 -0.574408 2.563564
0.3103 0.5862 0.778997 -0.627028 2.862152
0.3103 0.6207 0.744535 -0.667584 3.170787
0.3103 0.6552 0.714671 -0.699461 3.486801
0.3103 0.6897 0.0000 0.0000 0.0000
0.3103 0.7241 0.0000 0.0000 0.0000
0.3103 0.7586 0.0000 0.0000 0.0000
0.3103 0.7931 0.0000 0.0000 0.0000
0.3103 0.8276 0.0000 0.0000 0.0000
0.3103 0.8621 0.0000 0.0000 0.0000
0.3103 0.8966 0.0000 0.0000 0.0000
0.3103 0.9310 0.0000 0.0000 0.0000
0.3103 0.9655 0.0000 0.0000 0.0000
0.3103 1.0000 0.0000 0.0000 0.0000

0.3448 0.0000 0.0000 0.0000 0.0000
0.3448 0.0345 0.041488 0.999139 3.530983
0.3448 0.0690 0.092031 0.995756 3.183546
0.3448 0.1034 0.154405 0.988008 2.846262
0.3448 0.1379 0.232232 0.972660 2.523205
0.3448 0.1724 0.329849 0.944034 2.220593
0.3448 0.2069 0.451213 0.892416 1.947978
0.3448 0.2414 0.596299 0.802763 1.719685
0.3448 0.2759 0.753485 0.657465 1.555356
0.3448 0.3103 0.892940 0.450175 1.476504
0.3448 0.3448 0.978768 0.204969 1.496700
0.3448 0.3793 0.999497 -0.031714 1.612226
0.3448 0.4138 0.973981 -0.226630 1.804868
0.3448 0.4483 0.927603 -0.373567 2.053032
0.3448 0.4828 0.876782 -0.480888 2.339113
0.3448 0.5172 0.828932 -0.559350 2.650862
0.3448 0.5517 0.786473 -0.617624 2.980236
0.3448 0.5862 0.749660 -0.661823 3.321996
0.3448 0.6207 0.717965 -0.696079 3.672687
0.3448 0.6552 0.0000 0.0000 0.0000
0.3448 0.6897 0.0000 0.0000 0.0000
0.3448 0.7241 0.0000 0.0000 0.0000
0.3448 0.7586 0.0000 0.0000 0.0000
0.3448 0.7931 0.0000 0.0000 0.0000
0.3448 0.8276 0.0000 0.0000 0.0000
0.3448 0.8621 0.0000 0.0000 0.0000
0.3448 0.8966 0.0000 0.0000 0.0000
0.3448 0.9310 0.0000 0.0000 0.0000
0.3448 0.9655 0.0000 0.0000 0.0000
0.3448 1.0000 0.0000 0.0000 0.0000

0.3793 0.0000 0.0000 0.0000 0.0000
0.3793 0.0345 0.044224 0.999022 3.659347
0.3793 0.0690 0.098735 0.995114 3.278086
0.3793 0.1034 0.166884 0.985977 2.909168
0.3793 0.1379 0.253065 0.967449 2.557936
0.3793 0.1724 0.362403 0.932022 2.232754
0.3793 0.2069 0.498781 0.866728 1.946720
0.3793 0.2414 0.658813 0.752307 1.719483
0.3793 0.2759 0.821126 0.570746 1.576675
0.3793 0.3103 0.944581 0.328278 1.541933
0.3793 0.3448 0.997593 0.069340 1.622216
0.3793 0.3793 0.987751 -0.156037 1.802218
0.3793 0.4138 0.944581 -0.328278 2.055910
0.3793 0.4483 0.891577 -0.452869 2.359644
0.3793 0.4828 0.840194 -0.542286 2.696562
0.3793 0.5172 0.794404 -0.607389 3.055708
0.3793 0.5517 0.754874 -0.655870 3.430106
0.3793 0.5862 0.721084 -0.692848 3.815269
0.3793 0.6207 0.0000 0.0000 0.0000
0.3793 0.6552 0.0000 0.0000 0.0000
0.3793 0.6897 0.0000 0.0000 0.0000
0.3793 0.7241 0.0000 0.0000 0.0000
0.3793 0.7586 0.0000 0.0000 0.0000
0.3793 0.7931 0.0000 0.0000 0.0000
0.3793 0.8276 0.0000 0.0000 0.0000
0.3793 0.8621 0.0000 0.0000 0.0000
0.3793 0.8966 0.0000 0.0000 0.0000
0.3793 0.9310 0.0000 0.0000 0.0000
0.3793 0.9655 0.0000 0.0000 0.0000
0.3793 1.0000 0.0000 0.0000 0.0000

0.4138 0.0000 0.0000 0.0000 0.0000
0.4138 0.0345 0.047285 0.998881 3.746878
0.4138 0.0690 0.106342 0.994330 3.332093
0.4138 0.1034 0.181262 0.983435 2.932283
0.4138 0.1379 0.277425 0.960747 2.554492
0.4138 0.1724 0.400830 0.916152 2.210039
0.4138 0.2069 0.554528 0.832165 1.916981
0.4138 0.2414 0.728635 0.684903 1.702074
0.4138 0.2759 0.887412 0.460978 1.597184
0.4138 0.3103 0.981991 0.188929 1.623773
0.4138 0.3448 0.997610 -0.069096 1.775945
0.4138 0.3793 0.962124 -0.272612 2.025591
0.4138 0.4138 0.907888 -0.419213 2.341743
0.4138 0.4483 0.852678 -0.522436 2.701148
0.4138 0.4828 0.803039 -0.595927 3.088744
0.4138 0.5172 0.760351 -0.649513 3.495165
0.4138 0.5517 0.724149 -0.689643 3.914552
0.4138 0.5862 0.693481 -0.720475 4.343150
0.4138 0.6207 0.0000 0.0000 0.0000
0.4138 0.6552 0.0000 0.0000 0.0000
0.4138 0.6897 0.0000 0.0000 0.0000
0.4138 0.7241 0.0000 0.0000 0.0000
0.4138 0.7586 0.0000 0.0000 0.0000
0.4138 0.7931 0.0000 0.0000 0.0000
0.4138 0.8276 0.0000 0.0000 0.0000
0.4138 0.8621 0.0000 0.0000 0.0000
0.4138 0.8966 0.0000 0.0000 0.0000
0.4138 0.9310 0.0000 0.0000 0.0000
0.4138 0.9655 0.0000 0.0000 0.0000
0.4138 1.0000 0.0000 0.0000 0.0000

0.4483 0.0000 0.0000 0.0000 0.0000
0.4483 0.0345 0.050746 0.998712 3.793592
0.4483 0.0690 0.115080 0.993356 3.345652
0.4483 0.1034 0.198061 0.980190 2.915910
0.4483 0.1379 0.306334 0.951924 2.513715
0.4483 0.1724 0.446750 0.894659 2.154549
0.4483 0.2069 0.619843 0.784726 1.863462
0.4483 0.2414 0.803890 0.594778 1.676302
0.4483 0.2759 0.945243 0.326369 1.629287
0.4483 0.3103 0.999265 0.038336 1.733855
0.4483 0.3448 0.979208 -0.202858 1.965965
0.4483 0.3793 0.925884 -0.377809 2.287110
0.4483 0.4138 0.866735 -0.498769 2.665299
0.4483 0.4483 0.812647 -0.582757 3.079586
0.4483 0.4828 0.766261 -0.642529 3.517240
0.4483 0.5172 0.727265 -0.686357 3.970540
0.4483 0.5517 0.0000 0.0000 0.0000
0.4483 0.5862 0.0000 0.0000 0.0000
0.4483 0.6207 0.0000 0.0000 0.0000
0.4483 0.6552 0.0000 0.0000 0.0000
0.4483 0.6897 0.0000 0.0000 0.0000
0.4483 0.7241 0.0000 0.0000 0.0000
0.4483 0.7586 0.0000 0.0000 0.0000
0.4483 0.7931 0.0000 0.0000 0.0000
0.4483 0.8276 0.0000 0.0000 0.0000
0.4483 0.8621 0.0000 0.0000 0.0000
0.4483 0.8966 0.0000 0.0000 0.0000
0.4483 0.9310 0.0000 0.0000 0.0000
0.4483 0.9655 0.0000 0.0000 0.0000
0.4483 1.0000 0.0000 0.0000 0.0000

0.4828 0.0000 0.0000 0.0000 0.0000
0.4828 0.0345 0.054704 0.998503 3.799506
0.4828 0.0690 0.125252 0.992125 3.318883
0.4828 0.1034 0.217987 0.975952 2.860466
0.4828 0.1379 0.341179 0.939998 2.436819
0.4828 0.1724 0.502191 0.864757 2.069410
0.4828 0.2069 0.695474 0.718551 1.793145
0.4828 0.2414 0.879467 0.475959 1.654336
0.4828 0.2759 0.985496 0.169699 1.687254
0.4828 0.3103 0.993475 -0.114049 1.882916
0.4828 0.3448 0.945499 -0.325624 2.198286
0.4828 0.3793 0.882752 -0.469840 2.589999
0.4828 0.4138 0.823547 -0.567248 3.028576
0.4828 0.4483 0.772795 -0.634655 3.496425
0.4828 0.4828 0.730527 -0.682884 3.983247
0.4828 0.5172 0.0000 0.0000 0.0000
0.4828 0.5517 0.0000 0.0000 0.0000
0.4828 0.5862 0.0000 0.0000 0.0000
0.4828 0.6207 0.0000 0.0000 0.0000
0.4828 0.6552 0.0000 0.0000 0.0000
0.4828 0.6897 0.0000 0.0000 0.0000
0.4828 0.7241 0.0000 0.0000 0.0000
0.4828 0.7586 0.0000 0.0000 0.0000
0.4828 0.7931 0.0000 0.0000 0.0000
0.4828 0.8276 0.0000 0.0000 0.0000
0.4828 0.8621 0.0000 0.0000 0.0000
0.4828 0.8966 0.0000 0.0000 0.0000
0.4828 0.9310 0.0000 0.0000 0.0000
0.4828 0.9655 0.0000 0.0000 0.0000
0.4828 1.0000 0.0000 0.0000 0.0000

0.5172 0.0000 0.0000 0.0000 0.0000
0.5172 0.0345 0.059285 0.998241 3.764648
0.5172 0.0690 0.137263 0.990535 3.251946
0.5172 0.1034 0.242020 0.970271 2.766550
0.5172 0.1379 0.383875 0.923385 2.325620
0.5172 0.1724 0.569525 0.821974 1.959409
0.5172 0.2069 0.780179 0.625556 1.716427
0.5172 0.2414 0.945720 0.324981 1.651975
0.5172 0.2759 1.000000 0.000000 1.785493
0.5172 0.3103 0.966090 -0.258207 2.079186
0.5172 0.3448 0.901141 -0.433527 2.476713
0.5172 0.3793 0.836133 -0.548526 2.936199
0.5172 0.4138 0.780179 -0.625556 3.432854
0.5172 0.4483 0.734038 -0.679108 3.952691
0.5172 0.4828 0.0000 0.0000 0.0000
0.5172 0.5172 0.0000 0.0000 0.0000
0.5172 0.5517 0.0000 0.0000 0.0000
0.5172 0.5862 0.0000 0.0000 0.0000
0.5172 0.6207 0.0000 0.0000 0.0000
0.5172 0.6552 0.0000 0.0000 0.0000
0.5172 0.6897 0.0000 0.0000 0.0000
0.5172 0.7241 0.0000 0.0000 0.0000
0.5172 0.7586 0.0000 0.0000 0.0000
0.5172 0.7931 0.0000 0.0000 0.0000
0.5172 0.8276 0.0000 0.0000 0.0000
0.5172 0.8621 0.0000 0.0000 0.0000
0.5172 0.8966 0.0000 0.0000 0.0000
0.5172 0.9310 0.0000 0.0000 0.0000
0.5172 0.9655 0.0000 0.0000 0.0000
0.5172 1.0000 0.0000 0.0000 0.0000

0.5517 0.0000 0.0000 0.0000 0.0000
0.5517 0.0345 0.064658 0.997908 3.689051
0.5517 0.0690 0.151682 0.988429 3.145071
0.5517 0.1034 0.271561 0.962421 2.635050
0.5517 0.1379 0.437075 0.899425 2.182925
0.5517 0.1724 0.650973 0.759101 1.832069
0.5517 0.2069 0.868172 0.496263 1.648467
0.5517 0.2414 0.989369 0.145425 1.687620
0.5517 0.2759 0.985613 -0.169018 1.936059
0.5517 0.3103 0.922250 -0.386595 2.327710
0.5517 0.3448 0.850912 -0.525309 2.803176
0.5517 0.3793 0.788701 -0.614777 3.326711
0.5517 0.4138 0.737917 -0.674891 3.878900
0.5517 0.4483 0.0000 0.0000 0.0000
0.5517 0.4828 0.0000 0.0000 0.0000
0.5517 0.5172 0.0000 0.0000 0.0000
0.5517 0.5517 0.0000 0.0000 0.0000
0.5517 0.5862 0.0000 0.0000 0.0000
0.5517 0.6207 0.0000 0.0000 0.0000
0.5517 0.6552 0.0000 0.0000 0.0000
0.5517 0.6897 0.0000 0.0000 0.0000
0.5517 0.7241 0.0000 0.0000 0.0000
0.5517 0.7586 0.0000 0.0000 0.0000
0.5517 0.7931 0.0000 0.0000 0.0000
0.5517 0.8276 0.0000 0.0000 0.0000
0.5517 0.8621 0.0000 0.0000 0.0000
0.5517 0.8966 0.0000 0.0000 0.0000
0.5517 0.9310 0.0000 0.0000 0.0000
0.5517 0.9655 0.0000 0.0000 0.0000
0.5517 1.0000 0.0000 0.0000 0.0000

0.5862 0.0000 0.0000 0.0000 0.0000
0.5862 0.0345 0.071055 0.997472 3.572764
0.5862 0.0690 0.169323 0.985561 2.998589
0.5862 0.1034 0.308671 0.951169 2.467331
0.5862 0.1379 0.504385 0.863479 2.013259
0.5862 0.1724 0.746919 0.664915 1.699411
0.5862 0.2069 0.946082 0.323928 1.609995
0.5862 0.2414 0.998806 -0.048854 1.779176
0.5862 0.2759 0.946082 -0.323928 2.146660
0.5862 0.3103 0.868535 -0.495628 2.630613
0.5862 0.3448 0.798750 -0.601663 3.178271
0.5862 0.3793 0.742311 -0.670055 3.761912
0.5862 0.4138 0.697568 -0.716518 4.367134
0.5862 0.4483 0.0000 0.0000 0.0000
0.5862 0.4828 0.0000 0.0000 0.0000
0.5862 0.5172 0.0000 0.0000 0.0000
0.5862 0.5517 0.0000 0.0000 0.0000
0.5862 0.5862 0.0000 0.0000 0.0000
0.5862 0.6207 0.0000 0.0000 0.0000
0.5862 0.6552 0.0000 0.0000 0.0000
0.5862 0.6897 0.0000 0.0000 0.0000
0.5862 0.7241 0.0000 0.0000 0.0000
0.5862 0.7586 0.0000 0.0000 0.0000
0.5862 0.7931 0.0000 0.0000 0.0000
0.5862 0.8276 0.0000 0.0000 0.0000
0.5862 0.8621 0.0000 0.0000 0.0000
0.5862 0.8966 0.0000 0.0000 0.0000
0.5862 0.9310 0.0000 0.0000 0.0000
0.5862 0.9655 0.0000 0.0000 0.0000
0.5862 1.0000 0.0000 0.0000 0.0000

0.6207 0.0000 0.0000 0.0000 0.0000
0.6207 0.0345 0.078810 0.996890 3.415856
0.6207 0.0690 0.191399 0.981512 2.813005
0.6207 0.1034 0.356467 0.934308 2.265597
0.6207 0.1379 0.590278 0.807200 1.824248
0.6207 0.1724 0.851663 0.524089 1.580456
0.6207 0.2069 0.993569 0.113225 1.625674
0.6207 0.2414 0.971455 -0.237224 1.939795
0.6207 0.2759 0.889822 -0.456309 2.420290
0.6207 0.3103 0.810868 -0.585229 2.987946
0.6207 0.3448 0.747417 -0.664356 3.601784
0.6207 0.3793 0.0000 0.0000 0.0000
0.6207 0.4138 0.0000 0.0000 0.0000
0.6207 0.4483 0.0000 0.0000 0.0000
0.6207 0.4828 0.0000 0.0000 0.0000
0.6207 0.5172 0.0000 0.0000 0.0000
0.6207 0.5517 0.0000 0.0000 0.0000
0.6207 0.5862 0.0000 0.0000 0.0000
0.6207 0.6207 0.0000 0.0000 0.0000
0.6207 0.6552 0.0000 0.0000 0.0000
0.6207 0.6897 0.0000 0.0000 0.0000
0.6207 0.7241 0.0000 0.0000 0.0000
0.6207 0.7586 0.0000 0.0000 0.0000
0.6207 0.7931 0.0000 0.0000 0.0000
0.6207 0.8276 0.0000 0.0000 0.0000
0.6207 0.8621 0.0000 0.0000 0.0000
0.6207 0.8966 0.0000 0.0000 0.0000
0.6207 0.9310 0.0000 0.0000 0.0000
0.6207 0.9655 0.0000 0.0000 0.0000
0.6207 1.0000 0.0000 0.0000 0.0000

0.6552 0.0000 0.0000 0.0000 0.0000
0.6552 0.0345 0.088410 0.996084 3.218429
0.6552 0.0690 0.219799 0.975545 2.589119
0.6552 0.1034 0.419759 0.907636 2.033612
0.6552 0.1379 0.698590 0.715522 1.629237
0.6552 0.1724 0.946365 0.323101 1.503343
0.6552 0.2069 0.993587 -0.113074 1.718273
0.6552 0.2414 0.915666 -0.401940 2.175242
0.6552 0.2759 0.825840 -0.563904 2.756390
0.6552 0.3103 0.753510 -0.657436 3.398601
0.6552 0.3448 0.0000 0.0000 0.0000
0.6552 0.3793 0.0000 0.0000 0.0000
0.6552 0.4138 0.0000 0.0000 0.0000
0.6552 0.4483 0.0000 0.0000 0.0000
0.6552 0.4828 0.0000 0.0000 0.0000
0.6552 0.5172 0.0000 0.0000 0.0000
0.6552 0.5517 0.0000 0.0000 0.0000
0.6552 0.5862 0.0000 0.0000 0.0000
0.6552 0.6207 0.0000 0.0000 0.0000
0.6552 0.6552 0.0000 0.0000 0.0000
0.6552 0.6897 0.0000 0.0000 0.0000
0.6552 0.7241 0.0000 0.0000 0.0000
0.6552 0.7586 0.0000 0.0000 0.0000
0.6552 0.7931 0.0000 0.0000 0.0000
0.6552 0.8276 0.0000 0.0000 0.0000
0.6552 0.8621 0.0000 0.0000 0.0000
0.6552 0.8966 0.0000 0.0000 0.0000
0.6552 0.9310 0.0000 0.0000 0.0000
0.6552 0.9655 0.0000 0.0000 0.0000
0.6552 1.0000 0.0000 0.0000 0.0000

0.6897 0.0000 0.0000 0.0000 0.0000
0.6897 0.0345 0.100610 0.994926 2.980641
0.6897 0.0690 0.257599 0.966252 2.328278
0.6897 0.1034 0.505915 0.862583 1.778249
0.6897 0.1379 0.826158 0.563438 1.451931
0.6897 0.1724 0.997682 0.068042 1.502888
0.6897 0.2069 0.946484 -0.322750 1.901021
0.6897 0.2414 0.844838 -0.535022 2.484699
0.6897 0.2759 0.761000 -0.648751 3.152493
0.6897 0.3103 0.0000 0.0000 0.0000
0.6897 0.3448 0.0000 0.0000 0.0000
0.6897 0.3793 0.0000 0.0000 0.0000
0.6897 0.4138 0.0000 0.0000 0.0000
0.6897 0.4483 0.0000 0.0000 0.0000
0.6897 0.4828 0.0000 0.0000 0.0000
0.6897 0.5172 0.0000 0.0000 0.0000
0.6897 0.5517 0.0000 0.0000 0.0000
0.6897 0.5862 0.0000 0.0000 0.0000
0.6897 0.6207 0.0000 0.0000 0.0000
0.6897 0.6552 0.0000 0.0000 0.0000
0.6897 0.6897 0.0000 0.0000 0.0000
0.6897 0.7241 0.0000 0.0000 0.0000
0.6897 0.7586 0.0000 0.0000 0.0000
0.6897 0.7931 0.0000 0.0000 0.0000
0.6897 0.8276 0.0000 0.0000 0.0000
0.6897 0.8621 0.0000 0.0000 0.0000
0.6897 0.8966 0.0000 0.0000 0.0000
0.6897 0.9310 0.0000 0.0000 0.0000
0.6897 0.9655 0.0000 0.0000 0.0000
0.6897 1.0000 0.0000 0.0000 0.0000

0.7241 0.0000 0.0000 0.0000 0.0000
0.7241 0.0345 0.116629 0.993176 2.702749
0.7241 0.0690 0.310115 0.950699 2.032924
0.7241 0.1034 0.625011 0.780616 1.513029
0.7241 0.1379 0.946592 0.322434 1.332020
0.7241 0.1724 0.979748 -0.200237 1.608680
0.7241 0.2069 0.869633 -0.493699 2.174849
0.7241 0.2414 0.770527 -0.637407 2.863675
0.7241 0.2759 0.0000 0.0000 0.0000
0.7241 0.3103 0.0000 0.0000 0.0000
0.7241 0.3448 0.0000 0.0000 0.0000
0.7241 0.3793 0.0000 0.0000 0.0000
0.7241 0.4138 0.0000 0.0000 0.0000
0.7241 0.4483 0.0000 0.0000 0.0000
0.7241 0.4828 0.0000 0.0000 0.0000
0.7241 0.5172 0.0000 0.0000 0.0000
0.7241 0.5517 0.0000 0.0000 0.0000
0.7241 0.5862 0.0000 0.0000 0.0000
0.7241 0.6207 0.0000 0.0000 0.0000
0.7241 0.6552 0.0000 0.0000 0.0000
0.7241 0.6897 0.0000 0.0000 0.0000
0.7241 0.7241 0.0000 0.0000 0.0000
0.7241 0.7586 0.0000 0.0000 0.0000
0.7241 0.7931 0.0000 0.0000 0.0000
0.7241 0.8276 0.0000 0.0000 0.0000
0.7241 0.8621 0.0000 0.0000 0.0000
0.7241 0.8966 0.0000 0.0000 0.0000
0.7241 0.9310 0.0000 0.0000 0.0000
0.7241 0.9655 0.0000 0.0000 0.0000
0.7241 1.0000 0.0000 0.0000 0.0000

0.7586 0.0000 0.0000 0.0000 0.0000
0.7586 0.0345 0.138587 0.990350 2.385204
0.7586 0.0690 0.387086 0.922044 1.707936
0.7586 0.1034 0.783154 0.621828 1.266260
0.7586 0.1379 1.000000 0.000000 1.322235
0.7586 0.1724 0.902786 -0.430090 1.830771
0.7586 0.2069 0.783154 -0.621828 2.532520
0.7586 0.2414 0.699769 -0.714369 3.306678
0.7586 0.2759 0.0000 0.0000 0.0000
0.7586 0.3103 0.0000 0.0000 0.0000
0.7586 0.3448 0.0000 0.0000 0.0000
0.7586 0.3793 0.0000 0.0000 0.0000
0.7586 0.4138 0.0000 0.0000 0.0000
0.7586 0.4483 0.0000 0.0000 0.0000
0.7586 0.4828 0.0000 0.0000 0.0000
0.7586 0.5172 0.0000 0.0000 0.0000
0.7586 0.5517 0.0000 0.0000 0.0000
0.7586 0.5862 0.0000 0.0000 0.0000
0.7586 0.6207 0.0000 0.0000 0.0000
0.7586 0.6552 0.0000 0.0000 0.0000
0.7586 0.6897 0.0000 0.0000 0.0000
0.7586 0.7241 0.0000 0.0000 0.0000
0.7586 0.7586 0.0000 0.0000 0.0000
0.7586 0.7931 0.0000 0.0000 0.0000
0.7586 0.8276 0.0000 0.0000 0.0000
0.7586 0.8621 0.0000 0.0000 0.0000
0.7586 0.8966 0.0000 0.0000 0.0000
0.7586 0.9310 0.0000 0.0000 0.0000
0.7586 0.9655 0.0000 0.0000 0.0000
0.7586 1.0000 0.0000 0.0000 0.0000

0.7931 0.0000 0.0000 0.0000 0.0000
0.7931 0.0345 0.170488 0.985360 2.028871
0.7931 0.0690 0.507043 0.861921 1.364372
0.7931 0.1034 0.946779 0.321885 1.096025
0.7931 0.1379 0.946779 -0.321885 1.461367
0.7931 0.1724 0.800786 -0.598951 2.159740
0.7931 0.2069 0.0000 0.0000 0.0000
0.7931 0.2414 0.0000 0.0000 0.0000
0.7931 0.2759 0.0000 0.0000 0.0000
0.7931 0.3103 0.0000 0.0000 0.0000
0.7931 0.3448 0.0000 0.0000 0.0000
0.7931 0.3793 0.0000 0.0000 0.0000
0.7931 0.4138 0.0000 0.0000 0.0000
0.7931 0.4483 0.0000 0.0000 0.0000
0.7931 0.4828 0.0000 0.0000 0.0000
0.7931 0.5172 0.0000 0.0000 0.0000
0.7931 0.5517 0.0000 0.0000 0.0000
0.7931 0.5862 0.0000 0.0000 0.0000
0.7931 0.6207 0.0000 0.0000 0.0000
0.7931 0.6552 0.0000 0.0000 0.0000
0.7931 0.6897 0.0000 0.0000 0.0000
0.7931 0.7241 0.0000 0.0000 0.0000
0.7931 0.7586 0.0000 0.0000 0.0000
0.7931 0.7931 0.0000 0.0000 0.0000
0.7931 0.8276 0.0000 0.0000 0.0000
0.7931 0.8621 0.0000 0.0000 0.0000
0.7931 0.8966 0.0000 0.0000 0.0000
0.7931 0.9310 0.0000 0.0000 0.0000
0.7931 0.9655 0.0000 0.0000 0.0000
0.7931 1.0000 0.0000 0.0000 0.0000

0.8276 0.0000 0.0000 0.0000 0.0000
0.8276 0.0345 0.220854 0.975307 1.635633
0.8276 0.0690 0.700389 0.713761 1.031531
0.8276 0.1034 0.993650 -0.112513 1.090635
0.8276 0.1379 0.827159 -0.561967 1.746878
0.8276 0.1724 0.0000 0.0000 0.0000
0.8276 0.2069 0.0000 0.0000 0.0000
0.8276 0.2414 0.0000 0.0000 0.0000
0.8276 0.2759 0.0000 0.0000 0.0000
0.8276 0.3103 0.0000 0.0000 0.0000
0.8276 0.3448 0.0000 0.0000 0.0000
0.8276 0.3793 0.0000 0.0000 0.0000
0.8276 0.4138 0.0000 0.0000 0.0000
0.8276 0.4483 0.0000 0.0000 0.0000
0.8276 0.4828 0.0000 0.0000 0.0000
0.8276 0.5172 0.0000 0.0000 0.0000
0.8276 0.5517 0.0000 0.0000 0.0000
0.8276 0.5862 0.0000 0.0000 0.0000
0.8276 0.6207 0.0000 0.0000 0.0000
0.8276 0.6552 0.0000 0.0000 0.0000
0.8276 0.6897 0.0000 0.0000 0.0000
0.8276 0.7241 0.0000 0.0000 0.0000
0.8276 0.7586 0.0000 0.0000 0.0000
0.8276 0.7931 0.0000 0.0000 0.0000
0.8276 0.8276 0.0000 0.0000 0.0000
0.8276 0.8621 0.0000 0.0000 0.0000
0.8276 0.8966 0.0000 0.0000 0.0000
0.8276 0.9310 0.0000 0.0000 0.0000
0.8276 0.9655 0.0000 0.0000 0.0000
0.8276 1.0000 0.0000 0.0000 0.0000

0.8621 0.0000 0.0000 0.0000 0.0000
0.8621 0.0345 0.311096 0.950379 1.210482
0.8621 0.0690 0.946935 0.321426 0.795357
0.8621 0.1034 0.870372 -0.492395 1.297982
0.8621 0.1379 0.700662 -0.713494 2.149828
0.8621 0.1724 0.0000 0.0000 0.0000
0.8621 0.2069 0.0000 0.0000 0.0000
0.8621 0.2414 0.0000 0.0000 0.0000
0.8621 0.2759 0.0000 0.0000 0.0000
0.8621 0.3103 0.0000 0.0000 0.0000
0.8621 0.3448 0.0000 0.0000 0.0000
0.8621 0.3793 0.0000 0.0000 0.0000
0.8621 0.4138 0.0000 0.0000 0.0000
0.8621 0.4483 0.0000 0.0000 0.0000
0.8621 0.4828 0.0000 0.0000 0.0000
0.8621 0.5172 0.0000 0.0000 0.0000
0.8621 0.5517 0.0000 0.0000 0.0000
0.8621 0.5862 0.0000 0.0000 0.0000
0.8621 0.6207 0.0000 0.0000 0.0000
0.8621 0.6552 0.0000 0.0000 0.0000
0.8621 0.6897 0.0000 0.0000 0.0000
0.8621 0.7241 0.0000 0.0000 0.0000
0.8621 0.7586 0.0000 0.0000 0.0000
0.8621 0.7931 0.0000 0.0000 0.0000
0.8621 0.8276 0.0000 0.0000 0.0000
0.8621 0.8621 0.0000 0.0000 0.0000
0.8621 0.8966 0.0000 0.0000 0.0000
0.8621 0.9310 0.0000 0.0000 0.0000
0.8621 0.9655 0.0000 0.0000 0.0000
0.8621 1.0000 0.0000 0.0000 0.0000

0.8966 0.0000 0.0000 0.0000 0.0000
0.8966 0.0345 0.507909 0.861411 0.771624
0.8966 0.0690 0.947004 -0.321223 0.827693
0.8966 0.1034 0.0000 0.0000 0.0000
0.8966 0.1379 0.0000 0.0000 0.0000
0.8966 0.1724 0.0000 0.0000 0.0000
0.8966 0.2069 0.0000 0.0000 0.0000
0.8966 0.2414 0.0000 0.0000 0.0000
0.8966 0.2759 0.0000 0.0000 0.0000
0.8966 0.3103 0.0000 0.0000 0.0000
0.8966 0.3448 0.0000 0.0000 0.0000
0.8966 0.3793 0.0000 0.0000 0.0000
0.8966 0.4138 0.0000 0.0000 0.0000
0.8966 0.4483 0.0000 0.0000 0.0000
0.8966 0.4828 0.0000 0.0000 0.0000
0.8966 0.5172 0.0000 0.0000 0.0000
0.8966 0.5517 0.0000 0.0000 0.0000
0.8966 0.5862 0.0000 0.0000 0.0000
0.8966 0.6207 0.0000 0.0000 0.0000
0.8966 0.6552 0.0000 0.0000 0.0000
0.8966 0.6897 0.0000 0.0000 0.0000
0.8966 0.7241 0.0000 0.0000 0.0000
0.8966 0.7586 0.0000 0.0000 0.0000
0.8966 0.7931 0.0000 0.0000 0.0000
0.8966 0.8276 0.0000 0.0000 0.0000
0.8966 0.8621 0.0000 0.0000 0.0000
0.8966 0.8966 0.0000 0.0000 0.0000
0.8966 0.9310 0.0000 0.0000 0.0000
0.8966 0.9655 0.0000 0.0000 0.0000
0.8966 1.0000 0.0000 0.0000 0.0000

0.9310 0.0000 0.0000 0.0000 0.0000
0.9310 0.0345 0.947067 0.321035 0.430015
0.9310 0.0690 0.701145 -0.713019 1.161680
0.9310 0.1034 0.0000 0.0000 0.0000
0.9310 0.1379 0.0000 0.0000 0.0000
0.9310 0.1724 0.0000 0.0000 0.0000
0.9310 0.2069 0.0000 0.0000 0.0000
0.9310 0.2414 0.0000 0.0000 0.0000
0.9310 0.2759 0.0000 0.0000 0.0000
0.9310 0.3103 0.0000 0.0000 0.0000
0.9310 0.3448 0.0000 0.0000 0.0000
0.9310 0.3793 0.0000 0.0000 0.0000
0.9310 0.4138 0.0000 0.0000 0.0000
0.9310 0.4483 0.0000 0.0000 0.0000
0.9310 0.4828 0.0000 0.0000 0.0000
0.9310 0.5172 0.0000 0.0000 0.0000
0.9310 0.5517 0.0000 0.0000 0.0000
0.9310 0.5862 0.0000 0.0000 0.0000
0.9310 0.6207 0.0000 0.0000 0.0000
0.9310 0.6552 0.0000 0.0000 0.0000
0.9310 0.6897 0.0000 0.0000 0.0000
0.9310 0.7241 0.0000 0.0000 0.0000
0.9310 0.7586 0.0000 0.0000 0.0000
0.9310 0.7931 0.0000 0.0000 0.0000
0.9310 0.8276 0.0000 0.0000 0.0000
0.9310 0.8621 0.0000 0.0000 0.0000
0.9310 0.8966 0.0000 0.0000 0.0000
0.9310 0.9310 0.0000 0.0000 0.0000
0.9310 0.9655 0.0000 0.0000 0.0000
0.9310 1.0000 0.0000 0.0000 0.0000

0.9655 0.0000 0.0000 0.0000 0.0000
0.9655 0.0345 0.0000 0.0000 0.0000
0.9655 0.0690 0.0000 0.0000 0.0000
0.9655 0.1034 0.0000 0.0000 0.0000
0.9655 0.1379 0.0000 0.0000 0.0000
0.9655 0.1724 0.0000 0.0000 0.0000
0.9655 0.2069 0.0000 0.0000 0.0000
0.9655 0.2414 0.0000 0.0000 0.0000
0.9655 0.2759 0.0000 0.0000 0.0000
0.9655 0.3103 0.0000 0.0000 0.0000
0.9655 0.3448 0.0000 0.0000 0.0000
0.9655 0.3793 0.0000 0.0000 0.0000
0.9655 0.4138 0.0000 0.0000 0.0000
0.9655 0.4483 0.0000 0.0000 0.0000
0.9655 0.4828 0.0000 0.0000 0.0000
0.9655 0.5172 0.0000 0.0000 0.0000
0.9655 0.5517 0.0000 0.0000 0.0000
0.9655 0.5862 0.0000 0.0000 0.0000
0.9655 0.6207 0.0000 0.0000 0.0000
0.9655 0.6552 0.0000 0.0000 0.0000
0.9655 0.6897 0.0000 0.0000 0.0000
0.9655 0.7241 0.0000 0.0000 0.0000
0.9655 0.7586 0.0000 0.0000 0.0000
0.9655 0.7931 0.0000 0.0000 0.0000
0.9655 0.8276 0.0000 0.0000 0.0000
0.9655 0.8621 0.0000 0.0000 0.0000
0.9655 0.8966 0.0000 0.0000 0.0000
0.9655 0.9310 0.0000 0.0000 0.0000
0.9655 0.9655 0.0000 0.0000 0.0000
0.9655 1.0000 0.0000 0.0000 0.0000

1.0000 0.0000 0.0000 0.0000 0.0000
1.0000 0.0345 0.0000 0.0000 0.0000
1.0000 0.0690 0.0000 0.0000 0.0000
1.0000 0.1034 0.0000 0.0000 0.0000
1.0000 0.1379 0.0000 0.0000 0.0000
1.0000 0.1724 0.0000 0.0000 0.0000
1.0000 0.2069 0.0000 0.0000 0.0000
1.0000 0.2414 0.0000 0.0000 0.0000
1.0000 0.2759 0.0000 0.0000 0.0000
1.0000 0.3103 0.0000 0.0000 0.0000
1.0000 0.3448 0.0000 0.0000 0.0000
1.0000 0.3793 0.0000 0.0000 0.0000
1.0000 0.4138 0.0000 0.0000 0.0000
1.0000 0.4483 0.0000 0.0000 0.0000
1.0000 0.4828 0.0000 0.0000 0.0000
1.0000 0.5172 0.0000 0.0000 0.0000
1.0000 0.5517 0.0000 0.0000 0.0000
1.0000 0.5862 0.0000 0.0000 0.0000
1.0000 0.6207 0.0000 0.0000 0.0000
1.0000 0.6552 0.0000 0.0000 0.0000
1.0000 0.6897 0.0000 0.0000 0.0000
1.0000 0.7241 0.0000 0.0000 0.0000
1.0000 0.7586 0.0000 0.0000 0.0000
1.0000 0.7931 0.0000 0.0000 0.0000
1.0000 0.8276 0.0000 0.0000 0.0000
1.0000 0.8621 0.0000 0.0000 0.0000
1.0000 0.8966 0.0000 0.0000 0.0000
1.0000 0.9310 0.0000 0.0000 0.0000
1.0000 0.9655 0.0000 0.0000 0.0000
1.0000 1.0000 0.0000 0.0000 0.0000

