0.0000 0.0000 0.0000 0.0000 0.0000
0.0000 0.0345 0.0000 0.0000 0.0000
0.0000 0.0690 0.0000 0.0000 0.0000
0.0000 0.1034 0.0000 0.0000 0.0000
0.0000 0.1379 0.0000 0.0000 0.0000
0.0000 0.1724 0.0000 0.0000 0.0000
0.0000 0.2069 0.0000 0.0000 0.0000
0.0000 0.2414 0.0000 0.0000 0.0000
0.0000 0.2759 0.0000 0.0000 0.0000
0.0000 0.3103 0.0000 0.0000 0.0000
0.0000 0.3448 0.0000 0.0000 0.0000
0.0000 0.3793 0.0000 0.0000 0.0000
0.0000 0.4138 0.0000 0.0000 0.0000
0.0000 0.4483 0.0000 0.0000 0.0000
0.0000 0.4828 0.0000 0.0000 0.0000
0.0000 0.5172 0.0000 0.0000 0.0000
0.0000 0.5517 0.0000 0.0000 0.0000
0.0000 0.5862 0.0000 0.0000 0.0000
0.0000 0.6207 0.0000 0.0000 0.0000
0.0000 0.6552 0.0000 0.0000 0.0000
0.0000 0.6897 0.0000 0.0000 0.0000
0.0000 0.7241 0.0000 0.0000 0.0000
0.0000 0.7586 0.0000 0.0000 0.0000
0.0000 0.7931 0.0000 0.0000 0.0000
0.0000 0.8276 0.0000 0.0000 0.0000
0.0000 0.8621 0.0000 0.0000 0.0000
0.0000 0.8966 0.0000 0.0000 0.0000
0.0000 0.9310 0.0000 0.0000 0.0000
0.0000 0.9655 0.0000 0.0000 0.0000
0.0000 1.0000 0.0000 0.0000 0.0000

0.0345 0.0000 0.0000 0.0000 0.0000
0.0345 0.0345 0.011309 0.999936 0.399550
0.0345 0.0690 0.024228 0.999706 0.372999
0.0345 0.1034 0.039118 0.999235 0.346520
0.0345 0.1379 0.056457 0.998405 0.320130
0.0345 0.1724 0.076882 0.997040 0.293854
0.0345 0.2069 0.101263 0.994860 0.267726
0.0345 0.2414 0.130811 0.991407 0.241792
0.0345 0.2759 0.167253 0.985914 0.216124
0.0345 0.3103 0.213102 0.977030 0.190828
0.0345 0.3448 0.272072 0.962277 0.166075
0.0345 0.3793 0.349656 0.936878 0.142147
0.0345 0.4138 0.453568 0.891222 0.119544
0.0345 0.4483 0.592299 0.805718 0.099172
0.0345 0.4828 0.764911 0.644136 0.082700
0.0345 0.5172 0.930712 0.365753 0.072822
0.0345 0.5517 1.000000 0.000000 0.072295
0.0345 0.5862 0.944812 -0.327613 0.081300
0.0345 0.6207 0.836538 -0.547908 0.097224
0.0345 0.6552 0.731999 -0.681306 0.117282
0.0345 0.6897 0.646857 -0.762611 0.139704
0.0345 0.7241 0.580275 -0.814421 0.163521
0.0345 0.7586 0.528180 -0.849132 0.188204
0.0345 0.7931 0.486872 -0.873473 0.213452
0.0345 0.8276 0.453568 -0.891222 0.239087
0.0345 0.8621 0.426272 -0.904595 0.264997
0.0345 0.8966 0.403560 -0.914953 0.291107
0.0345 0.9310 0.384403 -0.923166 0.317369
0.0345 0.9655 0.0000 0.0000 0.0000
0.0345 1.0000 0.0000 0.0000 0.0000

0.0690 0.0000 0.0000 0.0000 0.0000
0.0690 0.0345 0.020726 0.999785 0.768774
0.0690 0.0690 0.044504 0.999009 0.716048
0.0690 0.1034 0.072011 0.997404 0.663792
0.0690 0.1379 0.104119 0.994565 0.612126
0.0690 0.1724 0.141955 0.989873 0.561212
0.0690 0.2069 0.186984 0.982363 0.511277
0.0690 0.2414 0.241084 0.970504 0.462635
0.0690 0.2759 0.306602 0.951838 0.415742
0.0690 0.3103 0.386252 0.922393 0.371262
0.0690 0.3448 0.482582 0.875851 0.330170
0.0690 0.3793 0.596369 0.802711 0.293891
0.0690 0.4138 0.723110 0.690732 0.264415
0.0690 0.4483 0.848162 0.529736 0.244215
0.0690 0.4828 0.946440 0.322879 0.235691
0.0690 0.5172 0.995469 0.095090 0.240089
0.0690 0.5517 0.992947 -0.118561 0.256745
0.0690 0.5862 0.955416 -0.295265 0.283508
0.0690 0.6207 0.902362 -0.430979 0.317834
0.0690 0.6552 0.846688 -0.532090 0.357552
0.0690 0.6897 0.794560 -0.607186 0.401063
0.0690 0.7241 0.748113 -0.663571 0.447261
0.0690 0.7586 0.707587 -0.706627 0.495395
0.0690 0.7931 0.672477 -0.740118 0.544953
0.0690 0.8276 0.642068 -0.766648 0.595579
0.0690 0.8621 0.615644 -0.788024 0.647022
0.0690 0.8966 0.592572 -0.805517 0.699102
0.0690 0.9310 0.0000 0.0000 0.0000
0.0690 0.9655 0.0000 0.0000 0.0000
0.0690 1.0000 0.0000 0.0000 0.0000

0.1034 0.0000 0.0000 0.0000 0.0000
0.1034 0.0345 0.024692 0.999695 1.107591
0.1034 0.0690 0.053165 0.998586 1.028803
0.1034 0.1034 0.086274 0.996271 0.950989
0.1034 0.1379 0.125106 0.992143 0.874409
0.1034 0.1724 0.171052 0.985262 0.799416
0.1034 0.2069 0.225863 0.974159 0.726502
0.1034 0.2414 0.291666 0.956520 0.656363
0.1034 0.2759 0.370835 0.928699 0.589986
0.1034 0.3103 0.465468 0.885065 0.528791
0.1034 0.3448 0.576014 0.817440 0.474787
0.1034 0.3793 0.698496 0.715614 0.430686
0.1034 0.4138 0.820905 0.571064 0.399779
0.1034 0.4483 0.922839 0.385185 0.385256
0.1034 0.4828 0.984375 0.176087 0.388955
0.1034 0.5172 0.999613 -0.027815 0.410385
0.1034 0.5517 0.978910 -0.204294 0.447002
0.1034 0.5862 0.938384 -0.345594 0.495450
0.1034 0.6207 0.890783 -0.454429 0.552627
0.1034 0.6552 0.843391 -0.537300 0.616107
0.1034 0.6897 0.799499 -0.600667 0.684138
0.1034 0.7241 0.760189 -0.649702 0.755491
0.1034 0.7586 0.725500 -0.688222 0.829310
0.1034 0.7931 0.695049 -0.718962 0.904991
0.1034 0.8276 0.668322 -0.743872 0.982103
0.1034 0.8621 0.644805 -0.764347 1.060335
0.1034 0.8966 0.0000 0.0000 0.0000
0.1034 0.9310 0.0000 0.0000 0.0000
0.1034 0.9655 0.0000 0.0000 0.0000
0.1034 1.0000 0.0000 0.0000 0.0000

0.1379 0.0000 0.0000 0.0000 0.0000
0.1379 0.0345 0.027375 0.999625 1.415988
0.1379 0.0690 0.059126 0.998251 1.311212
0.1379 0.1034 0.096268 0.995355 1.207989
0.1379 0.1379 0.140098 0.990138 1.106753
0.1379 0.1724 0.192259 0.981344 1.008105
0.1379 0.2069 0.254775 0.967000 0.912884
0.1379 0.2414 0.329990 0.943985 0.822279
0.1379 0.2759 0.420202 0.907431 0.737995
0.1379 0.3103 0.526639 0.850089 0.662447
0.1379 0.3448 0.647187 0.762331 0.598951
0.1379 0.3793 0.772900 0.634528 0.551685
0.1379 0.4138 0.885938 0.463804 0.525049
0.1379 0.4483 0.964984 0.262308 0.522210
0.1379 0.4828 0.998431 0.056003 0.543540
0.1379 0.5172 0.991544 -0.129773 0.586409
0.1379 0.5517 0.959272 -0.282485 0.646547
0.1379 0.5862 0.915709 -0.401841 0.719636
0.1379 0.6207 0.869844 -0.493327 0.802145
0.1379 0.6552 0.826177 -0.563411 0.891461
0.1379 0.6897 0.786486 -0.617608 0.985736
0.1379 0.7241 0.751175 -0.660103 1.083677
0.1379 0.7586 0.720038 -0.693935 1.184374
0.1379 0.7931 0.692643 -0.721280 1.287181
0.1379 0.8276 0.668511 -0.743702 1.391631
0.1379 0.8621 0.0000 0.0000 0.0000
0.1379 0.8966 0.0000 0.0000 0.0000
0.1379 0.9310 0.0000 0.0000 0.0000
0.1379 0.9655 0.0000 0.0000 0.0000
0.1379 1.0000 0.0000 0.0000 0.0000

0.1724 0.0000 0.0000 0.0000 0.0000
0.1724 0.0345 0.029622 0.999561 1.693966
0.1724 0.0690 0.064197 0.997937 1.563272
0.1724 0.1034 0.104918 0.994481 1.434792
0.1724 0.1379 0.153313 0.988178 1.309175
0.1724 0.1724 0.211307 0.977420 1.187333
0.1724 0.2069 0.281228 0.959641 1.070555
0.1724 0.2414 0.365622 0.930764 0.960688
0.1724 0.2759 0.466566 0.884486 0.860385
0.1724 0.3103 0.583940 0.811797 0.773376
0.1724 0.3448 0.712151 0.702026 0.704602
0.1724 0.3793 0.836569 0.547861 0.659792
0.1724 0.4138 0.935048 0.354521 0.643967
0.1724 0.4483 0.989534 0.144300 0.659218
0.1724 0.4828 0.998536 -0.054085 0.703527
0.1724 0.5172 0.975087 -0.221821 0.771906
0.1724 0.5517 0.935048 -0.354521 0.858623
0.1724 0.5862 0.889766 -0.456417 0.958715
0.1724 0.6207 0.845362 -0.534194 1.068430
0.1724 0.6552 0.804480 -0.593979 1.185099
0.1724 0.6897 0.767923 -0.640542 1.306859
0.1724 0.7241 0.735643 -0.677369 1.432414
0.1724 0.7586 0.707259 -0.706954 1.560848
0.1724 0.7931 0.682293 -0.731079 1.691505
0.1724 0.8276 0.0000 0.0000 0.0000
0.1724 0.8621 0.0000 0.0000 0.0000
0.1724 0.8966 0.0000 0.0000 0.0000
0.1724 0.9310 0.0000 0.0000 0.0000
0.1724 0.9655 0.0000 0.0000 0.0000
0.1724 1.0000 0.0000 0.0000 0.0000

0.2069 0.0000 0.0000 0.0000 0.0000
0.2069 0.0345 0.031724 0.999497 1.941524
0.2069 0.0690 0.069012 0.997616 1.784993
0.2069 0.1034 0.113263 0.993565 1.631426
0.2069 0.1379 0.166273 0.986080 1.481744
0.2069 0.1724 0.230298 0.973120 1.337253
0.2069 0.2069 0.308010 0.951383 1.199830
0.2069 0.2414 0.402122 0.915586 1.072197
0.2069 0.2759 0.514204 0.857668 0.958271
0.2069 0.3103 0.641971 0.766729 0.863498
0.2069 0.3448 0.774996 0.631966 0.794757
0.2069 0.3793 0.892477 0.451094 0.759154
0.2069 0.4138 0.970800 0.239889 0.761351
0.2069 0.4483 0.999594 0.028500 0.801039
0.2069 0.4828 0.987617 -0.156886 0.873119
0.2069 0.5172 0.952082 -0.305843 0.970400
0.2069 0.5517 0.907343 -0.420391 1.086131
0.2069 0.5862 0.861763 -0.507311 1.215052
0.2069 0.6207 0.819182 -0.573533 1.353398
0.2069 0.6552 0.780931 -0.624618 1.498562
0.2069 0.6897 0.747155 -0.664650 1.648744
0.2069 0.7241 0.717517 -0.696541 1.802690
0.2069 0.7586 0.691526 -0.722352 1.959513
0.2069 0.7931 0.0000 0.0000 0.0000
0.2069 0.8276 0.0000 0.0000 0.0000
0.2069 0.8621 0.0000 0.0000 0.0000
0.2069 0.8966 0.0000 0.0000 0.0000
0.2069 0.9310 0.0000 0.0000 0.0000
0.2069 0.9655 0.0000 0.0000 0.0000
0.2069 1.0000 0.0000 0.0000 0.0000

0.2414 0.0000 0.0000 0.0000 0.0000
0.2414 0.0345 0.033821 0.999428 2.158667
0.2414 0.0690 0.073881 0.997267 1.976388
0.2414 0.1034 0.121820 0.992552 1.797933
0.2414 0.1379 0.179761 0.983710 1.624561
0.2414 0.1724 0.250356 0.968154 1.458087
0.2414 0.2069 0.336661 0.941626 1.301162
0.2414 0.2414 0.441453 0.897285 1.157674
0.2414 0.2759 0.565278 0.824901 1.033238
0.2414 0.3103 0.702388 0.711794 0.935487
0.2414 0.3448 0.835884 0.548906 0.873427
0.2414 0.3793 0.939436 0.342726 0.854866
0.2414 0.4138 0.992687 0.120718 0.882554
0.2414 0.4483 0.996475 -0.083893 0.952466
0.2414 0.4828 0.967684 -0.252165 1.056250
0.2414 0.5172 0.924124 -0.382092 1.185041
0.2414 0.5517 0.877240 -0.480053 1.331601
0.2414 0.5862 0.832590 -0.553890 1.490700
0.2414 0.6207 0.792261 -0.610182 1.658733
0.2414 0.6552 0.756668 -0.653799 1.833244
0.2414 0.6897 0.725530 -0.688190 2.012551
0.2414 0.7241 0.698333 -0.715773 2.195477
0.2414 0.7586 0.0000 0.0000 0.0000
0.2414 0.7931 0.0000 0.0000 0.0000
0.2414 0.8276 0.0000 0.0000 0.0000
0.2414 0.8621 0.0000 0.0000 0.0000
0.2414 0.8966 0.0000 0.0000 0.0000
0.2414 0.9310 0.0000 0.0000 0.0000
0.2414 0.9655 0.0000 0.0000 0.0000
0.2414 1.0000 0.0000 0.0000 0.0000

0.2759 0.0000 0.0000 0.0000 0.0000
0.2759 0.0345 0.035995 0.999352 2.345396
0.2759 0.0690 0.078993 0.996875 2.137476
0.2759 0.1034 0.130932 0.991391 1.934369
0.2759 0.1379 0.194326 0.980937 1.737764
0.2759 0.1724 0.272309 0.962210 1.550138
0.2759 0.2069 0.368347 0.929688 1.375169
0.2759 0.2414 0.485063 0.874479 1.218323
0.2759 0.2759 0.621061 0.783762 1.087471
0.2759 0.3103 0.765209 0.643782 0.992944
0.2759 0.3448 0.892711 0.450630 0.945696
0.2759 0.3793 0.974672 0.223638 0.952788
0.2759 0.4138 1.000000 0.000000 1.013080
0.2759 0.4483 0.981670 -0.190591 1.117996
0.2759 0.4828 0.940718 -0.339189 1.256408
0.2759 0.5172 0.892711 -0.450630 1.418544
0.2759 0.5517 0.845715 -0.533634 1.597196
0.2759 0.5862 0.802944 -0.596055 1.787418
0.2759 0.6207 0.765209 -0.643782 1.985888
0.2759 0.6552 0.732318 -0.680963 2.190365
0.2759 0.6897 0.703729 -0.710469 2.399314
0.2759 0.7241 0.0000 0.0000 0.0000
0.2759 0.7586 0.0000 0.0000 0.0000
0.2759 0.7931 0.0000 0.0000 0.0000
0.2759 0.8276 0.0000 0.0000 0.0000
0.2759 0.8621 0.0000 0.0000 0.0000
0.2759 0.8966 0.0000 0.0000 0.0000
0.2759 0.9310 0.0000 0.0000 0.0000
0.2759 0.9655 0.0000 0.0000 0.0000
0.2759 1.0000 0.0000 0.0000 0.0000

0.3103 0.0000 0.0000 0.0000 0.0000
0.3103 0.0345 0.038309 0.999266 2.501718
0.3103 0.0690 0.084503 0.996423 2.268280
0.3103 0.1034 0.140883 0.990026 2.040806
0.3103 0.1379 0.210456 0.977603 1.821534
0.3103 0.1724 0.296932 0.954899 1.613808
0.3103 0.2069 0.404183 0.914678 1.422695
0.3103 0.2414 0.534214 0.845349 1.255804
0.3103 0.2759 0.682137 0.731224 1.123977
0.3103 0.3103 0.828873 0.559438 1.040624
0.3103 0.3448 0.941689 0.336484 1.017728
0.3103 0.3793 0.995285 0.096991 1.059215
0.3103 0.4138 0.992981 -0.118271 1.158188
0.3103 0.4483 0.957206 -0.289409 1.301599
0.3103 0.4828 0.908693 -0.417464 1.476555
0.3103 0.5172 0.859181 -0.511671 1.673191
0.3103 0.5517 0.813597 -0.581429 1.884732
0.3103 0.5862 0.773369 -0.633957 2.106694
0.3103 0.6207 0.738446 -0.674313 2.336108
0.3103 0.6552 0.708262 -0.705950 2.570980
0.3103 0.6897 0.0000 0.0000 0.0000
0.3103 0.7241 0.0000 0.0000 0.0000
0.3103 0.7586 0.0000 0.0000 0.0000
0.3103 0.7931 0.0000 0.0000 0.0000
0.3103 0.8276 0.0000 0.0000 0.0000
0.3103 0.8621 0.0000 0.0000 0.0000
0.3103 0.8966 0.0000 0.0000 0.0000
0.3103 0.9310 0.0000 0.0000 0.0000
0.3103 0.9655 0.0000 0.0000 0.0000
0.3103 1.0000 0.0000 0.0000 0.0000

0.3448 0.0000 0.0000 0.0000 0.0000
0.3448 0.0345 0.040817 0.999167 2.627636
0.3448 0.0690 0.090554 0.995892 2.368829
0.3448 0.1034 0.151964 0.988386 2.117338
0.3448 0.1379 0.228672 0.973504 1.876107
0.3448 0.1724 0.325080 0.945687 1.649645
0.3448 0.2069 0.445369 0.895347 1.444912
0.3448 0.2414 0.590026 0.807384 1.272440
0.3448 0.2759 0.748141 0.663540 1.146878
0.3448 0.3103 0.889954 0.456050 1.084639
0.3448 0.3448 0.978087 0.208196 1.096562
0.3448 0.3793 0.999480 -0.032235 1.180399
0.3448 0.4138 0.973152 -0.230162 1.322546
0.3448 0.4483 0.925464 -0.378836 1.506588
0.3448 0.4828 0.873439 -0.486934 1.719120
0.3448 0.5172 0.824664 -0.565623 1.950854
0.3448 0.5517 0.781545 -0.623849 2.195719
0.3448 0.5862 0.744273 -0.667875 2.449780
0.3448 0.6207 0.712264 -0.701911 2.710452
0.3448 0.6552 0.0000 0.0000 0.0000
0.3448 0.6897 0.0000 0.0000 0.0000
0.3448 0.7241 0.0000 0.0000 0.0000
0.3448 0.7586 0.0000 0.0000 0.0000
0.3448 0.7931 0.0000 0.0000 0.0000
0.3448 0.8276 0.0000 0.0000 0.0000
0.3448 0.8621 0.0000 0.0000 0.0000
0.3448 0.8966 0.0000 0.0000 0.0000
0.3448 0.9310 0.0000 0.0000 0.0000
0.3448 0.9655 0.0000 0.0000 0.0000
0.3448 1.0000 0.0000 0.0000 0.0000

0.3793 0.0000 0.0000 0.0000 0.0000
0.3793 0.0345 0.043577 0.999050 2.723158
0.3793 0.0690 0.097303 0.995255 2.439160
0.3793 0.1034 0.164506 0.986376 2.164085
0.3793 0.1379 0.249591 0.968351 1.901807
0.3793 0.1724 0.357778 0.933807 1.658408
0.3793 0.2069 0.493262 0.869881 1.443471
0.3793 0.2414 0.653298 0.757100 1.271514
0.3793 0.2759 0.817149 0.576426 1.161778
0.3793 0.3103 0.943060 0.332622 1.132499
0.3793 0.3448 0.997521 0.070366 1.189631
0.3793 0.3793 0.987391 -0.158299 1.322020
0.3793 0.4138 0.943060 -0.332622 1.509998
0.3793 0.4483 0.888851 -0.458196 1.735597
0.3793 0.4828 0.836518 -0.547940 1.986037
0.3793 0.5172 0.790051 -0.613041 2.253050
0.3793 0.5517 0.750057 -0.661373 2.531397
0.3793 0.5862 0.715955 -0.698147 2.817720
0.3793 0.6207 0.0000 0.0000 0.0000
0.3793 0.6552 0.0000 0.0000 0.0000
0.3793 0.6897 0.0000 0.0000 0.0000
0.3793 0.7241 0.0000 0.0000 0.0000
0.3793 0.7586 0.0000 0.0000 0.0000
0.3793 0.7931 0.0000 0.0000 0.0000
0.3793 0.8276 0.0000 0.0000 0.0000
0.3793 0.8621 0.0000 0.0000 0.0000
0.3793 0.8966 0.0000 0.0000 0.0000
0.3793 0.9310 0.0000 0.0000 0.0000
0.3793 0.9655 0.0000 0.0000 0.0000
0.3793 1.0000 0.0000 0.0000 0.0000

0.4138 0.0000 0.0000 0.0000 0.0000
0.4138 0.0345 0.046653 0.998911 2.788292
0.4138 0.0690 0.104934 0.994479 2.479324
0.4138 0.1034 0.178914 0.983865 2.181211
0.4138 0.1379 0.273993 0.961732 1.899072
0.4138 0.1724 0.396314 0.918115 1.641164
0.4138 0.2069 0.549358 0.835587 1.420748
0.4138 0.2414 0.724012 0.689787 1.257690
0.4138 0.2759 0.884848 0.465880 1.176096
0.4138 0.3103 0.981513 0.191398 1.192801
0.4138 0.3448 0.997545 -0.070029 1.304034
0.4138 0.3793 0.961149 -0.276029 1.488755
0.4138 0.4138 0.905717 -0.423882 1.723495
0.4138 0.4483 0.849518 -0.527559 1.990636
0.4138 0.4828 0.799173 -0.601101 2.278813
0.4138 0.5172 0.756008 -0.654562 2.580989
0.4138 0.5517 0.719492 -0.694501 2.892779
0.4138 0.5862 0.688617 -0.725125 3.211386
0.4138 0.6207 0.0000 0.0000 0.0000
0.4138 0.6552 0.0000 0.0000 0.0000
0.4138 0.6897 0.0000 0.0000 0.0000
0.4138 0.7241 0.0000 0.0000 0.0000
0.4138 0.7586 0.0000 0.0000 0.0000
0.4138 0.7931 0.0000 0.0000 0.0000
0.4138 0.8276 0.0000 0.0000 0.0000
0.4138 0.8621 0.0000 0.0000 0.0000
0.4138 0.8966 0.0000 0.0000 0.0000
0.4138 0.9310 0.0000 0.0000 0.0000
0.4138 0.9655 0.0000 0.0000 0.0000
0.4138 1.0000 0.0000 0.0000 0.0000

0.4483 0.0000 0.0000 0.0000 0.0000
0.4483 0.0345 0.050122 0.998743 2.823049
0.4483 0.0690 0.113681 0.993517 2.489384
0.4483 0.1034 0.195715 0.980661 2.168937
0.4483 0.1379 0.302909 0.953019 1.868522
0.4483 0.1724 0.442330 0.896852 1.599464
0.4483 0.2069 0.615109 0.788442 1.380226
0.4483 0.2414 0.800346 0.599539 1.237575
0.4483 0.2759 0.943982 0.329997 1.199160
0.4483 0.3103 0.999246 0.038813 1.274444
0.4483 0.3448 0.978703 -0.205281 1.445773
0.4483 0.3793 0.924230 -0.381836 1.684083
0.4483 0.4138 0.864042 -0.503420 1.965157
0.4483 0.4483 0.809206 -0.587525 2.273186
0.4483 0.4828 0.762323 -0.647197 2.598603
0.4483 0.5172 0.723004 -0.690844 2.935631
0.4483 0.5517 0.0000 0.0000 0.0000
0.4483 0.5862 0.0000 0.0000 0.0000
0.4483 0.6207 0.0000 0.0000 0.0000
0.4483 0.6552 0.0000 0.0000 0.0000
0.4483 0.6897 0.0000 0.0000 0.0000
0.4483 0.7241 0.0000 0.0000 0.0000
0.4483 0.7586 0.0000 0.0000 0.0000
0.4483 0.7931 0.0000 0.0000 0.0000
0.4483 0.8276 0.0000 0.0000 0.0000
0.4483 0.8621 0.0000 0.0000 0.0000
0.4483 0.8966 0.0000 0.0000 0.0000
0.4483 0.9310 0.0000 0.0000 0.0000
0.4483 0.9655 0.0000 0.0000 0.0000
0.4483 1.0000 0.0000 0.0000 0.0000

0.4828 0.0000 0.0000 0.0000 0.0000
0.4828 0.0345 0.054082 0.998537 2.827444
0.4828 0.0690 0.123845 0.992302 2.469427
0.4828 0.1034 0.215617 0.976478 2.127571
0.4828 0.1379 0.337734 0.941242 1.811052
0.4828 0.1724 0.497889 0.867241 1.535615
0.4828 0.2069 0.691345 0.722525 1.327094
0.4828 0.2414 0.877165 0.480190 1.220287
0.4828 0.2759 0.985167 0.171600 1.241724
0.4828 0.3103 0.993325 -0.115347 1.385466
0.4828 0.3448 0.944338 -0.328976 1.619263
0.4828 0.3793 0.880499 -0.474048 1.910332
0.4828 0.4138 0.820489 -0.571663 2.236421
0.4828 0.4483 0.769208 -0.638998 2.584308
0.4828 0.4828 0.726606 -0.687055 2.946282
0.4828 0.5172 0.0000 0.0000 0.0000
0.4828 0.5517 0.0000 0.0000 0.0000
0.4828 0.5862 0.0000 0.0000 0.0000
0.4828 0.6207 0.0000 0.0000 0.0000
0.4828 0.6552 0.0000 0.0000 0.0000
0.4828 0.6897 0.0000 0.0000 0.0000
0.4828 0.7241 0.0000 0.0000 0.0000
0.4828 0.7586 0.0000 0.0000 0.0000
0.4828 0.7931 0.0000 0.0000 0.0000
0.4828 0.8276 0.0000 0.0000 0.0000
0.4828 0.8621 0.0000 0.0000 0.0000
0.4828 0.8966 0.0000 0.0000 0.0000
0.4828 0.9310 0.0000 0.0000 0.0000
0.4828 0.9655 0.0000 0.0000 0.0000
0.4828 1.0000 0.0000 0.0000 0.0000

0.5172 0.0000 0.0000 0.0000 0.0000
0.5172 0.0345 0.058657 0.998278 2.801494
0.5172 0.0690 0.135832 0.990732 2.419571
0.5172 0.1034 0.239597 0.970872 2.057554
0.5172 0.1379 0.380390 0.924826 1.727998
0.5172 0.1724 0.565417 0.824805 1.453159
0.5172 0.2069 0.776904 0.629619 1.269100
0.5172 0.2414 0.944644 0.328096 1.217704
0.5172 0.2759 1.000000 0.000000 1.314625
0.5172 0.3103 0.965395 -0.260792 1.531967
0.5172 0.3448 0.899318 -0.437295 1.827253
0.5172 0.3793 0.833431 -0.552624 2.168878
0.5172 0.4138 0.776904 -0.629619 2.538199
0.5172 0.4483 0.730411 -0.683007 2.924744
0.5172 0.4828 0.0000 0.0000 0.0000
0.5172 0.5172 0.0000 0.0000 0.0000
0.5172 0.5517 0.0000 0.0000 0.0000
0.5172 0.5862 0.0000 0.0000 0.0000
0.5172 0.6207 0.0000 0.0000 0.0000
0.5172 0.6552 0.0000 0.0000 0.0000
0.5172 0.6897 0.0000 0.0000 0.0000
0.5172 0.7241 0.0000 0.0000 0.0000
0.5172 0.7586 0.0000 0.0000 0.0000
0.5172 0.7931 0.0000 0.0000 0.0000
0.5172 0.8276 0.0000 0.0000 0.0000
0.5172 0.8621 0.0000 0.0000 0.0000
0.5172 0.8966 0.0000 0.0000 0.0000
0.5172 0.9310 0.0000 0.0000 0.0000
0.5172 0.9655 0.0000 0.0000 0.0000
0.5172 1.0000 0.0000 0.0000 0.0000

0.5517 0.0000 0.0000 0.0000 0.0000
0.5517 0.0345 0.064018 0.997949 2.745227
0.5517 0.0690 0.150209 0.988654 2.339985
0.5517 0.1034 0.269058 0.963124 1.959537
0.5517 0.1379 0.433551 0.901129 1.621430
0.5517 0.1724 0.647221 0.762302 1.357675
0.5517 0.2069 0.866023 0.500004 1.217588
0.5517 0.2414 0.989158 0.146854 1.243686
0.5517 0.2759 0.985329 -0.170666 1.426879
0.5517 0.3103 0.920862 -0.389888 1.717617
0.5517 0.3448 0.848553 -0.529111 2.071093
0.5517 0.3793 0.785711 -0.618594 2.460415
0.5517 0.4138 0.734549 -0.678555 2.871037
0.5517 0.4483 0.0000 0.0000 0.0000
0.5517 0.4828 0.0000 0.0000 0.0000
0.5517 0.5172 0.0000 0.0000 0.0000
0.5517 0.5517 0.0000 0.0000 0.0000
0.5517 0.5862 0.0000 0.0000 0.0000
0.5517 0.6207 0.0000 0.0000 0.0000
0.5517 0.6552 0.0000 0.0000 0.0000
0.5517 0.6897 0.0000 0.0000 0.0000
0.5517 0.7241 0.0000 0.0000 0.0000
0.5517 0.7586 0.0000 0.0000 0.0000
0.5517 0.7931 0.0000 0.0000 0.0000
0.5517 0.8276 0.0000 0.0000 0.0000
0.5517 0.8621 0.0000 0.0000 0.0000
0.5517 0.8966 0.0000 0.0000 0.0000
0.5517 0.9310 0.0000 0.0000 0.0000
0.5517 0.9655 0.0000 0.0000 0.0000
0.5517 1.0000 0.0000 0.0000 0.0000

0.5862 0.0000 0.0000 0.0000 0.0000
0.5862 0.0345 0.070395 0.997519 2.658677
0.5862 0.0690 0.167786 0.985823 2.230913
0.5862 0.1034 0.306060 0.952012 1.834527
0.5862 0.1379 0.500861 0.865528 1.494692
0.5862 0.1724 0.743811 0.668390 1.258103
0.5862 0.2069 0.945143 0.326657 1.188126
0.5862 0.2414 0.998783 -0.049314 1.311703
0.5862 0.2759 0.945143 -0.326657 1.584168
0.5862 0.3103 0.866521 -0.499140 1.943891
0.5862 0.3448 0.796026 -0.605263 2.351157
0.5862 0.3793 0.739175 -0.673514 2.785187
0.5862 0.4138 0.694201 -0.719781 3.235228
0.5862 0.4483 0.0000 0.0000 0.0000
0.5862 0.4828 0.0000 0.0000 0.0000
0.5862 0.5172 0.0000 0.0000 0.0000
0.5862 0.5517 0.0000 0.0000 0.0000
0.5862 0.5862 0.0000 0.0000 0.0000
0.5862 0.6207 0.0000 0.0000 0.0000
0.5862 0.6552 0.0000 0.0000 0.0000
0.5862 0.6897 0.0000 0.0000 0.0000
0.5862 0.7241 0.0000 0.0000 0.0000
0.5862 0.7586 0.0000 0.0000 0.0000
0.5862 0.7931 0.0000 0.0000 0.0000
0.5862 0.8276 0.0000 0.0000 0.0000
0.5862 0.8621 0.0000 0.0000 0.0000
0.5862 0.8966 0.0000 0.0000 0.0000
0.5862 0.9310 0.0000 0.0000 0.0000
0.5862 0.9655 0.0000 0.0000 0.0000
0.5862 1.0000 0.0000 0.0000 0.0000

0.6207 0.0000 0.0000 0.0000 0.0000
0.6207 0.0345 0.078120 0.996944 2.541894
0.6207 0.0690 0.189775 0.981828 2.092726
0.6207 0.1034 0.353722 0.935351 1.684147
0.6207 0.1379 0.586875 0.809677 1.353426
0.6207 0.1724 0.849584 0.527454 1.168650
0.6207 0.2069 0.993456 0.114218 1.199287
0.6207 0.2414 0.970967 -0.239212 1.431574
0.6207 0.2759 0.888173 -0.459510 1.788599
0.6207 0.3103 0.808401 -0.588632 2.210732
0.6207 0.3448 0.744490 -0.667634 2.667237
0.6207 0.3793 0.0000 0.0000 0.0000
0.6207 0.4138 0.0000 0.0000 0.0000
0.6207 0.4483 0.0000 0.0000 0.0000
0.6207 0.4828 0.0000 0.0000 0.0000
0.6207 0.5172 0.0000 0.0000 0.0000
0.6207 0.5517 0.0000 0.0000 0.0000
0.6207 0.5862 0.0000 0.0000 0.0000
0.6207 0.6207 0.0000 0.0000 0.0000
0.6207 0.6552 0.0000 0.0000 0.0000
0.6207 0.6897 0.0000 0.0000 0.0000
0.6207 0.7241 0.0000 0.0000 0.0000
0.6207 0.7586 0.0000 0.0000 0.0000
0.6207 0.7931 0.0000 0.0000 0.0000
0.6207 0.8276 0.0000 0.0000 0.0000
0.6207 0.8621 0.0000 0.0000 0.0000
0.6207 0.8966 0.0000 0.0000 0.0000
0.6207 0.9310 0.0000 0.0000 0.0000
0.6207 0.9655 0.0000 0.0000 0.0000
0.6207 1.0000 0.0000 0.0000 0.0000

0.6552 0.0000 0.0000 0.0000 0.0000
0.6552 0.0345 0.087679 0.996149 2.394955
0.6552 0.0690 0.218055 0.975937 1.926014
0.6552 0.1034 0.416871 0.908965 1.511172
0.6552 0.1379 0.695592 0.718437 1.207536
0.6552 0.1724 0.945532 0.325529 1.110423
0.6552 0.2069 0.993479 -0.114012 1.268198
0.6552 0.2414 0.914421 -0.404765 1.607484
0.6552 0.2759 0.823633 -0.567122 2.039627
0.6552 0.3103 0.750777 -0.660555 2.517249
0.6552 0.3448 0.0000 0.0000 0.0000
0.6552 0.3793 0.0000 0.0000 0.0000
0.6552 0.4138 0.0000 0.0000 0.0000
0.6552 0.4483 0.0000 0.0000 0.0000
0.6552 0.4828 0.0000 0.0000 0.0000
0.6552 0.5172 0.0000 0.0000 0.0000
0.6552 0.5517 0.0000 0.0000 0.0000
0.6552 0.5862 0.0000 0.0000 0.0000
0.6552 0.6207 0.0000 0.0000 0.0000
0.6552 0.6552 0.0000 0.0000 0.0000
0.6552 0.6897 0.0000 0.0000 0.0000
0.6552 0.7241 0.0000 0.0000 0.0000
0.6552 0.7586 0.0000 0.0000 0.0000
0.6552 0.7931 0.0000 0.0000 0.0000
0.6552 0.8276 0.0000 0.0000 0.0000
0.6552 0.8621 0.0000 0.0000 0.0000
0.6552 0.8966 0.0000 0.0000 0.0000
0.6552 0.9310 0.0000 0.0000 0.0000
0.6552 0.9655 0.0000 0.0000 0.0000
0.6552 1.0000 0.0000 0.0000 0.0000

0.6897 0.0000 0.0000 0.0000 0.0000
0.6897 0.0345 0.099822 0.995005 2.217975
0.6897 0.0690 0.255696 0.966757 1.731766
0.6897 0.1034 0.502930 0.864327 1.320679
0.6897 0.1379 0.824068 0.566491 1.074684
0.6897 0.1724 0.997646 0.068581 1.109628
0.6897 0.2069 0.945696 -0.325051 1.404699
0.6897 0.2414 0.842910 -0.538055 1.838657
0.6897 0.2759 0.758451 -0.651730 2.335319
0.6897 0.3103 0.0000 0.0000 0.0000
0.6897 0.3448 0.0000 0.0000 0.0000
0.6897 0.3793 0.0000 0.0000 0.0000
0.6897 0.4138 0.0000 0.0000 0.0000
0.6897 0.4483 0.0000 0.0000 0.0000
0.6897 0.4828 0.0000 0.0000 0.0000
0.6897 0.5172 0.0000 0.0000 0.0000
0.6897 0.5517 0.0000 0.0000 0.0000
0.6897 0.5862 0.0000 0.0000 0.0000
0.6897 0.6207 0.0000 0.0000 0.0000
0.6897 0.6552 0.0000 0.0000 0.0000
0.6897 0.6897 0.0000 0.0000 0.0000
0.6897 0.7241 0.0000 0.0000 0.0000
0.6897 0.7586 0.0000 0.0000 0.0000
0.6897 0.7931 0.0000 0.0000 0.0000
0.6897 0.8276 0.0000 0.0000 0.0000
0.6897 0.8621 0.0000 0.0000 0.0000
0.6897 0.8966 0.0000 0.0000 0.0000
0.6897 0.9310 0.0000 0.0000 0.0000
0.6897 0.9655 0.0000 0.0000 0.0000
0.6897 1.0000 0.0000 0.0000 0.0000

0.7241 0.0000 0.0000 0.0000 0.0000
0.7241 0.0345 0.115764 0.993277 2.011143
0.7241 0.0690 0.308005 0.951385 1.511783
0.7241 0.1034 0.622134 0.782911 1.122674
0.7241 0.1379 0.945844 0.324621 0.984594
0.7241 0.1724 0.979449 -0.201692 1.188516
0.7241 0.2069 0.868025 -0.496521 1.609296
0.7241 0.2414 0.768157 -0.640262 2.121606
0.7241 0.2759 0.0000 0.0000 0.0000
0.7241 0.3103 0.0000 0.0000 0.0000
0.7241 0.3448 0.0000 0.0000 0.0000
0.7241 0.3793 0.0000 0.0000 0.0000
0.7241 0.4138 0.0000 0.0000 0.0000
0.7241 0.4483 0.0000 0.0000 0.0000
0.7241 0.4828 0.0000 0.0000 0.0000
0.7241 0.5172 0.0000 0.0000 0.0000
0.7241 0.5517 0.0000 0.0000 0.0000
0.7241 0.5862 0.0000 0.0000 0.0000
0.7241 0.6207 0.0000 0.0000 0.0000
0.7241 0.6552 0.0000 0.0000 0.0000
0.7241 0.6897 0.0000 0.0000 0.0000
0.7241 0.7241 0.0000 0.0000 0.0000
0.7241 0.7586 0.0000 0.0000 0.0000
0.7241 0.7931 0.0000 0.0000 0.0000
0.7241 0.8276 0.0000 0.0000 0.0000
0.7241 0.8621 0.0000 0.0000 0.0000
0.7241 0.8966 0.0000 0.0000 0.0000
0.7241 0.9310 0.0000 0.0000 0.0000
0.7241 0.9655 0.0000 0.0000 0.0000
0.7241 1.0000 0.0000 0.0000 0.0000

0.7586 0.0000 0.0000 0.0000 0.0000
0.7586 0.0345 0.137612 0.990486 1.774792
0.7586 0.0690 0.384722 0.923033 1.269661
0.7586 0.1034 0.780968 0.624571 0.938194
0.7586 0.1379 1.000000 0.000000 0.976932
0.7586 0.1724 0.901578 -0.432617 1.354476
0.7586 0.2069 0.780968 -0.624571 1.876388
0.7586 0.2414 0.697195 -0.716882 2.452158
0.7586 0.2759 0.0000 0.0000 0.0000
0.7586 0.3103 0.0000 0.0000 0.0000
0.7586 0.3448 0.0000 0.0000 0.0000
0.7586 0.3793 0.0000 0.0000 0.0000
0.7586 0.4138 0.0000 0.0000 0.0000
0.7586 0.4483 0.0000 0.0000 0.0000
0.7586 0.4828 0.0000 0.0000 0.0000
0.7586 0.5172 0.0000 0.0000 0.0000
0.7586 0.5517 0.0000 0.0000 0.0000
0.7586 0.5862 0.0000 0.0000 0.0000
0.7586 0.6207 0.0000 0.0000 0.0000
0.7586 0.6552 0.0000 0.0000 0.0000
0.7586 0.6897 0.0000 0.0000 0.0000
0.7586 0.7241 0.0000 0.0000 0.0000
0.7586 0.7586 0.0000 0.0000 0.0000
0.7586 0.7931 0.0000 0.0000 0.0000
0.7586 0.8276 0.0000 0.0000 0.0000
0.7586 0.8621 0.0000 0.0000 0.0000
0.7586 0.8966 0.0000 0.0000 0.0000
0.7586 0.9310 0.0000 0.0000 0.0000
0.7586 0.9655 0.0000 0.0000 0.0000
0.7586 1.0000 0.0000 0.0000 0.0000

0.7931 0.0000 0.0000 0.0000 0.0000
0.7931 0.0345 0.169353 0.985555 1.509558
0.7931 0.0690 0.504454 0.863438 1.013562
0.7931 0.1034 0.946100 0.323874 0.810637
0.7931 0.1379 0.946100 -0.323874 1.080850
0.7931 0.1724 0.798804 -0.601592 1.600193
0.7931 0.2069 0.0000 0.0000 0.0000
0.7931 0.2414 0.0000 0.0000 0.0000
0.7931 0.2759 0.0000 0.0000 0.0000
0.7931 0.3103 0.0000 0.0000 0.0000
0.7931 0.3448 0.0000 0.0000 0.0000
0.7931 0.3793 0.0000 0.0000 0.0000
0.7931 0.4138 0.0000 0.0000 0.0000
0.7931 0.4483 0.0000 0.0000 0.0000
0.7931 0.4828 0.0000 0.0000 0.0000
0.7931 0.5172 0.0000 0.0000 0.0000
0.7931 0.5517 0.0000 0.0000 0.0000
0.7931 0.5862 0.0000 0.0000 0.0000
0.7931 0.6207 0.0000 0.0000 0.0000
0.7931 0.6552 0.0000 0.0000 0.0000
0.7931 0.6897 0.0000 0.0000 0.0000
0.7931 0.7241 0.0000 0.0000 0.0000
0.7931 0.7586 0.0000 0.0000 0.0000
0.7931 0.7931 0.0000 0.0000 0.0000
0.7931 0.8276 0.0000 0.0000 0.0000
0.7931 0.8621 0.0000 0.0000 0.0000
0.7931 0.8966 0.0000 0.0000 0.0000
0.7931 0.9310 0.0000 0.0000 0.0000
0.7931 0.9655 0.0000 0.0000 0.0000
0.7931 1.0000 0.0000 0.0000 0.0000

0.8276 0.0000 0.0000 0.0000 0.0000
0.8276 0.0345 0.219475 0.975618 1.216827
0.8276 0.0690 0.698036 0.716062 0.765184
0.8276 0.1034 0.993567 -0.113247 0.806377
0.8276 0.1379 0.825433 -0.564499 1.294171
0.8276 0.1724 0.0000 0.0000 0.0000
0.8276 0.2069 0.0000 0.0000 0.0000
0.8276 0.2414 0.0000 0.0000 0.0000
0.8276 0.2759 0.0000 0.0000 0.0000
0.8276 0.3103 0.0000 0.0000 0.0000
0.8276 0.3448 0.0000 0.0000 0.0000
0.8276 0.3793 0.0000 0.0000 0.0000
0.8276 0.4138 0.0000 0.0000 0.0000
0.8276 0.4483 0.0000 0.0000 0.0000
0.8276 0.4828 0.0000 0.0000 0.0000
0.8276 0.5172 0.0000 0.0000 0.0000
0.8276 0.5517 0.0000 0.0000 0.0000
0.8276 0.5862 0.0000 0.0000 0.0000
0.8276 0.6207 0.0000 0.0000 0.0000
0.8276 0.6552 0.0000 0.0000 0.0000
0.8276 0.6897 0.0000 0.0000 0.0000
0.8276 0.7241 0.0000 0.0000 0.0000
0.8276 0.7586 0.0000 0.0000 0.0000
0.8276 0.7931 0.0000 0.0000 0.0000
0.8276 0.8276 0.0000 0.0000 0.0000
0.8276 0.8621 0.0000 0.0000 0.0000
0.8276 0.8966 0.0000 0.0000 0.0000
0.8276 0.9310 0.0000 0.0000 0.0000
0.8276 0.9655 0.0000 0.0000 0.0000
0.8276 1.0000 0.0000 0.0000 0.0000

0.8621 0.0000 0.0000 0.0000 0.0000
0.8621 0.0345 0.309325 0.950956 0.900276
0.8621 0.0690 0.946314 0.323250 0.588553
0.8621 0.1034 0.869034 -0.494753 0.961337
0.8621 0.1379 0.698406 -0.715702 1.594935
0.8621 0.1724 0.0000 0.0000 0.0000
0.8621 0.2069 0.0000 0.0000 0.0000
0.8621 0.2414 0.0000 0.0000 0.0000
0.8621 0.2759 0.0000 0.0000 0.0000
0.8621 0.3103 0.0000 0.0000 0.0000
0.8621 0.3448 0.0000 0.0000 0.0000
0.8621 0.3793 0.0000 0.0000 0.0000
0.8621 0.4138 0.0000 0.0000 0.0000
0.8621 0.4483 0.0000 0.0000 0.0000
0.8621 0.4828 0.0000 0.0000 0.0000
0.8621 0.5172 0.0000 0.0000 0.0000
0.8621 0.5517 0.0000 0.0000 0.0000
0.8621 0.5862 0.0000 0.0000 0.0000
0.8621 0.6207 0.0000 0.0000 0.0000
0.8621 0.6552 0.0000 0.0000 0.0000
0.8621 0.6897 0.0000 0.0000 0.0000
0.8621 0.7241 0.0000 0.0000 0.0000
0.8621 0.7586 0.0000 0.0000 0.0000
0.8621 0.7931 0.0000 0.0000 0.0000
0.8621 0.8276 0.0000 0.0000 0.0000
0.8621 0.8621 0.0000 0.0000 0.0000
0.8621 0.8966 0.0000 0.0000 0.0000
0.8621 0.9310 0.0000 0.0000 0.0000
0.8621 0.9655 0.0000 0.0000 0.0000
0.8621 1.0000 0.0000 0.0000 0.0000

0.8966 0.0000 0.0000 0.0000 0.0000
0.8966 0.0345 0.505624 0.862754 0.573337
0.8966 0.0690 0.946408 -0.322974 0.612618
0.8966 0.1034 0.0000 0.0000 0.0000
0.8966 0.1379 0.0000 0.0000 0.0000
0.8966 0.1724 0.0000 0.0000 0.0000
0.8966 0.2069 0.0000 0.0000 0.0000
0.8966 0.2414 0.0000 0.0000 0.0000
0.8966 0.2759 0.0000 0.0000 0.0000
0.8966 0.3103 0.0000 0.0000 0.0000
0.8966 0.3448 0.0000 0.0000 0.0000
0.8966 0.3793 0.0000 0.0000 0.0000
0.8966 0.4138 0.0000 0.0000 0.0000
0.8966 0.4483 0.0000 0.0000 0.0000
0.8966 0.4828 0.0000 0.0000 0.0000
0.8966 0.5172 0.0000 0.0000 0.0000
0.8966 0.5517 0.0000 0.0000 0.0000
0.8966 0.5862 0.0000 0.0000 0.0000
0.8966 0.6207 0.0000 0.0000 0.0000
0.8966 0.6552 0.0000 0.0000 0.0000
0.8966 0.6897 0.0000 0.0000 0.0000
0.8966 0.7241 0.0000 0.0000 0.0000
0.8966 0.7586 0.0000 0.0000 0.0000
0.8966 0.7931 0.0000 0.0000 0.0000
0.8966 0.8276 0.0000 0.0000 0.0000
0.8966 0.8621 0.0000 0.0000 0.0000
0.8966 0.8966 0.0000 0.0000 0.0000
0.8966 0.9310 0.0000 0.0000 0.0000
0.8966 0.9655 0.0000 0.0000 0.0000
0.8966 1.0000 0.0000 0.0000 0.0000

0.9310 0.0000 0.0000 0.0000 0.0000
0.9310 0.0345 0.946495 0.322720 0.318341
0.9310 0.0690 0.699061 -0.715062 0.862036
0.9310 0.1034 0.0000 0.0000 0.0000
0.9310 0.1379 0.0000 0.0000 0.0000
0.9310 0.1724 0.0000 0.0000 0.0000
0.9310 0.2069 0.0000 0.0000 0.0000
0.9310 0.2414 0.0000 0.0000 0.0000
0.9310 0.2759 0.0000 0.0000 0.0000
0.9310 0.3103 0.0000 0.0000 0.0000
0.9310 0.3448 0.0000 0.0000 0.0000
0.9310 0.3793 0.0000 0.0000 0.0000
0.9310 0.4138 0.0000 0.0000 0.0000
0.9310 0.4483 0.0000 0.0000 0.0000
0.9310 0.4828 0.0000 0.0000 0.0000
0.9310 0.5172 0.0000 0.0000 0.0000
0.9310 0.5517 0.0000 0.0000 0.0000
0.9310 0.5862 0.0000 0.0000 0.0000
0.9310 0.6207 0.0000 0.0000 0.0000
0.9310 0.6552 0.0000 0.0000 0.0000
0.9310 0.6897 0.0000 0.0000 0.0000
0.9310 0.7241 0.0000 0.0000 0.0000
0.9310 0.7586 0.0000 0.0000 0.0000
0.9310 0.7931 0.0000 0.0000 0.0000
0.9310 0.8276 0.0000 0.0000 0.0000
0.9310 0.8621 0.0000 0.0000 0.0000
0.9310 0.8966 0.0000 0.0000 0.0000
0.9310 0.9310 0.0000 0.0000 0.0000
0.9310 0.9655 0.0000 0.0000 0.0000
0.9310 1.0000 0.0000 0.0000 0.0000

0.9655 0.0000 0.0000 0.0000 0.0000
0.9655 0.0345 0.0000 0.0000 0.0000
0.9655 0.0690 0.0000 0.0000 0.0000
0.9655 0.1034 0.0000 0.0000 0.0000
0.9655 0.1379 0.0000 0.0000 0.0000
0.9655 0.1724 0.0000 0.0000 0.0000
0.9655 0.2069 0.0000 0.0000 0.0000
0.9655 0.2414 0.0000 0.0000 0.0000
0.9655 0.2759 0.0000 0.0000 0.0000
0.9655 0.3103 0.0000 0.0000 0.0000
0.9655 0.3448 0.0000 0.0000 0.0000
0.9655 0.3793 0.0000 0.0000 0.0000
0.9655 0.4138 0.0000 0.0000 0.0000
0.9655 0.4483 0.0000 0.0000 0.0000
0.9655 0.4828 0.0000 0.0000 0.0000
0.9655 0.5172 0.0000 0.0000 0.0000
0.9655 0.5517 0.0000 0.0000 0.0000
0.9655 0.5862 0.0000 0.0000 0.0000
0.9655 0.6207 0.0000 0.0000 0.0000
0.9655 0.6552 0.0000 0.0000 0.0000
0.9655 0.6897 0.0000 0.0000 0.0000
0.9655 0.7241 0.0000 0.0000 0.0000
0.9655 0.7586 0.0000 0.0000 0.0000
0.9655 0.7931 0.0000 0.0000 0.0000
0.9655 0.8276 0.0000 0.0000 0.0000
0.9655 0.8621 0.0000 0.0000 0.0000
0.9655 0.8966 0.0000 0.0000 0.0000
0.9655 0.9310 0.0000 0.0000 0.0000
0.9655 0.9655 0.0000 0.0000 0.0000
0.9655 1.0000 0.0000 0.0000 0.0000

1.0000 0.0000 0.0000 0.0000 0.0000
1.0000 0.0345 0.0000 0.0000 0.0000
1.0000 0.0690 0.0000 0.0000 0.0000
1.0000 0.1034 0.0000 0.0000 0.0000
1.0000 0.1379 0.0000 0.0000 0.0000
1.0000 0.1724 0.0000 0.0000 0.0000
1.0000 0.2069 0.0000 0.0000 0.0000
1.0000 0.2414 0.0000 0.0000 0.0000
1.0000 0.2759 0.0000 0.0000 0.0000
1.0000 0.3103 0.0000 0.0000 0.0000
1.0000 0.3448 0.0000 0.0000 0.0000
1.0000 0.3793 0.0000 0.0000 0.0000
1.0000 0.4138 0.0000 0.0000 0.0000
1.0000 0.4483 0.0000 0.0000 0.0000
1.0000 0.4828 0.0000 0.0000 0.0000
1.0000 0.5172 0.0000 0.0000 0.0000
1.0000 0.5517 0.0000 0.0000 0.0000
1.0000 0.5862 0.0000 0.0000 0.0000
1.0000 0.6207 0.0000 0.0000 0.0000
1.0000 0.6552 0.0000 0.0000 0.0000
1.0000 0.6897 0.0000 0.0000 0.0000
1.0000 0.7241 0.0000 0.0000 0.0000
1.0000 0.7586 0.0000 0.0000 0.0000
1.0000 0.7931 0.0000 0.0000 0.0000
1.0000 0.8276 0.0000 0.0000 0.0000
1.0000 0.8621 0.0000 0.0000 0.0000
1.0000 0.8966 0.0000 0.0000 0.0000
1.0000 0.9310 0.0000 0.0000 0.0000
1.0000 0.9655 0.0000 0.0000 0.0000
1.0000 1.0000 0.0000 0.0000 0.0000

