0.0000 0.0000 0.000000 0.000000 0.000000
0.0000 0.0345 -1.000000 0.000000 0.006897
0.0000 0.0690 -1.000000 0.000000 0.013793
0.0000 0.1034 -1.000000 0.000000 0.020690
0.0000 0.1379 -1.000000 0.000000 0.027586
0.0000 0.1724 -1.000000 0.000000 0.034483
0.0000 0.2069 -1.000000 0.000000 0.041379
0.0000 0.2414 -1.000000 0.000000 0.048276
0.0000 0.2759 -1.000000 0.000000 0.055172
0.0000 0.3103 -1.000000 0.000000 0.062069
0.0000 0.3448 -1.000000 0.000000 0.068966
0.0000 0.3793 -1.000000 0.000000 0.075862
0.0000 0.4138 -1.000000 0.000000 0.082759
0.0000 0.4483 -1.000000 0.000000 0.089655
0.0000 0.4828 -1.000000 0.000000 0.096552
0.0000 0.5172 -1.000000 0.000000 0.103448
0.0000 0.5517 -1.000000 0.000000 0.110345
0.0000 0.5862 -1.000000 -0.000000 0.117241
0.0000 0.6207 -1.000000 -0.000000 0.124138
0.0000 0.6552 -1.000000 -0.000000 0.131034
0.0000 0.6897 -1.000000 -0.000000 0.137931
0.0000 0.7241 -1.000000 -0.000000 0.144828
0.0000 0.7586 -1.000000 -0.000000 0.151724
0.0000 0.7931 -1.000000 -0.000000 0.158621
0.0000 0.8276 -1.000000 -0.000000 0.165517
0.0000 0.8621 -1.000000 -0.000000 0.172414
0.0000 0.8966 -1.000000 -0.000000 0.179310
0.0000 0.9310 -1.000000 -0.000000 0.186207
0.0000 0.9655 -1.000000 -0.000000 0.193103
0.0000 1.0000 -1.000000 -0.000000 0.200000

0.0345 0.0000 0.000000 1.000000 0.466112
0.0345 0.0345 0.012788 0.999918 0.437016
0.0345 0.0690 0.027395 0.999625 0.408001
0.0345 0.1034 0.044227 0.999022 0.379087
0.0345 0.1379 0.063815 0.997962 0.350298
0.0345 0.1724 0.086869 0.996220 0.321668
0.0345 0.2069 0.114347 0.993441 0.293243
0.0345 0.2414 0.147573 0.989051 0.265090
0.0345 0.2759 0.188401 0.982092 0.237306
0.0345 0.3103 0.239471 0.970904 0.210035
0.0345 0.3448 0.304541 0.952499 0.183509
0.0345 0.3793 0.388830 0.921309 0.158101
0.0345 0.4138 0.498803 0.866715 0.134448
0.0345 0.4483 0.639258 0.768993 0.113650
0.0345 0.4828 0.802043 0.597266 0.097551
0.0345 0.5172 0.944587 0.328261 0.088746
0.0345 0.5517 1.000000 0.000000 0.089417
0.0345 0.5862 0.956063 -0.293161 0.099372
0.0345 0.6207 0.865333 -0.501198 0.116250
0.0345 0.6552 0.772105 -0.635495 0.137524
0.0345 0.6897 0.692225 -0.721682 0.161467
0.0345 0.7241 0.627404 -0.778694 0.187057
0.0345 0.7586 0.575328 -0.817923 0.213702
0.0345 0.7931 0.533232 -0.845969 0.241054
0.0345 0.8276 0.498803 -0.866715 0.268896
0.0345 0.8621 0.470277 -0.882519 0.297090
0.0345 0.8966 0.446337 -0.894865 0.325546
0.0345 0.9310 0.426007 -0.904720 0.354200
0.0345 0.9655 0.408557 -0.912733 0.383008
0.0345 1.0000 0.0000 0.0000 0.0000

0.0690 0.0000 0.000000 1.000000 0.898930
0.0690 0.0345 0.021494 0.999769 0.840860
0.0690 0.0690 0.046151 0.998934 0.783236
0.0690 0.1034 0.074668 0.997208 0.726165
0.0690 0.1379 0.107937 0.994158 0.669787
0.0690 0.1724 0.147110 0.989120 0.614293
0.0690 0.2069 0.193665 0.981068 0.559947
0.0690 0.2414 0.249481 0.968380 0.507117
0.0690 0.2759 0.316853 0.948475 0.456331
0.0690 0.3103 0.398343 0.917237 0.408351
0.0690 0.3448 0.496139 0.868243 0.364288
0.0690 0.3793 0.610346 0.792135 0.325735
0.0690 0.4138 0.735545 0.677476 0.294862
0.0690 0.4483 0.856650 0.515898 0.274276
0.0690 0.4828 0.949926 0.312476 0.266370
0.0690 0.5172 0.995785 0.091717 0.272253
0.0690 0.5517 0.993438 -0.114376 0.291090
0.0690 0.5862 0.958355 -0.285578 0.320605
0.0690 0.6207 0.908309 -0.418300 0.358168
0.0690 0.6552 0.855238 -0.518236 0.401527
0.0690 0.6897 0.805056 -0.593199 0.449005
0.0690 0.7241 0.759962 -0.649968 0.499430
0.0690 0.7586 0.720336 -0.693625 0.551995
0.0690 0.7931 0.685805 -0.727785 0.606142
0.0690 0.8276 0.655751 -0.754977 0.661484
0.0690 0.8621 0.629532 -0.776975 0.717745
0.0690 0.8966 0.606561 -0.795037 0.774723
0.0690 0.9310 0.586335 -0.810068 0.832272
0.0690 0.9655 0.0000 0.0000 0.0000
0.0690 1.0000 0.0000 0.0000 0.0000

0.1034 0.0000 0.000000 1.000000 1.298454
0.1034 0.0345 0.025225 0.999682 1.211444
0.1034 0.0690 0.054311 0.998524 1.125323
0.1034 0.1034 0.088124 0.996110 1.040314
0.1034 0.1379 0.127766 0.991804 0.956711
0.1034 0.1724 0.174638 0.984633 0.874920
0.1034 0.2069 0.230489 0.973075 0.795497
0.1034 0.2414 0.297418 0.954747 0.719230
0.1034 0.2759 0.377717 0.925921 0.647233
0.1034 0.3103 0.473294 0.880904 0.581097
0.1034 0.3448 0.584245 0.811577 0.523049
0.1034 0.3793 0.706107 0.708105 0.476057
0.1034 0.4138 0.826567 0.562838 0.443650
0.1034 0.4483 0.925719 0.378212 0.429142
0.1034 0.4828 0.985014 0.172473 0.434333
0.1034 0.5172 0.999629 -0.027227 0.458553
0.1034 0.5517 0.979766 -0.200147 0.499039
0.1034 0.5862 0.940739 -0.339131 0.552226
0.1034 0.6207 0.894659 -0.446749 0.614826
0.1034 0.6552 0.848535 -0.529140 0.684260
0.1034 0.6897 0.805607 -0.592450 0.758654
0.1034 0.7241 0.766997 -0.641651 0.836687
0.1034 0.7586 0.732803 -0.680441 0.917430
0.1034 0.7931 0.702695 -0.711492 1.000227
0.1034 0.8276 0.676201 -0.736717 1.084607
0.1034 0.8621 0.652839 -0.757497 1.170229
0.1034 0.8966 0.632166 -0.774833 1.256839
0.1034 0.9310 0.0000 0.0000 0.0000
0.1034 0.9655 0.0000 0.0000 0.0000
0.1034 1.0000 0.0000 0.0000 0.0000

0.1379 0.0000 0.000000 1.000000 1.664685
0.1379 0.0345 0.027793 0.999614 1.548755
0.1379 0.0690 0.060024 0.998197 1.434215
0.1379 0.1034 0.097722 0.995214 1.321426
0.1379 0.1379 0.142191 0.989839 1.210877
0.1379 0.1724 0.195080 0.980787 1.103241
0.1379 0.2069 0.258403 0.966037 0.999462
0.1379 0.2414 0.334463 0.942409 0.900871
0.1379 0.2759 0.425457 0.904978 0.809369
0.1379 0.3103 0.532406 0.846489 0.727633
0.1379 0.3448 0.652868 0.757471 0.659306
0.1379 0.3793 0.777581 0.628782 0.608919
0.1379 0.4138 0.888793 0.458309 0.581157
0.1379 0.4483 0.965976 0.258633 0.579282
0.1379 0.4828 0.998477 0.055164 0.603535
0.1379 0.5172 0.991793 -0.127855 0.651003
0.1379 0.5517 0.960415 -0.278573 0.717090
0.1379 0.5862 0.917922 -0.396762 0.797179
0.1379 0.6207 0.873017 -0.487689 0.887487
0.1379 0.6552 0.830114 -0.557593 0.985209
0.1379 0.6897 0.790997 -0.611821 1.088348
0.1379 0.7241 0.756102 -0.654453 1.195505
0.1379 0.7586 0.725263 -0.688472 1.305689
0.1379 0.7931 0.698079 -0.716021 1.418195
0.1379 0.8276 0.674093 -0.738647 1.532513
0.1379 0.8621 0.652868 -0.757471 1.648265
0.1379 0.8966 0.0000 0.0000 0.0000
0.1379 0.9310 0.0000 0.0000 0.0000
0.1379 0.9655 0.0000 0.0000 0.0000
0.1379 1.0000 0.0000 0.0000 0.0000

0.1724 0.0000 0.000000 1.000000 1.997622
0.1724 0.0345 0.029970 0.999551 1.852794
0.1724 0.0690 0.064950 0.997889 1.709912
0.1724 0.1034 0.106140 0.994351 1.569508
0.1724 0.1379 0.155076 0.987903 1.432309
0.1724 0.1724 0.213683 0.976903 1.299333
0.1724 0.2069 0.284275 0.958743 1.172016
0.1724 0.2414 0.369344 0.929293 1.052416
0.1724 0.2759 0.470850 0.882213 0.943471
0.1724 0.3103 0.588446 0.808536 0.849291
0.1724 0.3448 0.716249 0.697845 0.775277
0.1724 0.3793 0.839491 0.543373 0.727608
0.1724 0.4138 0.936412 0.350904 0.711599
0.1724 0.4483 0.989773 0.142654 0.729338
0.1724 0.4828 0.998570 -0.053457 0.778521
0.1724 0.5172 0.975643 -0.219363 0.853731
0.1724 0.5517 0.936412 -0.350904 0.948799
0.1724 0.5862 0.891919 -0.452195 1.058387
0.1724 0.6207 0.848168 -0.529727 1.178451
0.1724 0.6552 0.807786 -0.589475 1.306105
0.1724 0.6897 0.771596 -0.636113 1.439331
0.1724 0.7241 0.739582 -0.673067 1.576718
0.1724 0.7586 0.711387 -0.702801 1.717267
0.1724 0.7931 0.686554 -0.727079 1.860261
0.1724 0.8276 0.664629 -0.747174 2.005178
0.1724 0.8621 0.0000 0.0000 0.0000
0.1724 0.8966 0.0000 0.0000 0.0000
0.1724 0.9310 0.0000 0.0000 0.0000
0.1724 0.9655 0.0000 0.0000 0.0000
0.1724 1.0000 0.0000 0.0000 0.0000

0.2069 0.0000 0.000000 1.000000 2.297265
0.2069 0.0345 0.032028 0.999487 2.123563
0.2069 0.0690 0.069672 0.997570 1.952426
0.2069 0.1034 0.114336 0.993442 1.784592
0.2069 0.1379 0.167824 0.985817 1.621089
0.2069 0.1724 0.232389 0.972623 1.463368
0.2069 0.2069 0.310682 0.950514 1.313514
0.2069 0.2414 0.405349 0.914162 1.174542
0.2069 0.2759 0.517820 0.855490 1.050778
0.2069 0.3103 0.645571 0.763700 0.948197
0.2069 0.3448 0.777941 0.628337 0.874285
0.2069 0.3793 0.894200 0.447668 0.836678
0.2069 0.4138 0.971329 0.237738 0.840262
0.2069 0.4483 0.999601 0.028230 0.884538
0.2069 0.4828 0.987847 -0.155430 0.963914
0.2069 0.5172 0.952926 -0.303204 1.070612
0.2069 0.5517 0.908864 -0.417092 1.197350
0.2069 0.5862 0.863869 -0.503716 1.338446
0.2069 0.6207 0.821744 -0.569857 1.489828
0.2069 0.6552 0.783829 -0.620976 1.648664
0.2069 0.6897 0.750297 -0.661101 1.812996
0.2069 0.7241 0.720833 -0.693109 1.981457
0.2069 0.7586 0.694965 -0.719044 2.153078
0.2069 0.7931 0.672205 -0.740365 2.327160
0.2069 0.8276 0.0000 0.0000 0.0000
0.2069 0.8621 0.0000 0.0000 0.0000
0.2069 0.8966 0.0000 0.0000 0.0000
0.2069 0.9310 0.0000 0.0000 0.0000
0.2069 0.9655 0.0000 0.0000 0.0000
0.2069 1.0000 0.0000 0.0000 0.0000

0.2414 0.0000 0.000000 1.000000 2.563615
0.2414 0.0345 0.034095 0.999419 2.361064
0.2414 0.0690 0.074475 0.997223 2.161771
0.2414 0.1034 0.122792 0.992432 1.966726
0.2414 0.1379 0.181169 0.983452 1.777331
0.2414 0.1724 0.252255 0.967661 1.595596
0.2414 0.2069 0.339074 0.940760 1.424457
0.2414 0.2414 0.444323 0.895866 1.268211
0.2414 0.2759 0.568380 0.822766 1.133036
0.2414 0.3103 0.705252 0.708956 1.027284
0.2414 0.3448 0.837906 0.545815 0.960721
0.2414 0.3793 0.940319 0.340293 0.941694
0.2414 0.4138 0.992803 0.119762 0.972996
0.2414 0.4483 0.996531 -0.083224 1.050135
0.2414 0.4828 0.968177 -0.250267 1.164035
0.2414 0.5172 0.925206 -0.379466 1.305106
0.2414 0.5517 0.878861 -0.477078 1.465522
0.2414 0.5862 0.834641 -0.550795 1.639615
0.2414 0.6207 0.794632 -0.607092 1.823473
0.2414 0.6552 0.759269 -0.650777 2.014422
0.2414 0.6897 0.728295 -0.685264 2.210627
0.2414 0.7241 0.701213 -0.712952 2.410804
0.2414 0.7586 0.677490 -0.735532 2.614041
0.2414 0.7931 0.0000 0.0000 0.0000
0.2414 0.8276 0.0000 0.0000 0.0000
0.2414 0.8621 0.0000 0.0000 0.0000
0.2414 0.8966 0.0000 0.0000 0.0000
0.2414 0.9310 0.0000 0.0000 0.0000
0.2414 0.9655 0.0000 0.0000 0.0000
0.2414 1.0000 0.0000 0.0000 0.0000

0.2759 0.0000 0.000000 1.000000 2.796671
0.2759 0.0345 0.036247 0.999343 2.565301
0.2759 0.0690 0.079543 0.996831 2.337967
0.2759 0.1034 0.131832 0.991272 2.115971
0.2759 0.1379 0.195635 0.980677 1.901184
0.2759 0.1724 0.274073 0.961709 1.696346
0.2759 0.2069 0.370573 0.928803 1.505524
0.2759 0.2414 0.487654 0.873037 1.334742
0.2759 0.2759 0.623722 0.781646 1.192641
0.2759 0.3103 0.767416 0.641149 1.090491
0.2759 0.3448 0.893969 0.448128 1.040131
0.2759 0.3793 0.975010 0.222160 1.049045
0.2759 0.4138 1.000000 0.000000 1.115815
0.2759 0.4483 0.981917 -0.189313 1.231061
0.2759 0.4828 0.941469 -0.337099 1.382715
0.2759 0.5172 0.893969 -0.448128 1.560197
0.2759 0.5517 0.847389 -0.530973 1.755690
0.2759 0.5862 0.804928 -0.593373 1.963824
0.2759 0.6207 0.767416 -0.641149 2.180983
0.2759 0.6552 0.734682 -0.678412 2.404722
0.2759 0.6897 0.706203 -0.708009 2.633365
0.2759 0.7241 0.681386 -0.731924 2.865739
0.2759 0.7586 0.0000 0.0000 0.0000
0.2759 0.7931 0.0000 0.0000 0.0000
0.2759 0.8276 0.0000 0.0000 0.0000
0.2759 0.8621 0.0000 0.0000 0.0000
0.2759 0.8966 0.0000 0.0000 0.0000
0.2759 0.9310 0.0000 0.0000 0.0000
0.2759 0.9655 0.0000 0.0000 0.0000
0.2759 1.0000 0.0000 0.0000 0.0000

0.3103 0.0000 0.000000 1.000000 2.996433
0.3103 0.0345 0.038545 0.999257 2.736278
0.3103 0.0690 0.085021 0.996379 2.481040
0.3103 0.1034 0.141735 0.989905 2.232406
0.3103 0.1379 0.211696 0.977335 1.992848
0.3103 0.1724 0.298601 0.954378 1.766065
0.3103 0.2069 0.406266 0.913755 1.557645
0.3103 0.2414 0.536562 0.843861 1.375959
0.3103 0.2759 0.684377 0.729128 1.232883
0.3103 0.3103 0.830462 0.557075 1.143010
0.3103 0.3448 0.942341 0.334653 1.119230
0.3103 0.3793 0.995342 0.096402 1.165595
0.3103 0.4138 0.993066 -0.117556 1.274473
0.3103 0.4483 0.957696 -0.287782 1.431671
0.3103 0.4828 0.909663 -0.415348 1.623212
0.3103 0.5172 0.860559 -0.509350 1.838392
0.3103 0.5517 0.815283 -0.579062 2.069851
0.3103 0.5862 0.775275 -0.631624 2.312708
0.3103 0.6207 0.740506 -0.672049 2.563724
0.3103 0.6552 0.710429 -0.703769 2.820723
0.3103 0.6897 0.684377 -0.729128 3.082209
0.3103 0.7241 0.0000 0.0000 0.0000
0.3103 0.7586 0.0000 0.0000 0.0000
0.3103 0.7931 0.0000 0.0000 0.0000
0.3103 0.8276 0.0000 0.0000 0.0000
0.3103 0.8621 0.0000 0.0000 0.0000
0.3103 0.8966 0.0000 0.0000 0.0000
0.3103 0.9310 0.0000 0.0000 0.0000
0.3103 0.9655 0.0000 0.0000 0.0000
0.3103 1.0000 0.0000 0.0000 0.0000

0.3448 0.0000 0.000000 1.000000 3.162901
0.3448 0.0345 0.041042 0.999157 2.874003
0.3448 0.0690 0.091049 0.995846 2.591024
0.3448 0.1034 0.152782 0.988260 2.316133
0.3448 0.1379 0.229866 0.973222 2.052585
0.3448 0.1724 0.326681 0.945135 1.805353
0.3448 0.2069 0.447334 0.894367 1.582105
0.3448 0.2414 0.592140 0.805835 1.394407
0.3448 0.2759 0.749948 0.661497 1.258272
0.3448 0.3103 0.890968 0.454066 1.191506
0.3448 0.3448 0.978319 0.207104 1.205689
0.3448 0.3793 0.999486 -0.032058 1.298170
0.3448 0.4138 0.973434 -0.228966 1.454087
0.3448 0.4483 0.926191 -0.377055 1.655612
0.3448 0.4828 0.874573 -0.484894 1.888199
0.3448 0.5172 0.826110 -0.563509 2.141752
0.3448 0.5517 0.783213 -0.621754 2.409661
0.3448 0.5862 0.746095 -0.665840 2.687637
0.3448 0.6207 0.714190 -0.699951 2.972858
0.3448 0.6552 0.686745 -0.726898 3.263424
0.3448 0.6897 0.0000 0.0000 0.0000
0.3448 0.7241 0.0000 0.0000 0.0000
0.3448 0.7586 0.0000 0.0000 0.0000
0.3448 0.7931 0.0000 0.0000 0.0000
0.3448 0.8276 0.0000 0.0000 0.0000
0.3448 0.8621 0.0000 0.0000 0.0000
0.3448 0.8966 0.0000 0.0000 0.0000
0.3448 0.9310 0.0000 0.0000 0.0000
0.3448 0.9655 0.0000 0.0000 0.0000
0.3448 1.0000 0.0000 0.0000 0.0000

0.3793 0.0000 0.000000 1.000000 3.296076
0.3793 0.0345 0.043794 0.999041 2.978482
0.3793 0.0690 0.097783 0.995208 2.667958
0.3793 0.1034 0.165303 0.986243 2.367288
0.3793 0.1379 0.250756 0.968050 2.080748
0.3793 0.1724 0.359330 0.933210 1.815043
0.3793 0.2069 0.495118 0.868826 1.580714
0.3793 0.2414 0.655158 0.755492 1.393679
0.3793 0.2759 0.818495 0.574513 1.274925
0.3793 0.3103 0.943576 0.331155 1.244160
0.3793 0.3448 0.997546 0.070019 1.307609
0.3793 0.3793 0.987514 -0.157534 1.452982
0.3793 0.4138 0.943576 -0.331155 1.658879
0.3793 0.4483 0.889775 -0.456399 1.905784
0.3793 0.4828 0.837762 -0.546035 2.179806
0.3793 0.5172 0.791523 -0.611139 2.471943
0.3793 0.5517 0.751685 -0.659523 2.776483
0.3793 0.5862 0.717686 -0.696366 3.089760
0.3793 0.6207 0.688667 -0.725078 3.409368
0.3793 0.6552 0.0000 0.0000 0.0000
0.3793 0.6897 0.0000 0.0000 0.0000
0.3793 0.7241 0.0000 0.0000 0.0000
0.3793 0.7586 0.0000 0.0000 0.0000
0.3793 0.7931 0.0000 0.0000 0.0000
0.3793 0.8276 0.0000 0.0000 0.0000
0.3793 0.8621 0.0000 0.0000 0.0000
0.3793 0.8966 0.0000 0.0000 0.0000
0.3793 0.9310 0.0000 0.0000 0.0000
0.3793 0.9655 0.0000 0.0000 0.0000
0.3793 1.0000 0.0000 0.0000 0.0000

0.4138 0.0000 0.000000 1.000000 3.395957
0.4138 0.0345 0.046865 0.998901 3.049724
0.4138 0.0690 0.105406 0.994429 2.711897
0.4138 0.1034 0.179701 0.983721 2.386048
0.4138 0.1379 0.275144 0.961403 2.077820
0.4138 0.1724 0.397830 0.917459 1.796307
0.4138 0.2069 0.551098 0.834441 1.556077
0.4138 0.2414 0.725572 0.688146 1.378879
0.4138 0.2759 0.885716 0.464227 1.290934
0.4138 0.3103 0.981675 0.190564 1.310338
0.4138 0.3448 0.997567 -0.069714 1.432737
0.4138 0.3793 0.961480 -0.274875 1.635162
0.4138 0.4138 0.906453 -0.422307 1.892102
0.4138 0.4483 0.850587 -0.525834 2.184403
0.4138 0.4828 0.800479 -0.599360 2.499692
0.4138 0.5172 0.757474 -0.652865 2.830295
0.4138 0.5517 0.721064 -0.692869 3.171428
0.4138 0.5862 0.690257 -0.723564 3.520031
0.4138 0.6207 0.0000 0.0000 0.0000
0.4138 0.6552 0.0000 0.0000 0.0000
0.4138 0.6897 0.0000 0.0000 0.0000
0.4138 0.7241 0.0000 0.0000 0.0000
0.4138 0.7586 0.0000 0.0000 0.0000
0.4138 0.7931 0.0000 0.0000 0.0000
0.4138 0.8276 0.0000 0.0000 0.0000
0.4138 0.8621 0.0000 0.0000 0.0000
0.4138 0.8966 0.0000 0.0000 0.0000
0.4138 0.9310 0.0000 0.0000 0.0000
0.4138 0.9655 0.0000 0.0000 0.0000
0.4138 1.0000 0.0000 0.0000 0.0000

0.4483 0.0000 0.000000 1.000000 3.462545
0.4483 0.0345 0.050331 0.998733 3.087742
0.4483 0.0690 0.114150 0.993464 2.722911
0.4483 0.1034 0.196502 0.980503 2.372656
0.4483 0.1379 0.304058 0.952653 2.044480
0.4483 0.1724 0.443815 0.896119 1.750846
0.4483 0.2069 0.616703 0.787196 1.512011
0.4483 0.2414 0.801543 0.597937 1.357222
0.4483 0.2759 0.944409 0.328773 1.316465
0.4483 0.3103 0.999253 0.038652 1.399738
0.4483 0.3448 0.978874 -0.204463 1.587642
0.4483 0.3793 0.924790 -0.380478 1.848541
0.4483 0.4138 0.864953 -0.501853 2.156098
0.4483 0.4483 0.810368 -0.585921 2.493104
0.4483 0.4828 0.763652 -0.645628 2.849129
0.4483 0.5172 0.724441 -0.689337 3.217865
0.4483 0.5517 0.691595 -0.722286 3.595404
0.4483 0.5862 0.0000 0.0000 0.0000
0.4483 0.6207 0.0000 0.0000 0.0000
0.4483 0.6552 0.0000 0.0000 0.0000
0.4483 0.6897 0.0000 0.0000 0.0000
0.4483 0.7241 0.0000 0.0000 0.0000
0.4483 0.7586 0.0000 0.0000 0.0000
0.4483 0.7931 0.0000 0.0000 0.0000
0.4483 0.8276 0.0000 0.0000 0.0000
0.4483 0.8621 0.0000 0.0000 0.0000
0.4483 0.8966 0.0000 0.0000 0.0000
0.4483 0.9310 0.0000 0.0000 0.0000
0.4483 0.9655 0.0000 0.0000 0.0000
0.4483 1.0000 0.0000 0.0000 0.0000

0.4828 0.0000 0.000000 1.000000 3.495838
0.4828 0.0345 0.054290 0.998525 3.092551
0.4828 0.0690 0.124316 0.992243 2.701096
0.4828 0.1034 0.216411 0.976302 2.327450
0.4828 0.1379 0.338889 0.940826 1.981713
0.4828 0.1724 0.499335 0.866409 1.681191
0.4828 0.2069 0.692736 0.721191 1.454193
0.4828 0.2414 0.877943 0.478765 1.338660
0.4828 0.2759 0.985278 0.170958 1.363232
0.4828 0.3103 0.993376 -0.114909 1.521134
0.4828 0.3448 0.944731 -0.327846 1.777176
0.4828 0.3793 0.881261 -0.472631 2.095690
0.4828 0.4138 0.821521 -0.570178 2.452455
0.4828 0.4483 0.770418 -0.637539 2.833057
0.4828 0.4828 0.727928 -0.685654 3.229079
0.4828 0.5172 0.0000 0.0000 0.0000
0.4828 0.5517 0.0000 0.0000 0.0000
0.4828 0.5862 0.0000 0.0000 0.0000
0.4828 0.6207 0.0000 0.0000 0.0000
0.4828 0.6552 0.0000 0.0000 0.0000
0.4828 0.6897 0.0000 0.0000 0.0000
0.4828 0.7241 0.0000 0.0000 0.0000
0.4828 0.7586 0.0000 0.0000 0.0000
0.4828 0.7931 0.0000 0.0000 0.0000
0.4828 0.8276 0.0000 0.0000 0.0000
0.4828 0.8621 0.0000 0.0000 0.0000
0.4828 0.8966 0.0000 0.0000 0.0000
0.4828 0.9310 0.0000 0.0000 0.0000
0.4828 0.9655 0.0000 0.0000 0.0000
0.4828 1.0000 0.0000 0.0000 0.0000

0.5172 0.0000 0.000000 1.000000 3.495838
0.5172 0.0345 0.058868 0.998266 3.064172
0.5172 0.0690 0.136312 0.990666 2.646582
0.5172 0.1034 0.240410 0.970672 2.250915
0.5172 0.1379 0.381559 0.924344 1.890983
0.5172 0.1724 0.566798 0.823857 1.591223
0.5172 0.2069 0.778009 0.628254 1.391094
0.5172 0.2414 0.945008 0.327046 1.336140
0.5172 0.2759 1.000000 0.000000 1.443044
0.5172 0.3103 0.965630 -0.259920 1.681207
0.5172 0.3448 0.899934 -0.436026 2.004375
0.5172 0.3793 0.834343 -0.551245 2.378141
0.5172 0.4138 0.778009 -0.628254 2.782188
0.5172 0.4483 0.731634 -0.681698 3.205083
0.5172 0.4828 0.0000 0.0000 0.0000
0.5172 0.5172 0.0000 0.0000 0.0000
0.5172 0.5517 0.0000 0.0000 0.0000
0.5172 0.5862 0.0000 0.0000 0.0000
0.5172 0.6207 0.0000 0.0000 0.0000
0.5172 0.6552 0.0000 0.0000 0.0000
0.5172 0.6897 0.0000 0.0000 0.0000
0.5172 0.7241 0.0000 0.0000 0.0000
0.5172 0.7586 0.0000 0.0000 0.0000
0.5172 0.7931 0.0000 0.0000 0.0000
0.5172 0.8276 0.0000 0.0000 0.0000
0.5172 0.8621 0.0000 0.0000 0.0000
0.5172 0.8966 0.0000 0.0000 0.0000
0.5172 0.9310 0.0000 0.0000 0.0000
0.5172 0.9655 0.0000 0.0000 0.0000
0.5172 1.0000 0.0000 0.0000 0.0000

0.5517 0.0000 0.000000 1.000000 3.462545
0.5517 0.0345 0.064232 0.997935 3.002633
0.5517 0.0690 0.150703 0.988579 2.559553
0.5517 0.1034 0.269897 0.962889 2.143766
0.5517 0.1379 0.434734 0.900559 1.774562
0.5517 0.1724 0.648484 0.761229 1.487051
0.5517 0.2069 0.866748 0.498746 1.335098
0.5517 0.2414 0.989230 0.146372 1.364758
0.5517 0.2759 0.985425 -0.170110 1.565746
0.5517 0.3103 0.921331 -0.388779 1.884003
0.5517 0.3448 0.849349 -0.527832 2.270747
0.5517 0.3793 0.786719 -0.617311 2.696670
0.5517 0.4138 0.735684 -0.677325 3.145900
0.5517 0.4483 0.694579 -0.719416 3.609744
0.5517 0.4828 0.0000 0.0000 0.0000
0.5517 0.5172 0.0000 0.0000 0.0000
0.5517 0.5517 0.0000 0.0000 0.0000
0.5517 0.5862 0.0000 0.0000 0.0000
0.5517 0.6207 0.0000 0.0000 0.0000
0.5517 0.6552 0.0000 0.0000 0.0000
0.5517 0.6897 0.0000 0.0000 0.0000
0.5517 0.7241 0.0000 0.0000 0.0000
0.5517 0.7586 0.0000 0.0000 0.0000
0.5517 0.7931 0.0000 0.0000 0.0000
0.5517 0.8276 0.0000 0.0000 0.0000
0.5517 0.8621 0.0000 0.0000 0.0000
0.5517 0.8966 0.0000 0.0000 0.0000
0.5517 0.9310 0.0000 0.0000 0.0000
0.5517 0.9655 0.0000 0.0000 0.0000
0.5517 1.0000 0.0000 0.0000 0.0000

0.5862 0.0000 0.000000 1.000000 3.395957
0.5862 0.0345 0.070616 0.997504 2.907973
0.5862 0.0690 0.168301 0.985736 2.440279
0.5862 0.1034 0.306935 0.951730 2.007108
0.5862 0.1379 0.502044 0.864842 1.636117
0.5862 0.1724 0.744858 0.667223 1.378456
0.5862 0.2069 0.945460 0.325738 1.303180
0.5862 0.2414 0.998791 -0.049159 1.439195
0.5862 0.2759 0.945460 -0.325738 1.737573
0.5862 0.3103 0.867201 -0.497958 2.131175
0.5862 0.3448 0.796944 -0.604053 2.576728
0.5862 0.3793 0.740231 -0.672353 3.051559
0.5862 0.4138 0.695334 -0.718687 3.543921
0.5862 0.4483 0.0000 0.0000 0.0000
0.5862 0.4828 0.0000 0.0000 0.0000
0.5862 0.5172 0.0000 0.0000 0.0000
0.5862 0.5517 0.0000 0.0000 0.0000
0.5862 0.5862 0.0000 0.0000 0.0000
0.5862 0.6207 0.0000 0.0000 0.0000
0.5862 0.6552 0.0000 0.0000 0.0000
0.5862 0.6897 0.0000 0.0000 0.0000
0.5862 0.7241 0.0000 0.0000 0.0000
0.5862 0.7586 0.0000 0.0000 0.0000
0.5862 0.7931 0.0000 0.0000 0.0000
0.5862 0.8276 0.0000 0.0000 0.0000
0.5862 0.8621 0.0000 0.0000 0.0000
0.5862 0.8966 0.0000 0.0000 0.0000
0.5862 0.9310 0.0000 0.0000 0.0000
0.5862 0.9655 0.0000 0.0000 0.0000
0.5862 1.0000 0.0000 0.0000 0.0000

0.6207 0.0000 0.000000 1.000000 3.296076
0.6207 0.0345 0.078351 0.996926 2.780247
0.6207 0.0690 0.190319 0.981722 2.289165
0.6207 0.1034 0.354643 0.935002 1.842722
0.6207 0.1379 0.588019 0.808847 1.481829
0.6207 0.1724 0.850285 0.526323 1.280958
0.6207 0.2069 0.993494 0.113883 1.315574
0.6207 0.2414 0.971132 -0.238542 1.570179
0.6207 0.2759 0.888729 -0.458433 1.960876
0.6207 0.3103 0.809232 -0.587489 2.422695
0.6207 0.3448 0.745475 -0.666533 2.922107
0.6207 0.3793 0.696003 -0.718038 3.442792
0.6207 0.4138 0.0000 0.0000 0.0000
0.6207 0.4483 0.0000 0.0000 0.0000
0.6207 0.4828 0.0000 0.0000 0.0000
0.6207 0.5172 0.0000 0.0000 0.0000
0.6207 0.5517 0.0000 0.0000 0.0000
0.6207 0.5862 0.0000 0.0000 0.0000
0.6207 0.6207 0.0000 0.0000 0.0000
0.6207 0.6552 0.0000 0.0000 0.0000
0.6207 0.6897 0.0000 0.0000 0.0000
0.6207 0.7241 0.0000 0.0000 0.0000
0.6207 0.7586 0.0000 0.0000 0.0000
0.6207 0.7931 0.0000 0.0000 0.0000
0.6207 0.8276 0.0000 0.0000 0.0000
0.6207 0.8621 0.0000 0.0000 0.0000
0.6207 0.8966 0.0000 0.0000 0.0000
0.6207 0.9310 0.0000 0.0000 0.0000
0.6207 0.9655 0.0000 0.0000 0.0000
0.6207 1.0000 0.0000 0.0000 0.0000

0.6552 0.0000 0.000000 1.000000 3.162901
0.6552 0.0345 0.087924 0.996127 2.619539
0.6552 0.0690 0.218639 0.975806 2.106860
0.6552 0.1034 0.417840 0.908520 1.653654
0.6552 0.1379 0.696601 0.717459 1.322543
0.6552 0.1724 0.945813 0.324711 1.217582
0.6552 0.2069 0.993516 -0.113696 1.390946
0.6552 0.2414 0.914841 -0.403815 1.762325
0.6552 0.2759 0.824377 -0.566041 2.235104
0.6552 0.3103 0.751697 -0.659508 2.757612
0.6552 0.3448 0.696601 -0.717459 3.306357
0.6552 0.3793 0.0000 0.0000 0.0000
0.6552 0.4138 0.0000 0.0000 0.0000
0.6552 0.4483 0.0000 0.0000 0.0000
0.6552 0.4828 0.0000 0.0000 0.0000
0.6552 0.5172 0.0000 0.0000 0.0000
0.6552 0.5517 0.0000 0.0000 0.0000
0.6552 0.5862 0.0000 0.0000 0.0000
0.6552 0.6207 0.0000 0.0000 0.0000
0.6552 0.6552 0.0000 0.0000 0.0000
0.6552 0.6897 0.0000 0.0000 0.0000
0.6552 0.7241 0.0000 0.0000 0.0000
0.6552 0.7586 0.0000 0.0000 0.0000
0.6552 0.7931 0.0000 0.0000 0.0000
0.6552 0.8276 0.0000 0.0000 0.0000
0.6552 0.8621 0.0000 0.0000 0.0000
0.6552 0.8966 0.0000 0.0000 0.0000
0.6552 0.9310 0.0000 0.0000 0.0000
0.6552 0.9655 0.0000 0.0000 0.0000
0.6552 1.0000 0.0000 0.0000 0.0000

0.6897 0.0000 0.000000 1.000000 2.996433
0.6897 0.0345 0.100086 0.994979 2.425974
0.6897 0.0690 0.256334 0.966588 1.894450
0.6897 0.1034 0.503932 0.863743 1.445469
0.6897 0.1379 0.824772 0.565466 1.177568
0.6897 0.1724 0.997658 0.068400 1.216881
0.6897 0.2069 0.945962 -0.324277 1.540058
0.6897 0.2414 0.843559 -0.537036 2.014847
0.6897 0.2759 0.759309 -0.650730 2.558180
0.6897 0.3103 0.0000 0.0000 0.0000
0.6897 0.3448 0.0000 0.0000 0.0000
0.6897 0.3793 0.0000 0.0000 0.0000
0.6897 0.4138 0.0000 0.0000 0.0000
0.6897 0.4483 0.0000 0.0000 0.0000
0.6897 0.4828 0.0000 0.0000 0.0000
0.6897 0.5172 0.0000 0.0000 0.0000
0.6897 0.5517 0.0000 0.0000 0.0000
0.6897 0.5862 0.0000 0.0000 0.0000
0.6897 0.6207 0.0000 0.0000 0.0000
0.6897 0.6552 0.0000 0.0000 0.0000
0.6897 0.6897 0.0000 0.0000 0.0000
0.6897 0.7241 0.0000 0.0000 0.0000
0.6897 0.7586 0.0000 0.0000 0.0000
0.6897 0.7931 0.0000 0.0000 0.0000
0.6897 0.8276 0.0000 0.0000 0.0000
0.6897 0.8621 0.0000 0.0000 0.0000
0.6897 0.8966 0.0000 0.0000 0.0000
0.6897 0.9310 0.0000 0.0000 0.0000
0.6897 0.9655 0.0000 0.0000 0.0000
0.6897 1.0000 0.0000 0.0000 0.0000

0.7241 0.0000 0.000000 1.000000 2.796671
0.7241 0.0345 0.116054 0.993243 2.199763
0.7241 0.0690 0.308712 0.951156 1.653912
0.7241 0.1034 0.623101 0.782141 1.229133
0.7241 0.1379 0.946096 0.323885 1.079346
0.7241 0.1724 0.979550 -0.201202 1.303106
0.7241 0.2069 0.868567 -0.495572 1.763535
0.7241 0.2414 0.768955 -0.639303 2.323985
0.7241 0.2759 0.697621 -0.716467 2.927564
0.7241 0.3103 0.0000 0.0000 0.0000
0.7241 0.3448 0.0000 0.0000 0.0000
0.7241 0.3793 0.0000 0.0000 0.0000
0.7241 0.4138 0.0000 0.0000 0.0000
0.7241 0.4483 0.0000 0.0000 0.0000
0.7241 0.4828 0.0000 0.0000 0.0000
0.7241 0.5172 0.0000 0.0000 0.0000
0.7241 0.5517 0.0000 0.0000 0.0000
0.7241 0.5862 0.0000 0.0000 0.0000
0.7241 0.6207 0.0000 0.0000 0.0000
0.7241 0.6552 0.0000 0.0000 0.0000
0.7241 0.6897 0.0000 0.0000 0.0000
0.7241 0.7241 0.0000 0.0000 0.0000
0.7241 0.7586 0.0000 0.0000 0.0000
0.7241 0.7931 0.0000 0.0000 0.0000
0.7241 0.8276 0.0000 0.0000 0.0000
0.7241 0.8621 0.0000 0.0000 0.0000
0.7241 0.8966 0.0000 0.0000 0.0000
0.7241 0.9310 0.0000 0.0000 0.0000
0.7241 0.9655 0.0000 0.0000 0.0000
0.7241 1.0000 0.0000 0.0000 0.0000

0.7586 0.0000 0.000000 1.000000 2.563615
0.7586 0.0345 0.137939 0.990441 1.941268
0.7586 0.0690 0.385515 0.922702 1.389189
0.7586 0.1034 0.781703 0.623650 1.027665
0.7586 0.1379 1.000000 0.000000 1.071106
0.7586 0.1724 0.901985 -0.431767 1.484373
0.7586 0.2069 0.781703 -0.623650 2.055330
0.7586 0.2414 0.698060 -0.716039 2.685205
0.7586 0.2759 0.0000 0.0000 0.0000
0.7586 0.3103 0.0000 0.0000 0.0000
0.7586 0.3448 0.0000 0.0000 0.0000
0.7586 0.3793 0.0000 0.0000 0.0000
0.7586 0.4138 0.0000 0.0000 0.0000
0.7586 0.4483 0.0000 0.0000 0.0000
0.7586 0.4828 0.0000 0.0000 0.0000
0.7586 0.5172 0.0000 0.0000 0.0000
0.7586 0.5517 0.0000 0.0000 0.0000
0.7586 0.5862 0.0000 0.0000 0.0000
0.7586 0.6207 0.0000 0.0000 0.0000
0.7586 0.6552 0.0000 0.0000 0.0000
0.7586 0.6897 0.0000 0.0000 0.0000
0.7586 0.7241 0.0000 0.0000 0.0000
0.7586 0.7586 0.0000 0.0000 0.0000
0.7586 0.7931 0.0000 0.0000 0.0000
0.7586 0.8276 0.0000 0.0000 0.0000
0.7586 0.8621 0.0000 0.0000 0.0000
0.7586 0.8966 0.0000 0.0000 0.0000
0.7586 0.9310 0.0000 0.0000 0.0000
0.7586 0.9655 0.0000 0.0000 0.0000
0.7586 1.0000 0.0000 0.0000 0.0000

0.7931 0.0000 0.000000 1.000000 2.297265
0.7931 0.0345 0.169733 0.985490 1.651188
0.7931 0.0690 0.505323 0.862930 1.109237
0.7931 0.1034 0.946329 0.323205 0.888470
0.7931 0.1379 0.946329 -0.323205 1.184627
0.7931 0.1724 0.799471 -0.600705 1.752795
0.7931 0.2069 0.0000 0.0000 0.0000
0.7931 0.2414 0.0000 0.0000 0.0000
0.7931 0.2759 0.0000 0.0000 0.0000
0.7931 0.3103 0.0000 0.0000 0.0000
0.7931 0.3448 0.0000 0.0000 0.0000
0.7931 0.3793 0.0000 0.0000 0.0000
0.7931 0.4138 0.0000 0.0000 0.0000
0.7931 0.4483 0.0000 0.0000 0.0000
0.7931 0.4828 0.0000 0.0000 0.0000
0.7931 0.5172 0.0000 0.0000 0.0000
0.7931 0.5517 0.0000 0.0000 0.0000
0.7931 0.5862 0.0000 0.0000 0.0000
0.7931 0.6207 0.0000 0.0000 0.0000
0.7931 0.6552 0.0000 0.0000 0.0000
0.7931 0.6897 0.0000 0.0000 0.0000
0.7931 0.7241 0.0000 0.0000 0.0000
0.7931 0.7586 0.0000 0.0000 0.0000
0.7931 0.7931 0.0000 0.0000 0.0000
0.7931 0.8276 0.0000 0.0000 0.0000
0.7931 0.8621 0.0000 0.0000 0.0000
0.7931 0.8966 0.0000 0.0000 0.0000
0.7931 0.9310 0.0000 0.0000 0.0000
0.7931 0.9655 0.0000 0.0000 0.0000
0.7931 1.0000 0.0000 0.0000 0.0000

0.8276 0.0000 0.000000 1.000000 1.997622
0.8276 0.0345 0.219937 0.975514 1.331046
0.8276 0.0690 0.698827 0.715290 0.837823
0.8276 0.1034 0.993595 -0.113000 0.883902
0.8276 0.1379 0.826014 -0.563649 1.417635
0.8276 0.1724 0.698827 -0.715290 2.094557
0.8276 0.2069 0.0000 0.0000 0.0000
0.8276 0.2414 0.0000 0.0000 0.0000
0.8276 0.2759 0.0000 0.0000 0.0000
0.8276 0.3103 0.0000 0.0000 0.0000
0.8276 0.3448 0.0000 0.0000 0.0000
0.8276 0.3793 0.0000 0.0000 0.0000
0.8276 0.4138 0.0000 0.0000 0.0000
0.8276 0.4483 0.0000 0.0000 0.0000
0.8276 0.4828 0.0000 0.0000 0.0000
0.8276 0.5172 0.0000 0.0000 0.0000
0.8276 0.5517 0.0000 0.0000 0.0000
0.8276 0.5862 0.0000 0.0000 0.0000
0.8276 0.6207 0.0000 0.0000 0.0000
0.8276 0.6552 0.0000 0.0000 0.0000
0.8276 0.6897 0.0000 0.0000 0.0000
0.8276 0.7241 0.0000 0.0000 0.0000
0.8276 0.7586 0.0000 0.0000 0.0000
0.8276 0.7931 0.0000 0.0000 0.0000
0.8276 0.8276 0.0000 0.0000 0.0000
0.8276 0.8621 0.0000 0.0000 0.0000
0.8276 0.8966 0.0000 0.0000 0.0000
0.8276 0.9310 0.0000 0.0000 0.0000
0.8276 0.9655 0.0000 0.0000 0.0000
0.8276 1.0000 0.0000 0.0000 0.0000

0.8621 0.0000 0.000000 1.000000 1.664685
0.8621 0.0345 0.309919 0.950763 0.984878
0.8621 0.0690 0.946523 0.322636 0.644954
0.8621 0.1034 0.869484 -0.493961 1.053148
0.8621 0.1379 0.699164 -0.714961 1.746268
0.8621 0.1724 0.0000 0.0000 0.0000
0.8621 0.2069 0.0000 0.0000 0.0000
0.8621 0.2414 0.0000 0.0000 0.0000
0.8621 0.2759 0.0000 0.0000 0.0000
0.8621 0.3103 0.0000 0.0000 0.0000
0.8621 0.3448 0.0000 0.0000 0.0000
0.8621 0.3793 0.0000 0.0000 0.0000
0.8621 0.4138 0.0000 0.0000 0.0000
0.8621 0.4483 0.0000 0.0000 0.0000
0.8621 0.4828 0.0000 0.0000 0.0000
0.8621 0.5172 0.0000 0.0000 0.0000
0.8621 0.5517 0.0000 0.0000 0.0000
0.8621 0.5862 0.0000 0.0000 0.0000
0.8621 0.6207 0.0000 0.0000 0.0000
0.8621 0.6552 0.0000 0.0000 0.0000
0.8621 0.6897 0.0000 0.0000 0.0000
0.8621 0.7241 0.0000 0.0000 0.0000
0.8621 0.7586 0.0000 0.0000 0.0000
0.8621 0.7931 0.0000 0.0000 0.0000
0.8621 0.8276 0.0000 0.0000 0.0000
0.8621 0.8621 0.0000 0.0000 0.0000
0.8621 0.8966 0.0000 0.0000 0.0000
0.8621 0.9310 0.0000 0.0000 0.0000
0.8621 0.9655 0.0000 0.0000 0.0000
0.8621 1.0000 0.0000 0.0000 0.0000

0.8966 0.0000 0.000000 1.000000 1.298454
0.8966 0.0345 0.506391 0.862304 0.627415
0.8966 0.0690 0.946609 -0.322385 0.671274
0.8966 0.1034 0.0000 0.0000 0.0000
0.8966 0.1379 0.0000 0.0000 0.0000
0.8966 0.1724 0.0000 0.0000 0.0000
0.8966 0.2069 0.0000 0.0000 0.0000
0.8966 0.2414 0.0000 0.0000 0.0000
0.8966 0.2759 0.0000 0.0000 0.0000
0.8966 0.3103 0.0000 0.0000 0.0000
0.8966 0.3448 0.0000 0.0000 0.0000
0.8966 0.3793 0.0000 0.0000 0.0000
0.8966 0.4138 0.0000 0.0000 0.0000
0.8966 0.4483 0.0000 0.0000 0.0000
0.8966 0.4828 0.0000 0.0000 0.0000
0.8966 0.5172 0.0000 0.0000 0.0000
0.8966 0.5517 0.0000 0.0000 0.0000
0.8966 0.5862 0.0000 0.0000 0.0000
0.8966 0.6207 0.0000 0.0000 0.0000
0.8966 0.6552 0.0000 0.0000 0.0000
0.8966 0.6897 0.0000 0.0000 0.0000
0.8966 0.7241 0.0000 0.0000 0.0000
0.8966 0.7586 0.0000 0.0000 0.0000
0.8966 0.7931 0.0000 0.0000 0.0000
0.8966 0.8276 0.0000 0.0000 0.0000
0.8966 0.8621 0.0000 0.0000 0.0000
0.8966 0.8966 0.0000 0.0000 0.0000
0.8966 0.9310 0.0000 0.0000 0.0000
0.8966 0.9655 0.0000 0.0000 0.0000
0.8966 1.0000 0.0000 0.0000 0.0000

0.9310 0.0000 0.000000 1.000000 0.898930
0.9310 0.0345 0.946688 0.322153 0.348797
0.9310 0.0690 0.699761 -0.714377 0.943756
0.9310 0.1034 0.0000 0.0000 0.0000
0.9310 0.1379 0.0000 0.0000 0.0000
0.9310 0.1724 0.0000 0.0000 0.0000
0.9310 0.2069 0.0000 0.0000 0.0000
0.9310 0.2414 0.0000 0.0000 0.0000
0.9310 0.2759 0.0000 0.0000 0.0000
0.9310 0.3103 0.0000 0.0000 0.0000
0.9310 0.3448 0.0000 0.0000 0.0000
0.9310 0.3793 0.0000 0.0000 0.0000
0.9310 0.4138 0.0000 0.0000 0.0000
0.9310 0.4483 0.0000 0.0000 0.0000
0.9310 0.4828 0.0000 0.0000 0.0000
0.9310 0.5172 0.0000 0.0000 0.0000
0.9310 0.5517 0.0000 0.0000 0.0000
0.9310 0.5862 0.0000 0.0000 0.0000
0.9310 0.6207 0.0000 0.0000 0.0000
0.9310 0.6552 0.0000 0.0000 0.0000
0.9310 0.6897 0.0000 0.0000 0.0000
0.9310 0.7241 0.0000 0.0000 0.0000
0.9310 0.7586 0.0000 0.0000 0.0000
0.9310 0.7931 0.0000 0.0000 0.0000
0.9310 0.8276 0.0000 0.0000 0.0000
0.9310 0.8621 0.0000 0.0000 0.0000
0.9310 0.8966 0.0000 0.0000 0.0000
0.9310 0.9310 0.0000 0.0000 0.0000
0.9310 0.9655 0.0000 0.0000 0.0000
0.9310 1.0000 0.0000 0.0000 0.0000

0.9655 0.0000 0.000000 1.000000 0.466112
0.9655 0.0345 0.0000 0.0000 0.0000
0.9655 0.0690 0.0000 0.0000 0.0000
0.9655 0.1034 0.0000 0.0000 0.0000
0.9655 0.1379 0.0000 0.0000 0.0000
0.9655 0.1724 0.0000 0.0000 0.0000
0.9655 0.2069 0.0000 0.0000 0.0000
0.9655 0.2414 0.0000 0.0000 0.0000
0.9655 0.2759 0.0000 0.0000 0.0000
0.9655 0.3103 0.0000 0.0000 0.0000
0.9655 0.3448 0.0000 0.0000 0.0000
0.9655 0.3793 0.0000 0.0000 0.0000
0.9655 0.4138 0.0000 0.0000 0.0000
0.9655 0.4483 0.0000 0.0000 0.0000
0.9655 0.4828 0.0000 0.0000 0.0000
0.9655 0.5172 0.0000 0.0000 0.0000
0.9655 0.5517 0.0000 0.0000 0.0000
0.9655 0.5862 0.0000 0.0000 0.0000
0.9655 0.6207 0.0000 0.0000 0.0000
0.9655 0.6552 0.0000 0.0000 0.0000
0.9655 0.6897 0.0000 0.0000 0.0000
0.9655 0.7241 0.0000 0.0000 0.0000
0.9655 0.7586 0.0000 0.0000 0.0000
0.9655 0.7931 0.0000 0.0000 0.0000
0.9655 0.8276 0.0000 0.0000 0.0000
0.9655 0.8621 0.0000 0.0000 0.0000
0.9655 0.8966 0.0000 0.0000 0.0000
0.9655 0.9310 0.0000 0.0000 0.0000
0.9655 0.9655 0.0000 0.0000 0.0000
0.9655 1.0000 0.0000 0.0000 0.0000

1.0000 0.0000 0.000000 0.000000 0.000000
1.0000 0.0345 0.0000 0.0000 0.0000
1.0000 0.0690 0.0000 0.0000 0.0000
1.0000 0.1034 0.0000 0.0000 0.0000
1.0000 0.1379 0.0000 0.0000 0.0000
1.0000 0.1724 0.0000 0.0000 0.0000
1.0000 0.2069 0.0000 0.0000 0.0000
1.0000 0.2414 0.0000 0.0000 0.0000
1.0000 0.2759 0.0000 0.0000 0.0000
1.0000 0.3103 0.0000 0.0000 0.0000
1.0000 0.3448 0.0000 0.0000 0.0000
1.0000 0.3793 0.0000 0.0000 0.0000
1.0000 0.4138 0.0000 0.0000 0.0000
1.0000 0.4483 0.0000 0.0000 0.0000
1.0000 0.4828 0.0000 0.0000 0.0000
1.0000 0.5172 0.0000 0.0000 0.0000
1.0000 0.5517 0.0000 0.0000 0.0000
1.0000 0.5862 0.0000 0.0000 0.0000
1.0000 0.6207 0.0000 0.0000 0.0000
1.0000 0.6552 0.0000 0.0000 0.0000
1.0000 0.6897 0.0000 0.0000 0.0000
1.0000 0.7241 0.0000 0.0000 0.0000
1.0000 0.7586 0.0000 0.0000 0.0000
1.0000 0.7931 0.0000 0.0000 0.0000
1.0000 0.8276 0.0000 0.0000 0.0000
1.0000 0.8621 0.0000 0.0000 0.0000
1.0000 0.8966 0.0000 0.0000 0.0000
1.0000 0.9310 0.0000 0.0000 0.0000
1.0000 0.9655 0.0000 0.0000 0.0000
1.0000 1.0000 0.0000 0.0000 0.0000

