0.0000 0.0000 0.000000 0.000000 0.000000
0.0000 0.0345 -1.000000 0.000000 0.006897
0.0000 0.0690 -1.000000 0.000000 0.013793
0.0000 0.1034 -1.000000 0.000000 0.020690
0.0000 0.1379 -1.000000 0.000000 0.027586
0.0000 0.1724 -1.000000 0.000000 0.034483
0.0000 0.2069 -1.000000 0.000000 0.041379
0.0000 0.2414 -1.000000 0.000000 0.048276
0.0000 0.2759 -1.000000 0.000000 0.055172
0.0000 0.3103 -1.000000 0.000000 0.062069
0.0000 0.3448 -1.000000 0.000000 0.068966
0.0000 0.3793 -1.000000 0.000000 0.075862
0.0000 0.4138 -1.000000 0.000000 0.082759
0.0000 0.4483 -1.000000 0.000000 0.089655
0.0000 0.4828 -1.000000 0.000000 0.096552
0.0000 0.5172 -1.000000 0.000000 0.103448
0.0000 0.5517 -1.000000 0.000000 0.110345
0.0000 0.5862 -1.000000 -0.000000 0.117241
0.0000 0.6207 -1.000000 -0.000000 0.124138
0.0000 0.6552 -1.000000 -0.000000 0.131034
0.0000 0.6897 -1.000000 -0.000000 0.137931
0.0000 0.7241 -1.000000 -0.000000 0.144828
0.0000 0.7586 -1.000000 -0.000000 0.151724
0.0000 0.7931 -1.000000 -0.000000 0.158621
0.0000 0.8276 -1.000000 -0.000000 0.165517
0.0000 0.8621 -1.000000 -0.000000 0.172414
0.0000 0.8966 -1.000000 -0.000000 0.179310
0.0000 0.9310 -1.000000 -0.000000 0.186207
0.0000 0.9655 -1.000000 -0.000000 0.193103
0.0000 1.0000 -1.000000 -0.000000 0.200000

0.0345 0.0000 0.000000 1.000000 0.399524
0.0345 0.0345 0.010158 0.999948 0.374573
0.0345 0.0690 0.021764 0.999763 0.349667
0.0345 0.1034 0.035143 0.999382 0.324814
0.0345 0.1379 0.050728 0.998712 0.300030
0.0345 0.1724 0.069099 0.997610 0.275331
0.0345 0.2069 0.091049 0.995846 0.250744
0.0345 0.2414 0.117695 0.993050 0.226305
0.0345 0.2759 0.150642 0.988588 0.202068
0.0345 0.3103 0.192263 0.981343 0.178115
0.0345 0.3448 0.246154 0.969231 0.154578
0.0345 0.3793 0.317853 0.948140 0.131680
0.0345 0.4138 0.415760 0.909474 0.109823
0.0345 0.4483 0.551027 0.834488 0.089769
0.0345 0.4828 0.729537 0.683941 0.073019
0.0345 0.5172 0.916157 0.400819 0.062298
0.0345 0.5517 1.000000 0.000000 0.060880
0.0345 0.5862 0.932903 -0.360128 0.069337
0.0345 0.6207 0.808008 -0.589172 0.084764
0.0345 0.6552 0.694431 -0.719559 0.104107
0.0345 0.6897 0.606043 -0.795432 0.125568
0.0345 0.7241 0.539054 -0.842271 0.148232
0.0345 0.7586 0.487759 -0.872978 0.171621
0.0345 0.7931 0.447700 -0.894184 0.195477
0.0345 0.8276 0.415760 -0.909474 0.219646
0.0345 0.8621 0.389799 -0.920900 0.244036
0.0345 0.8966 0.368336 -0.929693 0.268586
0.0345 0.9310 0.350324 -0.936629 0.293257
0.0345 0.9655 0.335010 -0.942215 0.318020
0.0345 1.0000 0.0000 0.0000 0.0000

0.0690 0.0000 0.000000 1.000000 0.770511
0.0690 0.0345 0.020128 0.999797 0.720717
0.0690 0.0690 0.043222 0.999065 0.671258
0.0690 0.1034 0.069943 0.997551 0.622213
0.0690 0.1379 0.101145 0.994872 0.573691
0.0690 0.1724 0.137938 0.990441 0.525835
0.0690 0.2069 0.181769 0.983341 0.478845
0.0690 0.2414 0.234515 0.972112 0.433003
0.0690 0.2759 0.298554 0.954393 0.388715
0.0690 0.3103 0.376708 0.926332 0.346578
0.0690 0.3448 0.471792 0.881710 0.307477
0.0690 0.3793 0.585108 0.810955 0.272722
0.0690 0.4138 0.712926 0.701239 0.244175
0.0690 0.4483 0.841075 0.540918 0.224219
0.0690 0.4828 0.943479 0.331433 0.215258
0.0690 0.5172 0.995197 0.097888 0.218648
0.0690 0.5517 0.992526 -0.122032 0.233852
0.0690 0.5862 0.952914 -0.303242 0.258797
0.0690 0.6207 0.897350 -0.441320 0.290988
0.0690 0.6552 0.839551 -0.543281 0.328300
0.0690 0.6897 0.785871 -0.618390 0.369184
0.0690 0.7241 0.738373 -0.674392 0.412579
0.0690 0.7586 0.697167 -0.716908 0.457772
0.0690 0.7931 0.661637 -0.749824 0.504280
0.0690 0.8276 0.630982 -0.775797 0.551770
0.0690 0.8621 0.604430 -0.796658 0.600009
0.0690 0.8966 0.581308 -0.813684 0.648830
0.0690 0.9310 0.561052 -0.827781 0.698112
0.0690 0.9655 0.0000 0.0000 0.0000
0.0690 1.0000 0.0000 0.0000 0.0000

0.1034 0.0000 0.000000 1.000000 1.112961
0.1034 0.0345 0.024277 0.999705 1.038356
0.1034 0.0690 0.052274 0.998633 0.964458
0.1034 0.1034 0.084834 0.996395 0.891442
0.1034 0.1379 0.123035 0.992402 0.819544
0.1034 0.1724 0.168259 0.985743 0.749087
0.1034 0.2069 0.222255 0.974988 0.680517
0.1034 0.2414 0.287170 0.957880 0.614467
0.1034 0.2759 0.365439 0.930835 0.551842
0.1034 0.3103 0.459305 0.888279 0.493948
0.1034 0.3448 0.569489 0.821999 0.442644
0.1034 0.3793 0.692408 0.721506 0.400470
0.1034 0.4138 0.816327 0.577590 0.370559
0.1034 0.4483 0.920487 0.390773 0.356013
0.1034 0.4828 0.983849 0.179002 0.358707
0.1034 0.5172 0.999600 -0.028291 0.378273
0.1034 0.5517 0.978206 -0.207638 0.412316
0.1034 0.5862 0.936457 -0.350782 0.457616
0.1034 0.6207 0.887628 -0.460562 0.511189
0.1034 0.6552 0.839223 -0.543787 0.570711
0.1034 0.6897 0.794571 -0.607172 0.634508
0.1034 0.7241 0.754715 -0.656053 0.701417
0.1034 0.7586 0.719646 -0.694341 0.770626
0.1034 0.7931 0.688935 -0.724823 0.841568
0.1034 0.8276 0.662035 -0.749473 0.913840
0.1034 0.8621 0.638406 -0.769700 0.987150
0.1034 0.8966 0.617564 -0.786520 1.061283
0.1034 0.9310 0.0000 0.0000 0.0000
0.1034 0.9655 0.0000 0.0000 0.0000
0.1034 1.0000 0.0000 0.0000 0.0000

0.1379 0.0000 0.000000 1.000000 1.426873
0.1379 0.0345 0.027051 0.999634 1.327478
0.1379 0.0690 0.058427 0.998292 1.229211
0.1379 0.1034 0.095136 0.995464 1.132366
0.1379 0.1379 0.138468 0.990367 1.037341
0.1379 0.1724 0.190061 0.981772 0.944687
0.1379 0.2069 0.251946 0.967741 0.855173
0.1379 0.2414 0.326495 0.945199 0.769896
0.1379 0.2759 0.416085 0.909326 0.690428
0.1379 0.3103 0.522103 0.852883 0.619010
0.1379 0.3448 0.642693 0.766124 0.558737
0.1379 0.3793 0.769169 0.639045 0.513549
0.1379 0.4138 0.883646 0.468157 0.487657
0.1379 0.4483 0.964183 0.265236 0.484166
0.1379 0.4828 0.998393 0.056673 0.503544
0.1379 0.5172 0.991342 -0.131304 0.543349
0.1379 0.5517 0.958349 -0.285601 0.599525
0.1379 0.5862 0.913929 -0.405874 0.667955
0.1379 0.6207 0.867299 -0.497788 0.745272
0.1379 0.6552 0.823028 -0.568001 0.828991
0.1379 0.6897 0.782888 -0.622163 0.917363
0.1379 0.7241 0.747253 -0.664539 1.009166
0.1379 0.7586 0.715887 -0.698216 1.103543
0.1379 0.7931 0.688333 -0.725395 1.199887
0.1379 0.8276 0.664091 -0.747652 1.297761
0.1379 0.8621 0.642693 -0.766124 1.396843
0.1379 0.8966 0.0000 0.0000 0.0000
0.1379 0.9310 0.0000 0.0000 0.0000
0.1379 0.9655 0.0000 0.0000 0.0000
0.1379 1.0000 0.0000 0.0000 0.0000

0.1724 0.0000 0.000000 1.000000 1.712247
0.1724 0.0345 0.029351 0.999569 1.588080
0.1724 0.0690 0.063611 0.997975 1.465513
0.1724 0.1034 0.103967 0.994581 1.344982
0.1724 0.1379 0.151941 0.988390 1.227089
0.1724 0.1724 0.209456 0.977818 1.112672
0.1724 0.2069 0.278853 0.960334 1.002921
0.1724 0.2414 0.362714 0.931900 0.899547
0.1724 0.2759 0.463212 0.886247 0.805008
0.1724 0.3103 0.580398 0.814333 0.722782
0.1724 0.3448 0.708913 0.705296 0.657502
0.1724 0.3793 0.834246 0.551392 0.614594
0.1724 0.4138 0.933958 0.357382 0.598886
0.1724 0.4483 0.989343 0.145606 0.612473
0.1724 0.4828 0.998509 -0.054583 0.653531
0.1724 0.5172 0.974642 -0.223770 0.717358
0.1724 0.5517 0.933958 -0.357382 0.798514
0.1724 0.5862 0.888049 -0.459749 0.892282
0.1724 0.6207 0.843130 -0.537710 0.995103
0.1724 0.6552 0.801857 -0.597517 1.104452
0.1724 0.6897 0.765012 -0.644016 1.218573
0.1724 0.7241 0.732527 -0.680738 1.336244
0.1724 0.7586 0.703998 -0.710202 1.456604
0.1724 0.7931 0.678930 -0.734203 1.579038
0.1724 0.8276 0.656842 -0.754028 1.703100
0.1724 0.8621 0.0000 0.0000 0.0000
0.1724 0.8966 0.0000 0.0000 0.0000
0.1724 0.9310 0.0000 0.0000 0.0000
0.1724 0.9655 0.0000 0.0000 0.0000
0.1724 1.0000 0.0000 0.0000 0.0000

0.2069 0.0000 0.000000 1.000000 1.969084
0.2069 0.0345 0.031488 0.999504 1.820165
0.2069 0.0690 0.068500 0.997651 1.673372
0.2069 0.1034 0.112428 0.993660 1.529316
0.2069 0.1379 0.165065 0.986283 1.388849
0.2069 0.1724 0.228669 0.973504 1.253180
0.2069 0.2069 0.305927 0.952055 1.124047
0.2069 0.2414 0.399601 0.916689 1.003975
0.2069 0.2759 0.511372 0.859359 0.896611
0.2069 0.3103 0.639140 0.769090 0.807044
0.2069 0.3448 0.772670 0.634808 0.741749
0.2069 0.3793 0.891109 0.453790 0.707478
0.2069 0.4138 0.970379 0.241588 0.708747
0.2069 0.4483 0.999588 0.028715 0.745373
0.2069 0.4828 0.987433 -0.158036 0.812590
0.2069 0.5172 0.951411 -0.307925 0.903596
0.2069 0.5517 0.906135 -0.422988 1.011994
0.2069 0.5862 0.860094 -0.510136 1.132803
0.2069 0.6207 0.817156 -0.576417 1.262463
0.2069 0.6552 0.778641 -0.627470 1.398516
0.2069 0.6897 0.744675 -0.667427 1.539267
0.2069 0.7241 0.714903 -0.699224 1.683539
0.2069 0.7586 0.688818 -0.724935 1.830499
0.2069 0.7931 0.665906 -0.746036 1.979548
0.2069 0.8276 0.0000 0.0000 0.0000
0.2069 0.8621 0.0000 0.0000 0.0000
0.2069 0.8966 0.0000 0.0000 0.0000
0.2069 0.9310 0.0000 0.0000 0.0000
0.2069 0.9655 0.0000 0.0000 0.0000
0.2069 1.0000 0.0000 0.0000 0.0000

0.2414 0.0000 0.000000 1.000000 2.197384
0.2414 0.0345 0.033608 0.999435 2.023735
0.2414 0.0690 0.073418 0.997301 1.852801
0.2414 0.1034 0.121065 0.992645 1.685405
0.2414 0.1379 0.178666 0.983910 1.522717
0.2414 0.1724 0.248878 0.968535 1.366419
0.2414 0.2069 0.334779 0.942297 1.218971
0.2414 0.2414 0.439210 0.898384 1.083991
0.2414 0.2759 0.562848 0.826560 0.966716
0.2414 0.3103 0.700137 0.714009 0.874298
0.2414 0.3448 0.834287 0.551330 0.815238
0.2414 0.3793 0.938735 0.344640 0.796984
0.2414 0.4138 0.992595 0.121471 0.822260
0.2414 0.4483 0.996430 -0.084421 0.887353
0.2414 0.4828 0.967293 -0.253661 0.984396
0.2414 0.5172 0.923268 -0.384157 1.105003
0.2414 0.5517 0.875957 -0.482389 1.242331
0.2414 0.5862 0.830971 -0.556316 1.391436
0.2414 0.6207 0.790393 -0.612600 1.548922
0.2414 0.6552 0.754620 -0.656162 1.712478
0.2414 0.6897 0.723356 -0.690476 1.880521
0.2414 0.7241 0.696070 -0.717974 2.051949
0.2414 0.7586 0.672205 -0.740365 2.225980
0.2414 0.7931 0.0000 0.0000 0.0000
0.2414 0.8276 0.0000 0.0000 0.0000
0.2414 0.8621 0.0000 0.0000 0.0000
0.2414 0.8966 0.0000 0.0000 0.0000
0.2414 0.9310 0.0000 0.0000 0.0000
0.2414 0.9655 0.0000 0.0000 0.0000
0.2414 1.0000 0.0000 0.0000 0.0000

0.2759 0.0000 0.000000 1.000000 2.397146
0.2759 0.0345 0.035800 0.999359 2.198794
0.2759 0.0690 0.078566 0.996909 2.003816
0.2759 0.1034 0.130231 0.991484 1.813302
0.2759 0.1379 0.193308 0.981138 1.628820
0.2759 0.1724 0.270935 0.962598 1.452669
0.2759 0.2069 0.366612 0.930374 1.288270
0.2759 0.2414 0.483039 0.875599 1.140717
0.2759 0.2759 0.618977 0.785409 1.017366
0.2759 0.3103 0.763474 0.645839 0.927920
0.2759 0.3448 0.891717 0.452593 0.882744
0.2759 0.3793 0.974405 0.224801 0.888618
0.2759 0.4138 1.000000 0.000000 0.944590
0.2759 0.4483 0.981474 -0.191596 1.042621
0.2759 0.4828 0.940125 -0.340831 1.172208
0.2759 0.5172 0.891717 -0.452593 1.324117
0.2759 0.5517 0.844396 -0.535720 1.491543
0.2759 0.5862 0.801382 -0.598153 1.669826
0.2759 0.6207 0.763474 -0.645839 1.855839
0.2759 0.6552 0.730460 -0.682955 2.047477
0.2759 0.6897 0.701786 -0.712387 2.243298
0.2759 0.7241 0.676835 -0.736135 2.442297
0.2759 0.7586 0.0000 0.0000 0.0000
0.2759 0.7931 0.0000 0.0000 0.0000
0.2759 0.8276 0.0000 0.0000 0.0000
0.2759 0.8621 0.0000 0.0000 0.0000
0.2759 0.8966 0.0000 0.0000 0.0000
0.2759 0.9310 0.0000 0.0000 0.0000
0.2759 0.9655 0.0000 0.0000 0.0000
0.2759 1.0000 0.0000 0.0000 0.0000

0.3103 0.0000 0.000000 1.000000 2.568371
0.3103 0.0345 0.038125 0.999273 2.345344
0.3103 0.0690 0.084101 0.996457 2.126440
0.3103 0.1034 0.140220 0.990120 1.913074
0.3103 0.1379 0.209491 0.977811 1.707326
0.3103 0.1724 0.295632 0.955302 1.512306
0.3103 0.2069 0.402559 0.915394 1.332734
0.3103 0.2414 0.532379 0.846506 1.175707
0.3103 0.2759 0.680382 0.732858 1.051379
0.3103 0.3103 0.827622 0.561286 0.972372
0.3103 0.3448 0.941174 0.337922 0.950062
0.3103 0.3793 0.995240 0.097455 0.988295
0.3103 0.4138 0.992914 -0.118833 1.080666
0.3103 0.4483 0.956818 -0.290686 1.214887
0.3103 0.4828 0.907929 -0.419124 1.378789
0.3103 0.5172 0.858096 -0.513489 1.563065
0.3103 0.5517 0.812271 -0.583280 1.761330
0.3103 0.5862 0.771871 -0.635779 1.969364
0.3103 0.6207 0.736829 -0.676080 2.184378
0.3103 0.6552 0.706563 -0.707651 2.404500
0.3103 0.6897 0.680382 -0.732858 2.628447
0.3103 0.7241 0.0000 0.0000 0.0000
0.3103 0.7586 0.0000 0.0000 0.0000
0.3103 0.7931 0.0000 0.0000 0.0000
0.3103 0.8276 0.0000 0.0000 0.0000
0.3103 0.8621 0.0000 0.0000 0.0000
0.3103 0.8966 0.0000 0.0000 0.0000
0.3103 0.9310 0.0000 0.0000 0.0000
0.3103 0.9655 0.0000 0.0000 0.0000
0.3103 1.0000 0.0000 0.0000 0.0000

0.3448 0.0000 0.000000 1.000000 2.711058
0.3448 0.0345 0.040643 0.999174 2.463391
0.3448 0.0690 0.090169 0.995926 2.220699
0.3448 0.1034 0.151328 0.988484 1.984808
0.3448 0.1379 0.227743 0.973721 1.758457
0.3448 0.1724 0.323833 0.946114 1.545843
0.3448 0.2069 0.443837 0.896108 1.353456
0.3448 0.2414 0.588373 0.808589 1.191135
0.3448 0.2759 0.746724 0.665134 1.072620
0.3448 0.3103 0.889157 0.457603 1.013398
0.3448 0.3448 0.977904 0.209053 1.023811
0.3448 0.3793 0.999476 -0.032373 1.101886
0.3448 0.4138 0.972930 -0.231100 1.234854
0.3448 0.4483 0.924891 -0.380231 1.407242
0.3448 0.4828 0.872546 -0.488531 1.606407
0.3448 0.5172 0.823528 -0.567276 1.823598
0.3448 0.5517 0.780236 -0.625486 2.053101
0.3448 0.5862 0.742845 -0.669463 2.291220
0.3448 0.6207 0.710755 -0.703439 2.535529
0.3448 0.6552 0.683185 -0.730245 2.784398
0.3448 0.6897 0.0000 0.0000 0.0000
0.3448 0.7241 0.0000 0.0000 0.0000
0.3448 0.7586 0.0000 0.0000 0.0000
0.3448 0.7931 0.0000 0.0000 0.0000
0.3448 0.8276 0.0000 0.0000 0.0000
0.3448 0.8621 0.0000 0.0000 0.0000
0.3448 0.8966 0.0000 0.0000 0.0000
0.3448 0.9310 0.0000 0.0000 0.0000
0.3448 0.9655 0.0000 0.0000 0.0000
0.3448 1.0000 0.0000 0.0000 0.0000

0.3793 0.0000 0.000000 1.000000 2.825208
0.3793 0.0345 0.043409 0.999057 2.552942
0.3793 0.0690 0.096929 0.995291 2.286629
0.3793 0.1034 0.163886 0.986479 2.028617
0.3793 0.1379 0.248683 0.968585 1.782514
0.3793 0.1724 0.356568 0.934269 1.553988
0.3793 0.2069 0.491814 0.870700 1.351981
0.3793 0.2414 0.651844 0.758353 1.190075
0.3793 0.2759 0.816093 0.577920 1.086351
0.3793 0.3103 0.942654 0.333772 1.058060
0.3793 0.3448 0.997502 0.070639 1.110980
0.3793 0.3793 0.987295 -0.158899 1.234712
0.3793 0.4138 0.942654 -0.333772 1.410747
0.3793 0.4483 0.888125 -0.459602 1.622144
0.3793 0.4828 0.835541 -0.549428 1.856865
0.3793 0.5172 0.788896 -0.614526 2.107130
0.3793 0.5517 0.748782 -0.662817 2.368016
0.3793 0.5862 0.714599 -0.699535 2.636372
0.3793 0.6207 0.685456 -0.728114 2.910131
0.3793 0.6552 0.0000 0.0000 0.0000
0.3793 0.6897 0.0000 0.0000 0.0000
0.3793 0.7241 0.0000 0.0000 0.0000
0.3793 0.7586 0.0000 0.0000 0.0000
0.3793 0.7931 0.0000 0.0000 0.0000
0.3793 0.8276 0.0000 0.0000 0.0000
0.3793 0.8621 0.0000 0.0000 0.0000
0.3793 0.8966 0.0000 0.0000 0.0000
0.3793 0.9310 0.0000 0.0000 0.0000
0.3793 0.9655 0.0000 0.0000 0.0000
0.3793 1.0000 0.0000 0.0000 0.0000

0.4138 0.0000 0.000000 1.000000 2.910821
0.4138 0.0345 0.046489 0.998919 2.614004
0.4138 0.0690 0.104568 0.994518 2.324276
0.4138 0.1034 0.178302 0.983976 2.044655
0.4138 0.1379 0.273097 0.961986 1.779908
0.4138 0.1724 0.395132 0.918624 1.537739
0.4138 0.2069 0.548000 0.836478 1.330532
0.4138 0.2414 0.722791 0.691067 1.176902
0.4138 0.2759 0.884166 0.467172 1.099540
0.4138 0.3103 0.981385 0.192052 1.114444
0.4138 0.3448 0.997528 -0.070276 1.218232
0.4138 0.3793 0.960889 -0.276933 1.391151
0.4138 0.4138 0.905140 -0.425114 1.611093
0.4138 0.4483 0.848679 -0.528908 1.861464
0.4138 0.4828 0.798149 -0.602461 2.131568
0.4138 0.5172 0.754860 -0.655886 2.414793
0.4138 0.5517 0.718262 -0.695773 2.707023
0.4138 0.5862 0.687334 -0.726341 3.005633
0.4138 0.6207 0.0000 0.0000 0.0000
0.4138 0.6552 0.0000 0.0000 0.0000
0.4138 0.6897 0.0000 0.0000 0.0000
0.4138 0.7241 0.0000 0.0000 0.0000
0.4138 0.7586 0.0000 0.0000 0.0000
0.4138 0.7931 0.0000 0.0000 0.0000
0.4138 0.8276 0.0000 0.0000 0.0000
0.4138 0.8621 0.0000 0.0000 0.0000
0.4138 0.8966 0.0000 0.0000 0.0000
0.4138 0.9310 0.0000 0.0000 0.0000
0.4138 0.9655 0.0000 0.0000 0.0000
0.4138 1.0000 0.0000 0.0000 0.0000

0.4483 0.0000 0.000000 1.000000 2.967895
0.4483 0.0345 0.049960 0.998751 2.646587
0.4483 0.0690 0.113317 0.993559 2.333700
0.4483 0.1034 0.195104 0.980783 2.033126
0.4483 0.1379 0.302015 0.953303 1.751218
0.4483 0.1724 0.441173 0.897422 1.498545
0.4483 0.2069 0.613864 0.789412 1.292373
0.4483 0.2414 0.799408 0.600788 1.157813
0.4483 0.2759 0.943646 0.330955 1.120958
0.4483 0.3103 0.999242 0.038939 1.190915
0.4483 0.3448 0.978568 -0.205922 1.351194
0.4483 0.3793 0.923790 -0.382899 1.574447
0.4483 0.4138 0.863328 -0.504643 1.837868
0.4483 0.4483 0.808296 -0.588777 2.126581
0.4483 0.4828 0.761283 -0.648420 2.431593
0.4483 0.5172 0.721880 -0.692018 2.747483
0.4483 0.5517 0.688912 -0.724845 3.070894
0.4483 0.5862 0.0000 0.0000 0.0000
0.4483 0.6207 0.0000 0.0000 0.0000
0.4483 0.6552 0.0000 0.0000 0.0000
0.4483 0.6897 0.0000 0.0000 0.0000
0.4483 0.7241 0.0000 0.0000 0.0000
0.4483 0.7586 0.0000 0.0000 0.0000
0.4483 0.7931 0.0000 0.0000 0.0000
0.4483 0.8276 0.0000 0.0000 0.0000
0.4483 0.8621 0.0000 0.0000 0.0000
0.4483 0.8966 0.0000 0.0000 0.0000
0.4483 0.9310 0.0000 0.0000 0.0000
0.4483 0.9655 0.0000 0.0000 0.0000
0.4483 1.0000 0.0000 0.0000 0.0000

0.4828 0.0000 0.000000 1.000000 2.996433
0.4828 0.0345 0.053920 0.998545 2.650705
0.4828 0.0690 0.123478 0.992347 2.314981
0.4828 0.1034 0.214998 0.976614 1.994320
0.4828 0.1379 0.336833 0.941564 1.697279
0.4828 0.1724 0.496762 0.867887 1.438567
0.4828 0.2069 0.690257 0.723564 1.242364
0.4828 0.2414 0.876554 0.481303 1.141373
0.4828 0.2759 0.985079 0.172102 1.160720
0.4828 0.3103 0.993285 -0.115690 1.295022
0.4828 0.3448 0.944030 -0.329861 1.513989
0.4828 0.3793 0.879902 -0.475155 1.786763
0.4828 0.4138 0.819680 -0.572821 2.092403
0.4828 0.4483 0.768262 -0.640136 2.418481
0.4828 0.4828 0.725572 -0.688146 2.757758
0.4828 0.5172 0.0000 0.0000 0.0000
0.4828 0.5517 0.0000 0.0000 0.0000
0.4828 0.5862 0.0000 0.0000 0.0000
0.4828 0.6207 0.0000 0.0000 0.0000
0.4828 0.6552 0.0000 0.0000 0.0000
0.4828 0.6897 0.0000 0.0000 0.0000
0.4828 0.7241 0.0000 0.0000 0.0000
0.4828 0.7586 0.0000 0.0000 0.0000
0.4828 0.7931 0.0000 0.0000 0.0000
0.4828 0.8276 0.0000 0.0000 0.0000
0.4828 0.8621 0.0000 0.0000 0.0000
0.4828 0.8966 0.0000 0.0000 0.0000
0.4828 0.9310 0.0000 0.0000 0.0000
0.4828 0.9655 0.0000 0.0000 0.0000
0.4828 1.0000 0.0000 0.0000 0.0000

0.5172 0.0000 0.000000 1.000000 2.996433
0.5172 0.0345 0.058494 0.998288 2.626376
0.5172 0.0690 0.135459 0.990783 2.268231
0.5172 0.1034 0.238965 0.971028 1.928647
0.5172 0.1379 0.379479 0.925200 1.619343
0.5172 0.1724 0.564339 0.825543 1.361119
0.5172 0.2069 0.776041 0.630683 1.187773
0.5172 0.2414 0.944359 0.328917 1.138748
0.5172 0.2759 1.000000 0.000000 1.229013
0.5172 0.3103 0.965211 -0.261473 1.432475
0.5172 0.3448 0.898835 -0.438287 1.709175
0.5172 0.3793 0.832717 -0.553699 2.029373
0.5172 0.4138 0.776041 -0.630683 2.375546
0.5172 0.4483 0.729456 -0.684028 2.737857
0.5172 0.4828 0.0000 0.0000 0.0000
0.5172 0.5172 0.0000 0.0000 0.0000
0.5172 0.5517 0.0000 0.0000 0.0000
0.5172 0.5862 0.0000 0.0000 0.0000
0.5172 0.6207 0.0000 0.0000 0.0000
0.5172 0.6552 0.0000 0.0000 0.0000
0.5172 0.6897 0.0000 0.0000 0.0000
0.5172 0.7241 0.0000 0.0000 0.0000
0.5172 0.7586 0.0000 0.0000 0.0000
0.5172 0.7931 0.0000 0.0000 0.0000
0.5172 0.8276 0.0000 0.0000 0.0000
0.5172 0.8621 0.0000 0.0000 0.0000
0.5172 0.8966 0.0000 0.0000 0.0000
0.5172 0.9310 0.0000 0.0000 0.0000
0.5172 0.9655 0.0000 0.0000 0.0000
0.5172 1.0000 0.0000 0.0000 0.0000

0.5517 0.0000 0.000000 1.000000 2.967895
0.5517 0.0345 0.063851 0.997959 2.573623
0.5517 0.0690 0.149825 0.988713 2.193607
0.5517 0.1034 0.268405 0.963306 1.836719
0.5517 0.1379 0.432629 0.901572 1.519344
0.5517 0.1724 0.646236 0.763138 1.271426
0.5517 0.2069 0.865455 0.500987 1.139250
0.5517 0.2414 0.989102 0.147230 1.162971
0.5517 0.2759 0.985254 -0.171100 1.334302
0.5517 0.3103 0.920495 -0.390755 1.606694
0.5517 0.3448 0.847929 -0.530109 1.937994
0.5517 0.3793 0.784922 -0.619594 2.302916
0.5517 0.4138 0.733663 -0.679514 2.687800
0.5517 0.4483 0.692428 -0.721487 3.085184
0.5517 0.4828 0.0000 0.0000 0.0000
0.5517 0.5172 0.0000 0.0000 0.0000
0.5517 0.5517 0.0000 0.0000 0.0000
0.5517 0.5862 0.0000 0.0000 0.0000
0.5517 0.6207 0.0000 0.0000 0.0000
0.5517 0.6552 0.0000 0.0000 0.0000
0.5517 0.6897 0.0000 0.0000 0.0000
0.5517 0.7241 0.0000 0.0000 0.0000
0.5517 0.7586 0.0000 0.0000 0.0000
0.5517 0.7931 0.0000 0.0000 0.0000
0.5517 0.8276 0.0000 0.0000 0.0000
0.5517 0.8621 0.0000 0.0000 0.0000
0.5517 0.8966 0.0000 0.0000 0.0000
0.5517 0.9310 0.0000 0.0000 0.0000
0.5517 0.9655 0.0000 0.0000 0.0000
0.5517 1.0000 0.0000 0.0000 0.0000

0.5862 0.0000 0.000000 1.000000 2.910821
0.5862 0.0345 0.070223 0.997531 2.492479
0.5862 0.0690 0.167386 0.985892 2.091337
0.5862 0.1034 0.305378 0.952231 1.719474
0.5862 0.1379 0.499938 0.866061 1.400411
0.5862 0.1724 0.742993 0.669299 1.177869
0.5862 0.2069 0.944894 0.327375 1.111424
0.5862 0.2414 0.998777 -0.049435 1.226708
0.5862 0.2759 0.944894 -0.327375 1.481899
0.5862 0.3103 0.865990 -0.500062 1.819037
0.5862 0.3448 0.795308 -0.606206 2.200780
0.5862 0.3793 0.738349 -0.674419 2.607610
0.5862 0.4138 0.693316 -0.720634 3.029438
0.5862 0.4483 0.0000 0.0000 0.0000
0.5862 0.4828 0.0000 0.0000 0.0000
0.5862 0.5172 0.0000 0.0000 0.0000
0.5862 0.5517 0.0000 0.0000 0.0000
0.5862 0.5862 0.0000 0.0000 0.0000
0.5862 0.6207 0.0000 0.0000 0.0000
0.5862 0.6552 0.0000 0.0000 0.0000
0.5862 0.6897 0.0000 0.0000 0.0000
0.5862 0.7241 0.0000 0.0000 0.0000
0.5862 0.7586 0.0000 0.0000 0.0000
0.5862 0.7931 0.0000 0.0000 0.0000
0.5862 0.8276 0.0000 0.0000 0.0000
0.5862 0.8621 0.0000 0.0000 0.0000
0.5862 0.8966 0.0000 0.0000 0.0000
0.5862 0.9310 0.0000 0.0000 0.0000
0.5862 0.9655 0.0000 0.0000 0.0000
0.5862 1.0000 0.0000 0.0000 0.0000

0.6207 0.0000 0.000000 1.000000 2.825208
0.6207 0.0345 0.077940 0.996958 2.382992
0.6207 0.0690 0.189351 0.981909 1.961768
0.6207 0.1034 0.353005 0.935621 1.578430
0.6207 0.1379 0.585984 0.810323 1.267826
0.6207 0.1724 0.849035 0.528337 1.093779
0.6207 0.2069 0.993426 0.114479 1.121763
0.6207 0.2414 0.970838 -0.239735 1.339171
0.6207 0.2759 0.887737 -0.460350 1.673750
0.6207 0.3103 0.807751 -0.589524 2.069427
0.6207 0.3448 0.743720 -0.668491 2.497328
0.6207 0.3793 0.694103 -0.719876 2.943432
0.6207 0.4138 0.0000 0.0000 0.0000
0.6207 0.4483 0.0000 0.0000 0.0000
0.6207 0.4828 0.0000 0.0000 0.0000
0.6207 0.5172 0.0000 0.0000 0.0000
0.6207 0.5517 0.0000 0.0000 0.0000
0.6207 0.5862 0.0000 0.0000 0.0000
0.6207 0.6207 0.0000 0.0000 0.0000
0.6207 0.6552 0.0000 0.0000 0.0000
0.6207 0.6897 0.0000 0.0000 0.0000
0.6207 0.7241 0.0000 0.0000 0.0000
0.6207 0.7586 0.0000 0.0000 0.0000
0.6207 0.7931 0.0000 0.0000 0.0000
0.6207 0.8276 0.0000 0.0000 0.0000
0.6207 0.8621 0.0000 0.0000 0.0000
0.6207 0.8966 0.0000 0.0000 0.0000
0.6207 0.9310 0.0000 0.0000 0.0000
0.6207 0.9655 0.0000 0.0000 0.0000
0.6207 1.0000 0.0000 0.0000 0.0000

0.6552 0.0000 0.000000 1.000000 2.711058
0.6552 0.0345 0.087489 0.996165 2.245233
0.6552 0.0690 0.217600 0.976038 1.805450
0.6552 0.1034 0.416117 0.909311 1.416185
0.6552 0.1379 0.694805 0.719199 1.130867
0.6552 0.1724 0.945312 0.326167 1.038984
0.6552 0.2069 0.993451 -0.114259 1.186366
0.6552 0.2414 0.914092 -0.405508 1.504258
0.6552 0.2759 0.823052 -0.567966 1.909311
0.6552 0.3103 0.750059 -0.661371 2.357010
0.6552 0.3448 0.694805 -0.719199 2.827166
0.6552 0.3793 0.0000 0.0000 0.0000
0.6552 0.4138 0.0000 0.0000 0.0000
0.6552 0.4483 0.0000 0.0000 0.0000
0.6552 0.4828 0.0000 0.0000 0.0000
0.6552 0.5172 0.0000 0.0000 0.0000
0.6552 0.5517 0.0000 0.0000 0.0000
0.6552 0.5862 0.0000 0.0000 0.0000
0.6552 0.6207 0.0000 0.0000 0.0000
0.6552 0.6552 0.0000 0.0000 0.0000
0.6552 0.6897 0.0000 0.0000 0.0000
0.6552 0.7241 0.0000 0.0000 0.0000
0.6552 0.7586 0.0000 0.0000 0.0000
0.6552 0.7931 0.0000 0.0000 0.0000
0.6552 0.8276 0.0000 0.0000 0.0000
0.6552 0.8621 0.0000 0.0000 0.0000
0.6552 0.8966 0.0000 0.0000 0.0000
0.6552 0.9310 0.0000 0.0000 0.0000
0.6552 0.9655 0.0000 0.0000 0.0000
0.6552 1.0000 0.0000 0.0000 0.0000

0.6897 0.0000 0.000000 1.000000 2.568371
0.6897 0.0345 0.099617 0.995026 2.079308
0.6897 0.0690 0.255200 0.966888 1.623311
0.6897 0.1034 0.502149 0.864781 1.237486
0.6897 0.1379 0.823517 0.567291 1.006096
0.6897 0.1724 0.997636 0.068723 1.038126
0.6897 0.2069 0.945488 -0.325656 1.314460
0.6897 0.2414 0.842402 -0.538850 1.721198
0.6897 0.2759 0.757781 -0.652509 2.186747
0.6897 0.3103 0.0000 0.0000 0.0000
0.6897 0.3448 0.0000 0.0000 0.0000
0.6897 0.3793 0.0000 0.0000 0.0000
0.6897 0.4138 0.0000 0.0000 0.0000
0.6897 0.4483 0.0000 0.0000 0.0000
0.6897 0.4828 0.0000 0.0000 0.0000
0.6897 0.5172 0.0000 0.0000 0.0000
0.6897 0.5517 0.0000 0.0000 0.0000
0.6897 0.5862 0.0000 0.0000 0.0000
0.6897 0.6207 0.0000 0.0000 0.0000
0.6897 0.6552 0.0000 0.0000 0.0000
0.6897 0.6897 0.0000 0.0000 0.0000
0.6897 0.7241 0.0000 0.0000 0.0000
0.6897 0.7586 0.0000 0.0000 0.0000
0.6897 0.7931 0.0000 0.0000 0.0000
0.6897 0.8276 0.0000 0.0000 0.0000
0.6897 0.8621 0.0000 0.0000 0.0000
0.6897 0.8966 0.0000 0.0000 0.0000
0.6897 0.9310 0.0000 0.0000 0.0000
0.6897 0.9655 0.0000 0.0000 0.0000
0.6897 1.0000 0.0000 0.0000 0.0000

0.7241 0.0000 0.000000 1.000000 2.397146
0.7241 0.0345 0.115538 0.993303 1.885397
0.7241 0.0690 0.307454 0.951563 1.417032
0.7241 0.1034 0.621380 0.783509 1.051703
0.7241 0.1379 0.945647 0.325195 0.921426
0.7241 0.1724 0.979370 -0.202075 1.112123
0.7241 0.2069 0.867601 -0.497261 1.506470
0.7241 0.2414 0.767534 -0.641008 1.986689
0.7241 0.2759 0.696003 -0.718038 2.503849
0.7241 0.3103 0.0000 0.0000 0.0000
0.7241 0.3448 0.0000 0.0000 0.0000
0.7241 0.3793 0.0000 0.0000 0.0000
0.7241 0.4138 0.0000 0.0000 0.0000
0.7241 0.4483 0.0000 0.0000 0.0000
0.7241 0.4828 0.0000 0.0000 0.0000
0.7241 0.5172 0.0000 0.0000 0.0000
0.7241 0.5517 0.0000 0.0000 0.0000
0.7241 0.5862 0.0000 0.0000 0.0000
0.7241 0.6207 0.0000 0.0000 0.0000
0.7241 0.6552 0.0000 0.0000 0.0000
0.7241 0.6897 0.0000 0.0000 0.0000
0.7241 0.7241 0.0000 0.0000 0.0000
0.7241 0.7586 0.0000 0.0000 0.0000
0.7241 0.7931 0.0000 0.0000 0.0000
0.7241 0.8276 0.0000 0.0000 0.0000
0.7241 0.8621 0.0000 0.0000 0.0000
0.7241 0.8966 0.0000 0.0000 0.0000
0.7241 0.9310 0.0000 0.0000 0.0000
0.7241 0.9655 0.0000 0.0000 0.0000
0.7241 1.0000 0.0000 0.0000 0.0000

0.7586 0.0000 0.000000 1.000000 2.197384
0.7586 0.0345 0.137358 0.990521 1.663809
0.7586 0.0690 0.384104 0.923290 1.189976
0.7586 0.1034 0.780393 0.625289 0.878547
0.7586 0.1379 1.000000 0.000000 0.914150
0.7586 0.1724 0.901259 -0.433280 1.267878
0.7586 0.2069 0.780393 -0.625289 1.757095
0.7586 0.2414 0.696519 -0.717538 2.296795
0.7586 0.2759 0.0000 0.0000 0.0000
0.7586 0.3103 0.0000 0.0000 0.0000
0.7586 0.3448 0.0000 0.0000 0.0000
0.7586 0.3793 0.0000 0.0000 0.0000
0.7586 0.4138 0.0000 0.0000 0.0000
0.7586 0.4483 0.0000 0.0000 0.0000
0.7586 0.4828 0.0000 0.0000 0.0000
0.7586 0.5172 0.0000 0.0000 0.0000
0.7586 0.5517 0.0000 0.0000 0.0000
0.7586 0.5862 0.0000 0.0000 0.0000
0.7586 0.6207 0.0000 0.0000 0.0000
0.7586 0.6552 0.0000 0.0000 0.0000
0.7586 0.6897 0.0000 0.0000 0.0000
0.7586 0.7241 0.0000 0.0000 0.0000
0.7586 0.7586 0.0000 0.0000 0.0000
0.7586 0.7931 0.0000 0.0000 0.0000
0.7586 0.8276 0.0000 0.0000 0.0000
0.7586 0.8621 0.0000 0.0000 0.0000
0.7586 0.8966 0.0000 0.0000 0.0000
0.7586 0.9310 0.0000 0.0000 0.0000
0.7586 0.9655 0.0000 0.0000 0.0000
0.7586 1.0000 0.0000 0.0000 0.0000

0.7931 0.0000 0.000000 1.000000 1.969084
0.7931 0.0345 0.169057 0.985606 1.415137
0.7931 0.0690 0.503778 0.863833 0.949780
0.7931 0.1034 0.945921 0.324396 0.758749
0.7931 0.1379 0.945921 -0.324396 1.011666
0.7931 0.1724 0.798283 -0.602283 1.498460
0.7931 0.2069 0.0000 0.0000 0.0000
0.7931 0.2414 0.0000 0.0000 0.0000
0.7931 0.2759 0.0000 0.0000 0.0000
0.7931 0.3103 0.0000 0.0000 0.0000
0.7931 0.3448 0.0000 0.0000 0.0000
0.7931 0.3793 0.0000 0.0000 0.0000
0.7931 0.4138 0.0000 0.0000 0.0000
0.7931 0.4483 0.0000 0.0000 0.0000
0.7931 0.4828 0.0000 0.0000 0.0000
0.7931 0.5172 0.0000 0.0000 0.0000
0.7931 0.5517 0.0000 0.0000 0.0000
0.7931 0.5862 0.0000 0.0000 0.0000
0.7931 0.6207 0.0000 0.0000 0.0000
0.7931 0.6552 0.0000 0.0000 0.0000
0.7931 0.6897 0.0000 0.0000 0.0000
0.7931 0.7241 0.0000 0.0000 0.0000
0.7931 0.7586 0.0000 0.0000 0.0000
0.7931 0.7931 0.0000 0.0000 0.0000
0.7931 0.8276 0.0000 0.0000 0.0000
0.7931 0.8621 0.0000 0.0000 0.0000
0.7931 0.8966 0.0000 0.0000 0.0000
0.7931 0.9310 0.0000 0.0000 0.0000
0.7931 0.9655 0.0000 0.0000 0.0000
0.7931 1.0000 0.0000 0.0000 0.0000

0.8276 0.0000 0.000000 1.000000 1.712247
0.8276 0.0345 0.219115 0.975699 1.140681
0.8276 0.0690 0.697419 0.716663 0.716758
0.8276 0.1034 0.993545 -0.113440 0.754693
0.8276 0.1379 0.824980 -0.565162 1.211863
0.8276 0.1724 0.697419 -0.716663 1.791896
0.8276 0.2069 0.0000 0.0000 0.0000
0.8276 0.2414 0.0000 0.0000 0.0000
0.8276 0.2759 0.0000 0.0000 0.0000
0.8276 0.3103 0.0000 0.0000 0.0000
0.8276 0.3448 0.0000 0.0000 0.0000
0.8276 0.3793 0.0000 0.0000 0.0000
0.8276 0.4138 0.0000 0.0000 0.0000
0.8276 0.4483 0.0000 0.0000 0.0000
0.8276 0.4828 0.0000 0.0000 0.0000
0.8276 0.5172 0.0000 0.0000 0.0000
0.8276 0.5517 0.0000 0.0000 0.0000
0.8276 0.5862 0.0000 0.0000 0.0000
0.8276 0.6207 0.0000 0.0000 0.0000
0.8276 0.6552 0.0000 0.0000 0.0000
0.8276 0.6897 0.0000 0.0000 0.0000
0.8276 0.7241 0.0000 0.0000 0.0000
0.8276 0.7586 0.0000 0.0000 0.0000
0.8276 0.7931 0.0000 0.0000 0.0000
0.8276 0.8276 0.0000 0.0000 0.0000
0.8276 0.8621 0.0000 0.0000 0.0000
0.8276 0.8966 0.0000 0.0000 0.0000
0.8276 0.9310 0.0000 0.0000 0.0000
0.8276 0.9655 0.0000 0.0000 0.0000
0.8276 1.0000 0.0000 0.0000 0.0000

0.8621 0.0000 0.000000 1.000000 1.426873
0.8621 0.0345 0.308863 0.951107 0.843876
0.8621 0.0690 0.946150 0.323728 0.550953
0.8621 0.1034 0.868682 -0.495371 0.900130
0.8621 0.1379 0.697814 -0.716279 1.494048
0.8621 0.1724 0.0000 0.0000 0.0000
0.8621 0.2069 0.0000 0.0000 0.0000
0.8621 0.2414 0.0000 0.0000 0.0000
0.8621 0.2759 0.0000 0.0000 0.0000
0.8621 0.3103 0.0000 0.0000 0.0000
0.8621 0.3448 0.0000 0.0000 0.0000
0.8621 0.3793 0.0000 0.0000 0.0000
0.8621 0.4138 0.0000 0.0000 0.0000
0.8621 0.4483 0.0000 0.0000 0.0000
0.8621 0.4828 0.0000 0.0000 0.0000
0.8621 0.5172 0.0000 0.0000 0.0000
0.8621 0.5517 0.0000 0.0000 0.0000
0.8621 0.5862 0.0000 0.0000 0.0000
0.8621 0.6207 0.0000 0.0000 0.0000
0.8621 0.6552 0.0000 0.0000 0.0000
0.8621 0.6897 0.0000 0.0000 0.0000
0.8621 0.7241 0.0000 0.0000 0.0000
0.8621 0.7586 0.0000 0.0000 0.0000
0.8621 0.7931 0.0000 0.0000 0.0000
0.8621 0.8276 0.0000 0.0000 0.0000
0.8621 0.8621 0.0000 0.0000 0.0000
0.8621 0.8966 0.0000 0.0000 0.0000
0.8621 0.9310 0.0000 0.0000 0.0000
0.8621 0.9655 0.0000 0.0000 0.0000
0.8621 1.0000 0.0000 0.0000 0.0000

0.8966 0.0000 0.000000 1.000000 1.112961
0.8966 0.0345 0.505026 0.863104 0.537286
0.8966 0.0690 0.946251 -0.323434 0.573513
0.8966 0.1034 0.0000 0.0000 0.0000
0.8966 0.1379 0.0000 0.0000 0.0000
0.8966 0.1724 0.0000 0.0000 0.0000
0.8966 0.2069 0.0000 0.0000 0.0000
0.8966 0.2414 0.0000 0.0000 0.0000
0.8966 0.2759 0.0000 0.0000 0.0000
0.8966 0.3103 0.0000 0.0000 0.0000
0.8966 0.3448 0.0000 0.0000 0.0000
0.8966 0.3793 0.0000 0.0000 0.0000
0.8966 0.4138 0.0000 0.0000 0.0000
0.8966 0.4483 0.0000 0.0000 0.0000
0.8966 0.4828 0.0000 0.0000 0.0000
0.8966 0.5172 0.0000 0.0000 0.0000
0.8966 0.5517 0.0000 0.0000 0.0000
0.8966 0.5862 0.0000 0.0000 0.0000
0.8966 0.6207 0.0000 0.0000 0.0000
0.8966 0.6552 0.0000 0.0000 0.0000
0.8966 0.6897 0.0000 0.0000 0.0000
0.8966 0.7241 0.0000 0.0000 0.0000
0.8966 0.7586 0.0000 0.0000 0.0000
0.8966 0.7931 0.0000 0.0000 0.0000
0.8966 0.8276 0.0000 0.0000 0.0000
0.8966 0.8621 0.0000 0.0000 0.0000
0.8966 0.8966 0.0000 0.0000 0.0000
0.8966 0.9310 0.0000 0.0000 0.0000
0.8966 0.9655 0.0000 0.0000 0.0000
0.8966 1.0000 0.0000 0.0000 0.0000

0.9310 0.0000 0.000000 1.000000 0.770511
0.9310 0.0345 0.946344 0.323161 0.298037
0.9310 0.0690 0.698515 -0.715595 0.807556
0.9310 0.1034 0.0000 0.0000 0.0000
0.9310 0.1379 0.0000 0.0000 0.0000
0.9310 0.1724 0.0000 0.0000 0.0000
0.9310 0.2069 0.0000 0.0000 0.0000
0.9310 0.2414 0.0000 0.0000 0.0000
0.9310 0.2759 0.0000 0.0000 0.0000
0.9310 0.3103 0.0000 0.0000 0.0000
0.9310 0.3448 0.0000 0.0000 0.0000
0.9310 0.3793 0.0000 0.0000 0.0000
0.9310 0.4138 0.0000 0.0000 0.0000
0.9310 0.4483 0.0000 0.0000 0.0000
0.9310 0.4828 0.0000 0.0000 0.0000
0.9310 0.5172 0.0000 0.0000 0.0000
0.9310 0.5517 0.0000 0.0000 0.0000
0.9310 0.5862 0.0000 0.0000 0.0000
0.9310 0.6207 0.0000 0.0000 0.0000
0.9310 0.6552 0.0000 0.0000 0.0000
0.9310 0.6897 0.0000 0.0000 0.0000
0.9310 0.7241 0.0000 0.0000 0.0000
0.9310 0.7586 0.0000 0.0000 0.0000
0.9310 0.7931 0.0000 0.0000 0.0000
0.9310 0.8276 0.0000 0.0000 0.0000
0.9310 0.8621 0.0000 0.0000 0.0000
0.9310 0.8966 0.0000 0.0000 0.0000
0.9310 0.9310 0.0000 0.0000 0.0000
0.9310 0.9655 0.0000 0.0000 0.0000
0.9310 1.0000 0.0000 0.0000 0.0000

0.9655 0.0000 0.000000 1.000000 0.399524
0.9655 0.0345 0.0000 0.0000 0.0000
0.9655 0.0690 0.0000 0.0000 0.0000
0.9655 0.1034 0.0000 0.0000 0.0000
0.9655 0.1379 0.0000 0.0000 0.0000
0.9655 0.1724 0.0000 0.0000 0.0000
0.9655 0.2069 0.0000 0.0000 0.0000
0.9655 0.2414 0.0000 0.0000 0.0000
0.9655 0.2759 0.0000 0.0000 0.0000
0.9655 0.3103 0.0000 0.0000 0.0000
0.9655 0.3448 0.0000 0.0000 0.0000
0.9655 0.3793 0.0000 0.0000 0.0000
0.9655 0.4138 0.0000 0.0000 0.0000
0.9655 0.4483 0.0000 0.0000 0.0000
0.9655 0.4828 0.0000 0.0000 0.0000
0.9655 0.5172 0.0000 0.0000 0.0000
0.9655 0.5517 0.0000 0.0000 0.0000
0.9655 0.5862 0.0000 0.0000 0.0000
0.9655 0.6207 0.0000 0.0000 0.0000
0.9655 0.6552 0.0000 0.0000 0.0000
0.9655 0.6897 0.0000 0.0000 0.0000
0.9655 0.7241 0.0000 0.0000 0.0000
0.9655 0.7586 0.0000 0.0000 0.0000
0.9655 0.7931 0.0000 0.0000 0.0000
0.9655 0.8276 0.0000 0.0000 0.0000
0.9655 0.8621 0.0000 0.0000 0.0000
0.9655 0.8966 0.0000 0.0000 0.0000
0.9655 0.9310 0.0000 0.0000 0.0000
0.9655 0.9655 0.0000 0.0000 0.0000
0.9655 1.0000 0.0000 0.0000 0.0000

1.0000 0.0000 0.000000 0.000000 0.000000
1.0000 0.0345 0.0000 0.0000 0.0000
1.0000 0.0690 0.0000 0.0000 0.0000
1.0000 0.1034 0.0000 0.0000 0.0000
1.0000 0.1379 0.0000 0.0000 0.0000
1.0000 0.1724 0.0000 0.0000 0.0000
1.0000 0.2069 0.0000 0.0000 0.0000
1.0000 0.2414 0.0000 0.0000 0.0000
1.0000 0.2759 0.0000 0.0000 0.0000
1.0000 0.3103 0.0000 0.0000 0.0000
1.0000 0.3448 0.0000 0.0000 0.0000
1.0000 0.3793 0.0000 0.0000 0.0000
1.0000 0.4138 0.0000 0.0000 0.0000
1.0000 0.4483 0.0000 0.0000 0.0000
1.0000 0.4828 0.0000 0.0000 0.0000
1.0000 0.5172 0.0000 0.0000 0.0000
1.0000 0.5517 0.0000 0.0000 0.0000
1.0000 0.5862 0.0000 0.0000 0.0000
1.0000 0.6207 0.0000 0.0000 0.0000
1.0000 0.6552 0.0000 0.0000 0.0000
1.0000 0.6897 0.0000 0.0000 0.0000
1.0000 0.7241 0.0000 0.0000 0.0000
1.0000 0.7586 0.0000 0.0000 0.0000
1.0000 0.7931 0.0000 0.0000 0.0000
1.0000 0.8276 0.0000 0.0000 0.0000
1.0000 0.8621 0.0000 0.0000 0.0000
1.0000 0.8966 0.0000 0.0000 0.0000
1.0000 0.9310 0.0000 0.0000 0.0000
1.0000 0.9655 0.0000 0.0000 0.0000
1.0000 1.0000 0.0000 0.0000 0.0000

