0.0000 0.0000 0.000000 0.000000 0.000000
0.0000 0.0345 -1.000000 0.000000 0.006897
0.0000 0.0690 -1.000000 0.000000 0.013793
0.0000 0.1034 -1.000000 0.000000 0.020690
0.0000 0.1379 -1.000000 0.000000 0.027586
0.0000 0.1724 -1.000000 0.000000 0.034483
0.0000 0.2069 -1.000000 0.000000 0.041379
0.0000 0.2414 -1.000000 0.000000 0.048276
0.0000 0.2759 -1.000000 0.000000 0.055172
0.0000 0.3103 -1.000000 0.000000 0.062069
0.0000 0.3448 -1.000000 0.000000 0.068966
0.0000 0.3793 -1.000000 0.000000 0.075862
0.0000 0.4138 -1.000000 0.000000 0.082759
0.0000 0.4483 -1.000000 0.000000 0.089655
0.0000 0.4828 -1.000000 0.000000 0.096552
0.0000 0.5172 -1.000000 0.000000 0.103448
0.0000 0.5517 -1.000000 0.000000 0.110345
0.0000 0.5862 -1.000000 -0.000000 0.117241
0.0000 0.6207 -1.000000 -0.000000 0.124138
0.0000 0.6552 -1.000000 -0.000000 0.131034
0.0000 0.6897 -1.000000 -0.000000 0.137931
0.0000 0.7241 -1.000000 -0.000000 0.144828
0.0000 0.7586 -1.000000 -0.000000 0.151724
0.0000 0.7931 -1.000000 -0.000000 0.158621
0.0000 0.8276 -1.000000 -0.000000 0.165517
0.0000 0.8621 -1.000000 -0.000000 0.172414
0.0000 0.8966 -1.000000 -0.000000 0.179310
0.0000 0.9310 -1.000000 -0.000000 0.186207
0.0000 0.9655 -1.000000 -0.000000 0.193103
0.0000 1.0000 -1.000000 -0.000000 0.200000

0.0345 0.0000 0.000000 1.000000 0.066587
0.0345 0.0345 -0.081631 0.996663 0.062635
0.0345 0.0690 -0.172868 0.984945 0.059155
0.0345 0.1034 -0.272766 0.962081 0.056235
0.0345 0.1379 -0.378976 0.925407 0.053966
0.0345 0.1724 -0.487567 0.873085 0.052433
0.0345 0.2069 -0.593356 0.804940 0.051702
0.0345 0.2414 -0.690858 0.722991 0.051806
0.0345 0.2759 -0.775562 0.631271 0.052741
0.0345 0.3103 -0.844918 0.534896 0.054463
0.0345 0.3448 -0.898568 0.438835 0.056901
0.0345 0.3793 -0.937868 0.346991 0.059969
0.0345 0.4138 -0.965108 0.261851 0.063574
0.0345 0.4483 -0.982812 0.184607 0.067631
0.0345 0.4828 -0.993307 0.115501 0.072064
0.0345 0.5172 -0.998531 0.054184 0.076807
0.0345 0.5517 -1.000000 0.000000 0.081807
0.0345 0.5862 -0.998856 -0.047825 0.087020
0.0345 0.6207 -0.995935 -0.090072 0.092409
0.0345 0.6552 -0.991842 -0.127471 0.097945
0.0345 0.6897 -0.987007 -0.160676 0.103605
0.0345 0.7241 -0.981734 -0.190259 0.109370
0.0345 0.7586 -0.976236 -0.216712 0.115223
0.0345 0.7931 -0.970660 -0.240457 0.121153
0.0345 0.8276 -0.965108 -0.261851 0.127147
0.0345 0.8621 -0.959649 -0.281200 0.133199
0.0345 0.8966 -0.954328 -0.298761 0.139299
0.0345 0.9310 -0.949173 -0.314756 0.145442
0.0345 0.9655 -0.944200 -0.329372 0.151623
0.0345 1.0000 0.0000 0.0000 0.0000

0.0690 0.0000 0.000000 1.000000 0.128419
0.0690 0.0345 -0.027712 0.999616 0.120141
0.0690 0.0690 -0.059469 0.998230 0.111970
0.0690 0.1034 -0.096105 0.995371 0.103929
0.0690 0.1379 -0.138648 0.990342 0.096053
0.0690 0.1724 -0.188348 0.982102 0.088383
0.0690 0.2069 -0.246679 0.969097 0.080981
0.0690 0.2414 -0.315262 0.949005 0.073924
0.0690 0.2759 -0.395624 0.918413 0.067324
0.0690 0.3103 -0.488603 0.872506 0.061326
0.0690 0.3448 -0.593199 0.805056 0.056126
0.0690 0.3793 -0.704815 0.709391 0.051961
0.0690 0.4138 -0.813733 0.581238 0.049098
0.0690 0.4483 -0.906056 0.423158 0.047769
0.0690 0.4828 -0.968968 0.247186 0.048104
0.0690 0.5172 -0.997459 0.071247 0.050068
0.0690 0.5517 -0.996038 -0.088932 0.053482
0.0690 0.5862 -0.974322 -0.225158 0.058091
0.0690 0.6207 -0.941742 -0.336336 0.063636
0.0690 0.6552 -0.905050 -0.425305 0.069895
0.0690 0.6897 -0.868243 -0.496139 0.076692
0.0690 0.7241 -0.833356 -0.552736 0.083898
0.0690 0.7586 -0.801247 -0.598334 0.091415
0.0690 0.7931 -0.772138 -0.635455 0.099173
0.0690 0.8276 -0.745938 -0.666016 0.107120
0.0690 0.8621 -0.722418 -0.691457 0.115216
0.0690 0.8966 -0.701303 -0.712863 0.123433
0.0690 0.9310 -0.682318 -0.731055 0.131746
0.0690 0.9655 0.0000 0.0000 0.0000
0.0690 1.0000 0.0000 0.0000 0.0000

0.1034 0.0000 0.000000 1.000000 0.185493
0.1034 0.0345 -0.008934 0.999960 0.173015
0.1034 0.0690 -0.019256 0.999815 0.160553
0.1034 0.1034 -0.031310 0.999510 0.148111
0.1034 0.1379 -0.045567 0.998961 0.135694
0.1034 0.1724 -0.062678 0.998034 0.123310
0.1034 0.2069 -0.083578 0.996501 0.110971
0.1034 0.2414 -0.109638 0.993972 0.098692
0.1034 0.2759 -0.142961 0.989728 0.086501
0.1034 0.3103 -0.186892 0.982380 0.074439
0.1034 0.3448 -0.247004 0.969015 0.062581
0.1034 0.3793 -0.332942 0.942947 0.051071
0.1034 0.4138 -0.461353 0.887217 0.040206
0.1034 0.4483 -0.654930 0.755689 0.030683
0.1034 0.4828 -0.896389 0.443269 0.024142
0.1034 0.5172 -0.997054 -0.076697 0.023255
0.1034 0.5517 -0.866186 -0.499723 0.028553
0.1034 0.5862 -0.700737 -0.713420 0.037501
0.1034 0.6207 -0.578429 -0.815733 0.048103
0.1034 0.6552 -0.493769 -0.869593 0.059481
0.1034 0.6897 -0.433816 -0.901002 0.071264
0.1034 0.7241 -0.389780 -0.920908 0.083281
0.1034 0.7586 -0.356306 -0.934369 0.095444
0.1034 0.7931 -0.330104 -0.943944 0.107702
0.1034 0.8276 -0.309086 -0.951034 0.120027
0.1034 0.8621 -0.291876 -0.956456 0.132400
0.1034 0.8966 -0.277540 -0.960714 0.144809
0.1034 0.9310 0.0000 0.0000 0.0000
0.1034 0.9655 0.0000 0.0000 0.0000
0.1034 1.0000 0.0000 0.0000 0.0000

0.1379 0.0000 0.000000 1.000000 0.237812
0.1379 0.0345 0.001075 0.999999 0.221165
0.1379 0.0690 0.002326 0.999997 0.204519
0.1379 0.1034 0.003797 0.999993 0.187873
0.1379 0.1379 0.005555 0.999985 0.171227
0.1379 0.1724 0.007692 0.999970 0.154582
0.1379 0.2069 0.010344 0.999946 0.137938
0.1379 0.2414 0.013724 0.999906 0.121296
0.1379 0.2759 0.018179 0.999835 0.104655
0.1379 0.3103 0.024317 0.999704 0.088017
0.1379 0.3448 0.033315 0.999445 0.071383
0.1379 0.3793 0.047772 0.998858 0.054759
0.1379 0.4138 0.074790 0.997199 0.038157
0.1379 0.4483 0.142961 0.989728 0.021625
0.1379 0.4828 0.573463 0.819232 0.005806
0.1379 0.5172 0.287348 -0.957826 0.012414
0.1379 0.5517 0.132164 -0.991228 0.028790
0.1379 0.5862 0.089118 -0.996021 0.045365
0.1379 0.6207 0.069066 -0.997612 0.061979
0.1379 0.6552 0.057481 -0.998347 0.078608
0.1379 0.6897 0.049938 -0.998752 0.095244
0.1379 0.7241 0.044636 -0.999003 0.111883
0.1379 0.7586 0.040707 -0.999171 0.128525
0.1379 0.7931 0.037678 -0.999290 0.145168
0.1379 0.8276 0.035272 -0.999378 0.161813
0.1379 0.8621 0.033315 -0.999445 0.178458
0.1379 0.8966 0.0000 0.0000 0.0000
0.1379 0.9310 0.0000 0.0000 0.0000
0.1379 0.9655 0.0000 0.0000 0.0000
0.1379 1.0000 0.0000 0.0000 0.0000

0.1724 0.0000 0.000000 1.000000 0.285375
0.1724 0.0345 0.007640 0.999971 0.264574
0.1724 0.0690 0.016583 0.999862 0.243791
0.1724 0.1034 0.027190 0.999630 0.223031
0.1724 0.1379 0.039968 0.999201 0.202302
0.1724 0.1724 0.055651 0.998450 0.181613
0.1724 0.2069 0.075341 0.997158 0.160981
0.1724 0.2414 0.100761 0.994911 0.140429
0.1724 0.2759 0.134759 0.990878 0.120001
0.1724 0.3103 0.182345 0.983235 0.099770
0.1724 0.3448 0.253028 0.967459 0.079889
0.1724 0.3793 0.366319 0.930489 0.060700
0.1724 0.4138 0.562310 0.826926 0.043138
0.1724 0.4483 0.870416 0.492317 0.030190
0.1724 0.4828 0.978637 -0.205596 0.028917
0.1724 0.5172 0.749838 -0.661622 0.040437
0.1724 0.5517 0.562310 -0.826926 0.057517
0.1724 0.5862 0.449077 -0.893493 0.076521
0.1724 0.6207 0.377767 -0.925901 0.096317
0.1724 0.6552 0.329668 -0.944097 0.116501
0.1724 0.6897 0.295306 -0.955403 0.136902
0.1724 0.7241 0.269630 -0.962964 0.157436
0.1724 0.7586 0.249757 -0.968309 0.178057
0.1724 0.7931 0.233939 -0.972251 0.198737
0.1724 0.8276 0.221059 -0.975260 0.219460
0.1724 0.8621 0.0000 0.0000 0.0000
0.1724 0.8966 0.0000 0.0000 0.0000
0.1724 0.9310 0.0000 0.0000 0.0000
0.1724 0.9655 0.0000 0.0000 0.0000
0.1724 1.0000 0.0000 0.0000 0.0000

0.2069 0.0000 0.000000 1.000000 0.328181
0.2069 0.0345 0.012548 0.999921 0.303234
0.2069 0.0690 0.027340 0.999626 0.278344
0.2069 0.1034 0.045025 0.998986 0.253527
0.2069 0.1379 0.066519 0.997785 0.228806
0.2069 0.1724 0.093160 0.995651 0.204217
0.2069 0.2069 0.126964 0.991907 0.179814
0.2069 0.2414 0.171083 0.985257 0.155684
0.2069 0.2759 0.230646 0.973038 0.131977
0.2069 0.3103 0.314263 0.949336 0.108969
0.2069 0.3448 0.436274 0.899814 0.087216
0.2069 0.3793 0.616119 0.787653 0.067933
0.2069 0.4138 0.847998 0.529999 0.053844
0.2069 0.4483 0.997410 0.071929 0.049593
0.2069 0.4828 0.927904 -0.372819 0.057409
0.2069 0.5172 0.776114 -0.630593 0.073539
0.2069 0.5517 0.649119 -0.760687 0.093788
0.2069 0.5862 0.557535 -0.830153 0.116019
0.2069 0.6207 0.491720 -0.870754 0.139286
0.2069 0.6552 0.443128 -0.896459 0.163147
0.2069 0.6897 0.406138 -0.913812 0.187374
0.2069 0.7241 0.377190 -0.926136 0.211843
0.2069 0.7586 0.353987 -0.935250 0.236477
0.2069 0.7931 0.335010 -0.942215 0.261231
0.2069 0.8276 0.0000 0.0000 0.0000
0.2069 0.8621 0.0000 0.0000 0.0000
0.2069 0.8966 0.0000 0.0000 0.0000
0.2069 0.9310 0.0000 0.0000 0.0000
0.2069 0.9655 0.0000 0.0000 0.0000
0.2069 1.0000 0.0000 0.0000 0.0000

0.2414 0.0000 0.000000 1.000000 0.366231
0.2414 0.0345 0.016576 0.999863 0.337145
0.2414 0.0690 0.036270 0.999342 0.308169
0.2414 0.1034 0.060020 0.998197 0.279338
0.2414 0.1379 0.089167 0.996017 0.250701
0.2414 0.1724 0.125680 0.992071 0.222334
0.2414 0.2069 0.172529 0.985004 0.194353
0.2414 0.2414 0.234316 0.972161 0.166955
0.2414 0.2759 0.318258 0.948004 0.140479
0.2414 0.3103 0.435238 0.900315 0.115563
0.2414 0.3448 0.597962 0.801524 0.093460
0.2414 0.3793 0.802043 0.597266 0.076647
0.2414 0.4138 0.970546 0.240916 0.069098
0.2414 0.4483 0.985553 -0.169367 0.073717
0.2414 0.4828 0.882872 -0.469613 0.088620
0.2414 0.5172 0.764208 -0.644970 0.109694
0.2414 0.5517 0.667002 -0.745056 0.134059
0.2414 0.5862 0.592971 -0.805224 0.160220
0.2414 0.6207 0.536711 -0.843766 0.187428
0.2414 0.6552 0.493222 -0.869904 0.215285
0.2414 0.6897 0.458892 -0.888492 0.243569
0.2414 0.7241 0.431239 -0.902238 0.272147
0.2414 0.7586 0.408557 -0.912733 0.300935
0.2414 0.7931 0.0000 0.0000 0.0000
0.2414 0.8276 0.0000 0.0000 0.0000
0.2414 0.8621 0.0000 0.0000 0.0000
0.2414 0.8966 0.0000 0.0000 0.0000
0.2414 0.9310 0.0000 0.0000 0.0000
0.2414 0.9655 0.0000 0.0000 0.0000
0.2414 1.0000 0.0000 0.0000 0.0000

0.2759 0.0000 0.000000 1.000000 0.399524
0.2759 0.0345 0.020126 0.999797 0.366305
0.2759 0.0690 0.044242 0.999021 0.333263
0.2759 0.1034 0.073609 0.997287 0.300458
0.2759 0.1379 0.110042 0.993927 0.267977
0.2759 0.1724 0.156221 0.987722 0.235953
0.2759 0.2069 0.216192 0.976351 0.204601
0.2759 0.2414 0.296099 0.955157 0.174284
0.2759 0.2759 0.404926 0.914349 0.145650
0.2759 0.3103 0.553326 0.832964 0.119910
0.2759 0.3448 0.742103 0.670286 0.099342
0.2759 0.3793 0.925071 0.379794 0.087662
0.2759 0.4138 1.000000 0.000000 0.088466
0.2759 0.4483 0.944623 -0.328157 0.101457
0.2759 0.4828 0.840297 -0.542127 0.122826
0.2759 0.5172 0.742103 -0.670286 0.149013
0.2759 0.5517 0.663035 -0.748588 0.177901
0.2759 0.5862 0.601460 -0.798903 0.208371
0.2759 0.6207 0.553326 -0.832964 0.239821
0.2759 0.6552 0.515139 -0.857107 0.271910
0.2759 0.6897 0.484316 -0.874893 0.304437
0.2759 0.7241 0.459020 -0.888426 0.337274
0.2759 0.7586 0.0000 0.0000 0.0000
0.2759 0.7931 0.0000 0.0000 0.0000
0.2759 0.8276 0.0000 0.0000 0.0000
0.2759 0.8621 0.0000 0.0000 0.0000
0.2759 0.8966 0.0000 0.0000 0.0000
0.2759 0.9310 0.0000 0.0000 0.0000
0.2759 0.9655 0.0000 0.0000 0.0000
0.2759 1.0000 0.0000 0.0000 0.0000

0.3103 0.0000 0.000000 1.000000 0.428062
0.3103 0.0345 0.023433 0.999725 0.390714
0.3103 0.0690 0.051782 0.998658 0.353625
0.3103 0.1034 0.086678 0.996236 0.316888
0.3103 0.1379 0.130498 0.991449 0.280640
0.3103 0.1724 0.186778 0.982402 0.245098
0.3103 0.2069 0.260824 0.965386 0.210620
0.3103 0.2414 0.360413 0.932793 0.177825
0.3103 0.2759 0.495446 0.868639 0.147839
0.3103 0.3103 0.671370 0.741123 0.122737
0.3103 0.3448 0.863372 0.504568 0.106047
0.3103 0.3793 0.987535 0.157399 0.101985
0.3103 0.4138 0.981549 -0.191211 0.111935
0.3103 0.4483 0.896389 -0.443269 0.132783
0.3103 0.4828 0.799466 -0.600712 0.160333
0.3103 0.5172 0.716349 -0.697742 0.191717
0.3103 0.5517 0.650096 -0.759852 0.225340
0.3103 0.5862 0.597879 -0.801587 0.260334
0.3103 0.6207 0.556367 -0.830937 0.296214
0.3103 0.6552 0.522881 -0.852406 0.332695
0.3103 0.6897 0.495446 -0.868639 0.369597
0.3103 0.7241 0.0000 0.0000 0.0000
0.3103 0.7586 0.0000 0.0000 0.0000
0.3103 0.7931 0.0000 0.0000 0.0000
0.3103 0.8276 0.0000 0.0000 0.0000
0.3103 0.8621 0.0000 0.0000 0.0000
0.3103 0.8966 0.0000 0.0000 0.0000
0.3103 0.9310 0.0000 0.0000 0.0000
0.3103 0.9655 0.0000 0.0000 0.0000
0.3103 1.0000 0.0000 0.0000 0.0000

0.3448 0.0000 0.000000 1.000000 0.451843
0.3448 0.0345 0.026657 0.999645 0.410372
0.3448 0.0690 0.059251 0.998243 0.369258
0.3448 0.1034 0.099862 0.995001 0.328634
0.3448 0.1379 0.151562 0.988448 0.288710
0.3448 0.1724 0.218946 0.975737 0.249819
0.3448 0.2069 0.308833 0.951116 0.212530
0.3448 0.2414 0.430556 0.902564 0.177852
0.3448 0.2759 0.592759 0.805380 0.147640
0.3448 0.3103 0.786582 0.617486 0.125167
0.3448 0.3448 0.950730 0.310021 0.115063
0.3448 0.3793 0.998782 -0.049347 0.120480
0.3448 0.4138 0.940191 -0.340649 0.139623
0.3448 0.4483 0.847201 -0.531272 0.167861
0.3448 0.4828 0.760422 -0.649429 0.201403
0.3448 0.5172 0.689406 -0.724375 0.238017
0.3448 0.5517 0.633050 -0.774111 0.276486
0.3448 0.5862 0.588261 -0.808671 0.316134
0.3448 0.6207 0.552235 -0.833688 0.356566
0.3448 0.6552 0.522829 -0.852438 0.397545
0.3448 0.6897 0.0000 0.0000 0.0000
0.3448 0.7241 0.0000 0.0000 0.0000
0.3448 0.7586 0.0000 0.0000 0.0000
0.3448 0.7931 0.0000 0.0000 0.0000
0.3448 0.8276 0.0000 0.0000 0.0000
0.3448 0.8621 0.0000 0.0000 0.0000
0.3448 0.8966 0.0000 0.0000 0.0000
0.3448 0.9310 0.0000 0.0000 0.0000
0.3448 0.9655 0.0000 0.0000 0.0000
0.3448 1.0000 0.0000 0.0000 0.0000

0.3793 0.0000 0.000000 1.000000 0.470868
0.3793 0.0345 0.029917 0.999552 0.425280
0.3793 0.0690 0.066934 0.997757 0.380163
0.3793 0.1034 0.113696 0.993516 0.335708
0.3793 0.1379 0.174157 0.984718 0.292218
0.3793 0.1724 0.254259 0.967136 0.250196
0.3793 0.2069 0.362610 0.931941 0.210523
0.3793 0.2414 0.509485 0.860479 0.174805
0.3793 0.2759 0.697264 0.716814 0.145976
0.3793 0.3103 0.889384 0.457160 0.128748
0.3793 0.3448 0.994757 0.102265 0.127900
0.3793 0.3793 0.973774 -0.227517 0.143722
0.3793 0.4138 0.889384 -0.457160 0.171664
0.3793 0.4483 0.799517 -0.600644 0.206873
0.3793 0.4828 0.723334 -0.690499 0.246251
0.3793 0.5172 0.662440 -0.749115 0.288093
0.3793 0.5517 0.614139 -0.789198 0.331467
0.3793 0.5862 0.575478 -0.817817 0.375844
0.3793 0.6207 0.544094 -0.839024 0.420907
0.3793 0.6552 0.0000 0.0000 0.0000
0.3793 0.6897 0.0000 0.0000 0.0000
0.3793 0.7241 0.0000 0.0000 0.0000
0.3793 0.7586 0.0000 0.0000 0.0000
0.3793 0.7931 0.0000 0.0000 0.0000
0.3793 0.8276 0.0000 0.0000 0.0000
0.3793 0.8621 0.0000 0.0000 0.0000
0.3793 0.8966 0.0000 0.0000 0.0000
0.3793 0.9310 0.0000 0.0000 0.0000
0.3793 0.9655 0.0000 0.0000 0.0000
0.3793 1.0000 0.0000 0.0000 0.0000

0.4138 0.0000 0.000000 1.000000 0.485137
0.4138 0.0345 0.033315 0.999445 0.435438
0.4138 0.0690 0.075096 0.997176 0.386347
0.4138 0.1034 0.128708 0.991683 0.338127
0.4138 0.1379 0.199256 0.979947 0.291214
0.4138 0.1724 0.294425 0.955675 0.246354
0.4138 0.2069 0.424791 0.905292 0.204899
0.4138 0.2414 0.599551 0.800337 0.169370
0.4138 0.2759 0.804724 0.593649 0.144214
0.4138 0.3103 0.964642 0.263563 0.135344
0.4138 0.3448 0.995197 -0.097888 0.145765
0.4138 0.3793 0.927712 -0.373297 0.172006
0.4138 0.4138 0.836244 -0.548357 0.208167
0.4138 0.4483 0.754401 -0.656414 0.249980
0.4138 0.4828 0.688326 -0.725402 0.295052
0.4138 0.5172 0.636073 -0.771629 0.342096
0.4138 0.5517 0.594528 -0.804075 0.390401
0.4138 0.5862 0.561052 -0.827781 0.439552
0.4138 0.6207 0.0000 0.0000 0.0000
0.4138 0.6552 0.0000 0.0000 0.0000
0.4138 0.6897 0.0000 0.0000 0.0000
0.4138 0.7241 0.0000 0.0000 0.0000
0.4138 0.7586 0.0000 0.0000 0.0000
0.4138 0.7931 0.0000 0.0000 0.0000
0.4138 0.8276 0.0000 0.0000 0.0000
0.4138 0.8621 0.0000 0.0000 0.0000
0.4138 0.8966 0.0000 0.0000 0.0000
0.4138 0.9310 0.0000 0.0000 0.0000
0.4138 0.9655 0.0000 0.0000 0.0000
0.4138 1.0000 0.0000 0.0000 0.0000

0.4483 0.0000 0.000000 1.000000 0.494649
0.4483 0.0345 0.036952 0.999317 0.440848
0.4483 0.0690 0.084010 0.996465 0.387816
0.4483 0.1034 0.145484 0.989361 0.335916
0.4483 0.1379 0.228019 0.973657 0.285768
0.4483 0.1724 0.341543 0.939866 0.238479
0.4483 0.2069 0.498357 0.866972 0.196126
0.4483 0.2414 0.701233 0.712932 0.162615
0.4483 0.2759 0.903469 0.428653 0.144245
0.4483 0.3103 0.998613 0.052644 0.146815
0.4483 0.3448 0.961788 -0.273794 0.169373
0.4483 0.3793 0.872239 -0.489079 0.205438
0.4483 0.4138 0.784394 -0.620263 0.249214
0.4483 0.4483 0.712287 -0.701888 0.297312
0.4483 0.4828 0.655451 -0.755238 0.347947
0.4483 0.5172 0.610644 -0.791905 0.400155
0.4483 0.5517 0.574870 -0.818245 0.453393
0.4483 0.5862 0.0000 0.0000 0.0000
0.4483 0.6207 0.0000 0.0000 0.0000
0.4483 0.6552 0.0000 0.0000 0.0000
0.4483 0.6897 0.0000 0.0000 0.0000
0.4483 0.7241 0.0000 0.0000 0.0000
0.4483 0.7586 0.0000 0.0000 0.0000
0.4483 0.7931 0.0000 0.0000 0.0000
0.4483 0.8276 0.0000 0.0000 0.0000
0.4483 0.8621 0.0000 0.0000 0.0000
0.4483 0.8966 0.0000 0.0000 0.0000
0.4483 0.9310 0.0000 0.0000 0.0000
0.4483 0.9655 0.0000 0.0000 0.0000
0.4483 1.0000 0.0000 0.0000 0.0000

0.4828 0.0000 0.000000 1.000000 0.499405
0.4828 0.0345 0.040936 0.999162 0.441512
0.4828 0.0690 0.093992 0.995573 0.384580
0.4828 0.1034 0.164751 0.986335 0.329111
0.4828 0.1379 0.261951 0.965081 0.275987
0.4828 0.1724 0.398343 0.917237 0.226861
0.4828 0.2069 0.586335 0.810068 0.184949
0.4828 0.2414 0.810117 0.586269 0.156170
0.4828 0.2759 0.974499 0.224391 0.148373
0.4828 0.3103 0.988422 -0.151731 0.164569
0.4828 0.3448 0.908309 -0.418300 0.198982
0.4828 0.3793 0.814720 -0.579855 0.244024
0.4828 0.4138 0.735545 -0.677476 0.294863
0.4828 0.4483 0.673283 -0.739385 0.348974
0.4828 0.4828 0.624695 -0.780869 0.405049
0.4828 0.5172 0.0000 0.0000 0.0000
0.4828 0.5517 0.0000 0.0000 0.0000
0.4828 0.5862 0.0000 0.0000 0.0000
0.4828 0.6207 0.0000 0.0000 0.0000
0.4828 0.6552 0.0000 0.0000 0.0000
0.4828 0.6897 0.0000 0.0000 0.0000
0.4828 0.7241 0.0000 0.0000 0.0000
0.4828 0.7586 0.0000 0.0000 0.0000
0.4828 0.7931 0.0000 0.0000 0.0000
0.4828 0.8276 0.0000 0.0000 0.0000
0.4828 0.8621 0.0000 0.0000 0.0000
0.4828 0.8966 0.0000 0.0000 0.0000
0.4828 0.9310 0.0000 0.0000 0.0000
0.4828 0.9655 0.0000 0.0000 0.0000
0.4828 1.0000 0.0000 0.0000 0.0000

0.5172 0.0000 0.000000 1.000000 0.499405
0.5172 0.0345 0.045395 0.998969 0.437431
0.5172 0.0690 0.105441 0.994426 0.376654
0.5172 0.1034 0.187473 0.982270 0.317762
0.5172 0.1379 0.303129 0.952950 0.262031
0.5172 0.1724 0.468403 0.883515 0.211968
0.5172 0.2069 0.690377 0.723449 0.172578
0.5172 0.2414 0.912228 0.409683 0.152376
0.5172 0.2759 1.000000 0.000000 0.158859
0.5172 0.3103 0.944064 -0.329763 0.189305
0.5172 0.3448 0.846571 -0.532275 0.234562
0.5172 0.3793 0.759169 -0.650893 0.287723
0.5172 0.4138 0.690377 -0.723449 0.345156
0.5172 0.4483 0.637321 -0.770598 0.405047
0.5172 0.4828 0.0000 0.0000 0.0000
0.5172 0.5172 0.0000 0.0000 0.0000
0.5172 0.5517 0.0000 0.0000 0.0000
0.5172 0.5862 0.0000 0.0000 0.0000
0.5172 0.6207 0.0000 0.0000 0.0000
0.5172 0.6552 0.0000 0.0000 0.0000
0.5172 0.6897 0.0000 0.0000 0.0000
0.5172 0.7241 0.0000 0.0000 0.0000
0.5172 0.7586 0.0000 0.0000 0.0000
0.5172 0.7931 0.0000 0.0000 0.0000
0.5172 0.8276 0.0000 0.0000 0.0000
0.5172 0.8621 0.0000 0.0000 0.0000
0.5172 0.8966 0.0000 0.0000 0.0000
0.5172 0.9310 0.0000 0.0000 0.0000
0.5172 0.9655 0.0000 0.0000 0.0000
0.5172 1.0000 0.0000 0.0000 0.0000

0.5517 0.0000 0.000000 1.000000 0.494649
0.5517 0.0345 0.050491 0.998725 0.428609
0.5517 0.0690 0.118888 0.992908 0.364056
0.5517 0.1034 0.215012 0.976611 0.301949
0.5517 0.1379 0.354537 0.935042 0.244160
0.5517 0.1724 0.556110 0.831109 0.194574
0.5517 0.2069 0.806687 0.590979 0.160961
0.5517 0.2414 0.982715 0.185127 0.154151
0.5517 0.2759 0.976689 -0.214657 0.177259
0.5517 0.3103 0.880920 -0.473266 0.221096
0.5517 0.3448 0.784221 -0.620482 0.275954
0.5517 0.3793 0.707460 -0.706753 0.336485
0.5517 0.4138 0.649028 -0.760765 0.400123
0.5517 0.4483 0.604241 -0.796802 0.465595
0.5517 0.4828 0.0000 0.0000 0.0000
0.5517 0.5172 0.0000 0.0000 0.0000
0.5517 0.5517 0.0000 0.0000 0.0000
0.5517 0.5862 0.0000 0.0000 0.0000
0.5517 0.6207 0.0000 0.0000 0.0000
0.5517 0.6552 0.0000 0.0000 0.0000
0.5517 0.6897 0.0000 0.0000 0.0000
0.5517 0.7241 0.0000 0.0000 0.0000
0.5517 0.7586 0.0000 0.0000 0.0000
0.5517 0.7931 0.0000 0.0000 0.0000
0.5517 0.8276 0.0000 0.0000 0.0000
0.5517 0.8621 0.0000 0.0000 0.0000
0.5517 0.8966 0.0000 0.0000 0.0000
0.5517 0.9310 0.0000 0.0000 0.0000
0.5517 0.9655 0.0000 0.0000 0.0000
0.5517 1.0000 0.0000 0.0000 0.0000

0.5862 0.0000 0.000000 1.000000 0.485137
0.5862 0.0345 0.056438 0.998406 0.415049
0.5862 0.0690 0.135083 0.990834 0.346817
0.5862 0.1034 0.249380 0.968406 0.281792
0.5862 0.1379 0.420547 0.907271 0.222800
0.5862 0.1724 0.665411 0.746477 0.176015
0.5862 0.2069 0.918178 0.396168 0.153072
0.5862 0.2414 0.998106 -0.061522 0.164283
0.5862 0.2759 0.918178 -0.396168 0.204095
0.5862 0.3103 0.811873 -0.583834 0.259672
0.5862 0.3448 0.725275 -0.688459 0.322974
0.5862 0.3793 0.660250 -0.751046 0.390260
0.5862 0.4138 0.611359 -0.791353 0.459785
0.5862 0.4483 0.0000 0.0000 0.0000
0.5862 0.4828 0.0000 0.0000 0.0000
0.5862 0.5172 0.0000 0.0000 0.0000
0.5862 0.5517 0.0000 0.0000 0.0000
0.5862 0.5862 0.0000 0.0000 0.0000
0.5862 0.6207 0.0000 0.0000 0.0000
0.5862 0.6552 0.0000 0.0000 0.0000
0.5862 0.6897 0.0000 0.0000 0.0000
0.5862 0.7241 0.0000 0.0000 0.0000
0.5862 0.7586 0.0000 0.0000 0.0000
0.5862 0.7931 0.0000 0.0000 0.0000
0.5862 0.8276 0.0000 0.0000 0.0000
0.5862 0.8621 0.0000 0.0000 0.0000
0.5862 0.8966 0.0000 0.0000 0.0000
0.5862 0.9310 0.0000 0.0000 0.0000
0.5862 0.9655 0.0000 0.0000 0.0000
0.5862 1.0000 0.0000 0.0000 0.0000

0.6207 0.0000 0.000000 1.000000 0.470868
0.6207 0.0345 0.063535 0.997980 0.396759
0.6207 0.0690 0.155136 0.987893 0.324981
0.6207 0.1034 0.293696 0.955899 0.257491
0.6207 0.1379 0.507438 0.861688 0.198709
0.6207 0.1724 0.794571 0.607172 0.158627
0.6207 0.2069 0.990135 0.140114 0.152755
0.6207 0.2414 0.956970 -0.290186 0.184391
0.6207 0.2759 0.843498 -0.537133 0.239082
0.6207 0.3103 0.744690 -0.667411 0.304654
0.6207 0.3448 0.671411 -0.741085 0.375450
0.6207 0.3793 0.617564 -0.786520 0.449004
0.6207 0.4138 0.0000 0.0000 0.0000
0.6207 0.4483 0.0000 0.0000 0.0000
0.6207 0.4828 0.0000 0.0000 0.0000
0.6207 0.5172 0.0000 0.0000 0.0000
0.6207 0.5517 0.0000 0.0000 0.0000
0.6207 0.5862 0.0000 0.0000 0.0000
0.6207 0.6207 0.0000 0.0000 0.0000
0.6207 0.6552 0.0000 0.0000 0.0000
0.6207 0.6897 0.0000 0.0000 0.0000
0.6207 0.7241 0.0000 0.0000 0.0000
0.6207 0.7586 0.0000 0.0000 0.0000
0.6207 0.7931 0.0000 0.0000 0.0000
0.6207 0.8276 0.0000 0.0000 0.0000
0.6207 0.8621 0.0000 0.0000 0.0000
0.6207 0.8966 0.0000 0.0000 0.0000
0.6207 0.9310 0.0000 0.0000 0.0000
0.6207 0.9655 0.0000 0.0000 0.0000
0.6207 1.0000 0.0000 0.0000 0.0000

0.6552 0.0000 0.000000 1.000000 0.451843
0.6552 0.0345 0.072219 0.997389 0.373746
0.6552 0.0690 0.180777 0.983524 0.298618
0.6552 0.1034 0.352997 0.935624 0.229393
0.6552 0.1379 0.623020 0.782206 0.173296
0.6552 0.1724 0.922475 0.386058 0.146300
0.6552 0.2069 0.990410 -0.138163 0.163518
0.6552 0.2414 0.880613 -0.473835 0.214557
0.6552 0.2759 0.766835 -0.641844 0.281590
0.6552 0.3103 0.682973 -0.730444 0.355688
0.6552 0.3448 0.623020 -0.782206 0.433239
0.6552 0.3793 0.0000 0.0000 0.0000
0.6552 0.4138 0.0000 0.0000 0.0000
0.6552 0.4483 0.0000 0.0000 0.0000
0.6552 0.4828 0.0000 0.0000 0.0000
0.6552 0.5172 0.0000 0.0000 0.0000
0.6552 0.5517 0.0000 0.0000 0.0000
0.6552 0.5862 0.0000 0.0000 0.0000
0.6552 0.6207 0.0000 0.0000 0.0000
0.6552 0.6552 0.0000 0.0000 0.0000
0.6552 0.6897 0.0000 0.0000 0.0000
0.6552 0.7241 0.0000 0.0000 0.0000
0.6552 0.7586 0.0000 0.0000 0.0000
0.6552 0.7931 0.0000 0.0000 0.0000
0.6552 0.8276 0.0000 0.0000 0.0000
0.6552 0.8621 0.0000 0.0000 0.0000
0.6552 0.8966 0.0000 0.0000 0.0000
0.6552 0.9310 0.0000 0.0000 0.0000
0.6552 0.9655 0.0000 0.0000 0.0000
0.6552 1.0000 0.0000 0.0000 0.0000

0.6897 0.0000 0.000000 1.000000 0.428062
0.6897 0.0345 0.083159 0.996536 0.346026
0.6897 0.0690 0.214862 0.976644 0.267849
0.6897 0.1034 0.435655 0.900114 0.198152
0.6897 0.1379 0.770826 0.637046 0.149322
0.6897 0.1724 0.996602 0.082364 0.144367
0.6897 0.2069 0.924203 -0.381902 0.186811
0.6897 0.2414 0.793320 -0.608805 0.253904
0.6897 0.2759 0.695517 -0.718509 0.330980
0.6897 0.3103 0.0000 0.0000 0.0000
0.6897 0.3448 0.0000 0.0000 0.0000
0.6897 0.3793 0.0000 0.0000 0.0000
0.6897 0.4138 0.0000 0.0000 0.0000
0.6897 0.4483 0.0000 0.0000 0.0000
0.6897 0.4828 0.0000 0.0000 0.0000
0.6897 0.5172 0.0000 0.0000 0.0000
0.6897 0.5517 0.0000 0.0000 0.0000
0.6897 0.5862 0.0000 0.0000 0.0000
0.6897 0.6207 0.0000 0.0000 0.0000
0.6897 0.6552 0.0000 0.0000 0.0000
0.6897 0.6897 0.0000 0.0000 0.0000
0.6897 0.7241 0.0000 0.0000 0.0000
0.6897 0.7586 0.0000 0.0000 0.0000
0.6897 0.7931 0.0000 0.0000 0.0000
0.6897 0.8276 0.0000 0.0000 0.0000
0.6897 0.8621 0.0000 0.0000 0.0000
0.6897 0.8966 0.0000 0.0000 0.0000
0.6897 0.9310 0.0000 0.0000 0.0000
0.6897 0.9655 0.0000 0.0000 0.0000
0.6897 1.0000 0.0000 0.0000 0.0000

0.7241 0.0000 0.000000 1.000000 0.399524
0.7241 0.0345 0.097439 0.995242 0.313621
0.7241 0.0690 0.262426 0.964952 0.232895
0.7241 0.1034 0.555199 0.831718 0.165124
0.7241 0.1379 0.925719 0.378212 0.132044
0.7241 0.1724 0.971244 -0.238087 0.157318
0.7241 0.2069 0.826567 -0.562838 0.221825
0.7241 0.2414 0.709864 -0.704339 0.301342
0.7241 0.2759 0.632166 -0.774833 0.386720
0.7241 0.3103 0.0000 0.0000 0.0000
0.7241 0.3448 0.0000 0.0000 0.0000
0.7241 0.3793 0.0000 0.0000 0.0000
0.7241 0.4138 0.0000 0.0000 0.0000
0.7241 0.4483 0.0000 0.0000 0.0000
0.7241 0.4828 0.0000 0.0000 0.0000
0.7241 0.5172 0.0000 0.0000 0.0000
0.7241 0.5517 0.0000 0.0000 0.0000
0.7241 0.5862 0.0000 0.0000 0.0000
0.7241 0.6207 0.0000 0.0000 0.0000
0.7241 0.6552 0.0000 0.0000 0.0000
0.7241 0.6897 0.0000 0.0000 0.0000
0.7241 0.7241 0.0000 0.0000 0.0000
0.7241 0.7586 0.0000 0.0000 0.0000
0.7241 0.7931 0.0000 0.0000 0.0000
0.7241 0.8276 0.0000 0.0000 0.0000
0.7241 0.8621 0.0000 0.0000 0.0000
0.7241 0.8966 0.0000 0.0000 0.0000
0.7241 0.9310 0.0000 0.0000 0.0000
0.7241 0.9655 0.0000 0.0000 0.0000
0.7241 1.0000 0.0000 0.0000 0.0000

0.7586 0.0000 0.000000 1.000000 0.366231
0.7586 0.0345 0.116941 0.993139 0.276571
0.7586 0.0690 0.333076 0.942900 0.194204
0.7586 0.1034 0.727310 0.686309 0.133406
0.7586 0.1379 1.000000 0.000000 0.129370
0.7586 0.1724 0.870205 -0.492690 0.185832
0.7586 0.2069 0.727310 -0.686309 0.266812
0.7586 0.2414 0.636035 -0.771660 0.355951
0.7586 0.2759 0.0000 0.0000 0.0000
0.7586 0.3103 0.0000 0.0000 0.0000
0.7586 0.3448 0.0000 0.0000 0.0000
0.7586 0.3793 0.0000 0.0000 0.0000
0.7586 0.4138 0.0000 0.0000 0.0000
0.7586 0.4483 0.0000 0.0000 0.0000
0.7586 0.4828 0.0000 0.0000 0.0000
0.7586 0.5172 0.0000 0.0000 0.0000
0.7586 0.5517 0.0000 0.0000 0.0000
0.7586 0.5862 0.0000 0.0000 0.0000
0.7586 0.6207 0.0000 0.0000 0.0000
0.7586 0.6552 0.0000 0.0000 0.0000
0.7586 0.6897 0.0000 0.0000 0.0000
0.7586 0.7241 0.0000 0.0000 0.0000
0.7586 0.7586 0.0000 0.0000 0.0000
0.7586 0.7931 0.0000 0.0000 0.0000
0.7586 0.8276 0.0000 0.0000 0.0000
0.7586 0.8621 0.0000 0.0000 0.0000
0.7586 0.8966 0.0000 0.0000 0.0000
0.7586 0.9310 0.0000 0.0000 0.0000
0.7586 0.9655 0.0000 0.0000 0.0000
0.7586 1.0000 0.0000 0.0000 0.0000

0.7931 0.0000 0.000000 1.000000 0.328181
0.7931 0.0345 0.145246 0.989396 0.234953
0.7931 0.0690 0.446591 0.894738 0.152829
0.7931 0.1034 0.928253 0.371948 0.110291
0.7931 0.1379 0.928253 -0.371948 0.147055
0.7931 0.1724 0.750143 -0.661276 0.227464
0.7931 0.2069 0.0000 0.0000 0.0000
0.7931 0.2414 0.0000 0.0000 0.0000
0.7931 0.2759 0.0000 0.0000 0.0000
0.7931 0.3103 0.0000 0.0000 0.0000
0.7931 0.3448 0.0000 0.0000 0.0000
0.7931 0.3793 0.0000 0.0000 0.0000
0.7931 0.4138 0.0000 0.0000 0.0000
0.7931 0.4483 0.0000 0.0000 0.0000
0.7931 0.4828 0.0000 0.0000 0.0000
0.7931 0.5172 0.0000 0.0000 0.0000
0.7931 0.5517 0.0000 0.0000 0.0000
0.7931 0.5862 0.0000 0.0000 0.0000
0.7931 0.6207 0.0000 0.0000 0.0000
0.7931 0.6552 0.0000 0.0000 0.0000
0.7931 0.6897 0.0000 0.0000 0.0000
0.7931 0.7241 0.0000 0.0000 0.0000
0.7931 0.7586 0.0000 0.0000 0.0000
0.7931 0.7931 0.0000 0.0000 0.0000
0.7931 0.8276 0.0000 0.0000 0.0000
0.7931 0.8621 0.0000 0.0000 0.0000
0.7931 0.8966 0.0000 0.0000 0.0000
0.7931 0.9310 0.0000 0.0000 0.0000
0.7931 0.9655 0.0000 0.0000 0.0000
0.7931 1.0000 0.0000 0.0000 0.0000

0.8276 0.0000 0.000000 1.000000 0.285375
0.8276 0.0345 0.190061 0.981772 0.188937
0.8276 0.0690 0.642693 0.766124 0.111747
0.8276 0.1034 0.991342 -0.131304 0.108670
0.8276 0.1379 0.782888 -0.622163 0.183473
0.8276 0.1724 0.642693 -0.766124 0.279369
0.8276 0.2069 0.0000 0.0000 0.0000
0.8276 0.2414 0.0000 0.0000 0.0000
0.8276 0.2759 0.0000 0.0000 0.0000
0.8276 0.3103 0.0000 0.0000 0.0000
0.8276 0.3448 0.0000 0.0000 0.0000
0.8276 0.3793 0.0000 0.0000 0.0000
0.8276 0.4138 0.0000 0.0000 0.0000
0.8276 0.4483 0.0000 0.0000 0.0000
0.8276 0.4828 0.0000 0.0000 0.0000
0.8276 0.5172 0.0000 0.0000 0.0000
0.8276 0.5517 0.0000 0.0000 0.0000
0.8276 0.5862 0.0000 0.0000 0.0000
0.8276 0.6207 0.0000 0.0000 0.0000
0.8276 0.6552 0.0000 0.0000 0.0000
0.8276 0.6897 0.0000 0.0000 0.0000
0.8276 0.7241 0.0000 0.0000 0.0000
0.8276 0.7586 0.0000 0.0000 0.0000
0.8276 0.7931 0.0000 0.0000 0.0000
0.8276 0.8276 0.0000 0.0000 0.0000
0.8276 0.8621 0.0000 0.0000 0.0000
0.8276 0.8966 0.0000 0.0000 0.0000
0.8276 0.9310 0.0000 0.0000 0.0000
0.8276 0.9655 0.0000 0.0000 0.0000
0.8276 1.0000 0.0000 0.0000 0.0000

0.8621 0.0000 0.000000 1.000000 0.237812
0.8621 0.0345 0.271216 0.962518 0.138978
0.8621 0.0690 0.930287 0.366832 0.081036
0.8621 0.1034 0.835682 -0.549213 0.135314
0.8621 0.1379 0.645577 -0.763695 0.233548
0.8621 0.1724 0.0000 0.0000 0.0000
0.8621 0.2069 0.0000 0.0000 0.0000
0.8621 0.2414 0.0000 0.0000 0.0000
0.8621 0.2759 0.0000 0.0000 0.0000
0.8621 0.3103 0.0000 0.0000 0.0000
0.8621 0.3448 0.0000 0.0000 0.0000
0.8621 0.3793 0.0000 0.0000 0.0000
0.8621 0.4138 0.0000 0.0000 0.0000
0.8621 0.4483 0.0000 0.0000 0.0000
0.8621 0.4828 0.0000 0.0000 0.0000
0.8621 0.5172 0.0000 0.0000 0.0000
0.8621 0.5517 0.0000 0.0000 0.0000
0.8621 0.5862 0.0000 0.0000 0.0000
0.8621 0.6207 0.0000 0.0000 0.0000
0.8621 0.6552 0.0000 0.0000 0.0000
0.8621 0.6897 0.0000 0.0000 0.0000
0.8621 0.7241 0.0000 0.0000 0.0000
0.8621 0.7586 0.0000 0.0000 0.0000
0.8621 0.7931 0.0000 0.0000 0.0000
0.8621 0.8276 0.0000 0.0000 0.0000
0.8621 0.8621 0.0000 0.0000 0.0000
0.8621 0.8966 0.0000 0.0000 0.0000
0.8621 0.9310 0.0000 0.0000 0.0000
0.8621 0.9655 0.0000 0.0000 0.0000
0.8621 1.0000 0.0000 0.0000 0.0000

0.8966 0.0000 0.000000 1.000000 0.185493
0.8966 0.0345 0.454870 0.890558 0.086787
0.8966 0.0690 0.931160 -0.364611 0.084791
0.8966 0.1034 0.0000 0.0000 0.0000
0.8966 0.1379 0.0000 0.0000 0.0000
0.8966 0.1724 0.0000 0.0000 0.0000
0.8966 0.2069 0.0000 0.0000 0.0000
0.8966 0.2414 0.0000 0.0000 0.0000
0.8966 0.2759 0.0000 0.0000 0.0000
0.8966 0.3103 0.0000 0.0000 0.0000
0.8966 0.3448 0.0000 0.0000 0.0000
0.8966 0.3793 0.0000 0.0000 0.0000
0.8966 0.4138 0.0000 0.0000 0.0000
0.8966 0.4483 0.0000 0.0000 0.0000
0.8966 0.4828 0.0000 0.0000 0.0000
0.8966 0.5172 0.0000 0.0000 0.0000
0.8966 0.5517 0.0000 0.0000 0.0000
0.8966 0.5862 0.0000 0.0000 0.0000
0.8966 0.6207 0.0000 0.0000 0.0000
0.8966 0.6552 0.0000 0.0000 0.0000
0.8966 0.6897 0.0000 0.0000 0.0000
0.8966 0.7241 0.0000 0.0000 0.0000
0.8966 0.7586 0.0000 0.0000 0.0000
0.8966 0.7931 0.0000 0.0000 0.0000
0.8966 0.8276 0.0000 0.0000 0.0000
0.8966 0.8621 0.0000 0.0000 0.0000
0.8966 0.8966 0.0000 0.0000 0.0000
0.8966 0.9310 0.0000 0.0000 0.0000
0.8966 0.9655 0.0000 0.0000 0.0000
0.8966 1.0000 0.0000 0.0000 0.0000

0.9310 0.0000 0.000000 1.000000 0.128419
0.9310 0.0345 0.931954 0.362576 0.044273
0.9310 0.0690 0.650637 -0.759389 0.126831
0.9310 0.1034 0.0000 0.0000 0.0000
0.9310 0.1379 0.0000 0.0000 0.0000
0.9310 0.1724 0.0000 0.0000 0.0000
0.9310 0.2069 0.0000 0.0000 0.0000
0.9310 0.2414 0.0000 0.0000 0.0000
0.9310 0.2759 0.0000 0.0000 0.0000
0.9310 0.3103 0.0000 0.0000 0.0000
0.9310 0.3448 0.0000 0.0000 0.0000
0.9310 0.3793 0.0000 0.0000 0.0000
0.9310 0.4138 0.0000 0.0000 0.0000
0.9310 0.4483 0.0000 0.0000 0.0000
0.9310 0.4828 0.0000 0.0000 0.0000
0.9310 0.5172 0.0000 0.0000 0.0000
0.9310 0.5517 0.0000 0.0000 0.0000
0.9310 0.5862 0.0000 0.0000 0.0000
0.9310 0.6207 0.0000 0.0000 0.0000
0.9310 0.6552 0.0000 0.0000 0.0000
0.9310 0.6897 0.0000 0.0000 0.0000
0.9310 0.7241 0.0000 0.0000 0.0000
0.9310 0.7586 0.0000 0.0000 0.0000
0.9310 0.7931 0.0000 0.0000 0.0000
0.9310 0.8276 0.0000 0.0000 0.0000
0.9310 0.8621 0.0000 0.0000 0.0000
0.9310 0.8966 0.0000 0.0000 0.0000
0.9310 0.9310 0.0000 0.0000 0.0000
0.9310 0.9655 0.0000 0.0000 0.0000
0.9310 1.0000 0.0000 0.0000 0.0000

0.9655 0.0000 0.000000 1.000000 0.066587
0.9655 0.0345 0.0000 0.0000 0.0000
0.9655 0.0690 0.0000 0.0000 0.0000
0.9655 0.1034 0.0000 0.0000 0.0000
0.9655 0.1379 0.0000 0.0000 0.0000
0.9655 0.1724 0.0000 0.0000 0.0000
0.9655 0.2069 0.0000 0.0000 0.0000
0.9655 0.2414 0.0000 0.0000 0.0000
0.9655 0.2759 0.0000 0.0000 0.0000
0.9655 0.3103 0.0000 0.0000 0.0000
0.9655 0.3448 0.0000 0.0000 0.0000
0.9655 0.3793 0.0000 0.0000 0.0000
0.9655 0.4138 0.0000 0.0000 0.0000
0.9655 0.4483 0.0000 0.0000 0.0000
0.9655 0.4828 0.0000 0.0000 0.0000
0.9655 0.5172 0.0000 0.0000 0.0000
0.9655 0.5517 0.0000 0.0000 0.0000
0.9655 0.5862 0.0000 0.0000 0.0000
0.9655 0.6207 0.0000 0.0000 0.0000
0.9655 0.6552 0.0000 0.0000 0.0000
0.9655 0.6897 0.0000 0.0000 0.0000
0.9655 0.7241 0.0000 0.0000 0.0000
0.9655 0.7586 0.0000 0.0000 0.0000
0.9655 0.7931 0.0000 0.0000 0.0000
0.9655 0.8276 0.0000 0.0000 0.0000
0.9655 0.8621 0.0000 0.0000 0.0000
0.9655 0.8966 0.0000 0.0000 0.0000
0.9655 0.9310 0.0000 0.0000 0.0000
0.9655 0.9655 0.0000 0.0000 0.0000
0.9655 1.0000 0.0000 0.0000 0.0000

1.0000 0.0000 0.000000 0.000000 0.000000
1.0000 0.0345 0.0000 0.0000 0.0000
1.0000 0.0690 0.0000 0.0000 0.0000
1.0000 0.1034 0.0000 0.0000 0.0000
1.0000 0.1379 0.0000 0.0000 0.0000
1.0000 0.1724 0.0000 0.0000 0.0000
1.0000 0.2069 0.0000 0.0000 0.0000
1.0000 0.2414 0.0000 0.0000 0.0000
1.0000 0.2759 0.0000 0.0000 0.0000
1.0000 0.3103 0.0000 0.0000 0.0000
1.0000 0.3448 0.0000 0.0000 0.0000
1.0000 0.3793 0.0000 0.0000 0.0000
1.0000 0.4138 0.0000 0.0000 0.0000
1.0000 0.4483 0.0000 0.0000 0.0000
1.0000 0.4828 0.0000 0.0000 0.0000
1.0000 0.5172 0.0000 0.0000 0.0000
1.0000 0.5517 0.0000 0.0000 0.0000
1.0000 0.5862 0.0000 0.0000 0.0000
1.0000 0.6207 0.0000 0.0000 0.0000
1.0000 0.6552 0.0000 0.0000 0.0000
1.0000 0.6897 0.0000 0.0000 0.0000
1.0000 0.7241 0.0000 0.0000 0.0000
1.0000 0.7586 0.0000 0.0000 0.0000
1.0000 0.7931 0.0000 0.0000 0.0000
1.0000 0.8276 0.0000 0.0000 0.0000
1.0000 0.8621 0.0000 0.0000 0.0000
1.0000 0.8966 0.0000 0.0000 0.0000
1.0000 0.9310 0.0000 0.0000 0.0000
1.0000 0.9655 0.0000 0.0000 0.0000
1.0000 1.0000 0.0000 0.0000 0.0000

