0.0000 0.0000 0.000000 0.000000 0.000000
0.0000 0.0345 -1.000000 0.000000 0.006897
0.0000 0.0690 -1.000000 0.000000 0.013793
0.0000 0.1034 -1.000000 0.000000 0.020690
0.0000 0.1379 -1.000000 0.000000 0.027586
0.0000 0.1724 -1.000000 0.000000 0.034483
0.0000 0.2069 -1.000000 0.000000 0.041379
0.0000 0.2414 -1.000000 0.000000 0.048276
0.0000 0.2759 -1.000000 0.000000 0.055172
0.0000 0.3103 -1.000000 0.000000 0.062069
0.0000 0.3448 -1.000000 0.000000 0.068966
0.0000 0.3793 -1.000000 0.000000 0.075862
0.0000 0.4138 -1.000000 0.000000 0.082759
0.0000 0.4483 -1.000000 0.000000 0.089655
0.0000 0.4828 -1.000000 0.000000 0.096552
0.0000 0.5172 -1.000000 0.000000 0.103448
0.0000 0.5517 -1.000000 0.000000 0.110345
0.0000 0.5862 -1.000000 -0.000000 0.117241
0.0000 0.6207 -1.000000 -0.000000 0.124138
0.0000 0.6552 -1.000000 -0.000000 0.131034
0.0000 0.6897 -1.000000 -0.000000 0.137931
0.0000 0.7241 -1.000000 -0.000000 0.144828
0.0000 0.7586 -1.000000 -0.000000 0.151724
0.0000 0.7931 -1.000000 -0.000000 0.158621
0.0000 0.8276 -1.000000 -0.000000 0.165517
0.0000 0.8621 -1.000000 -0.000000 0.172414
0.0000 0.8966 -1.000000 -0.000000 0.179310
0.0000 0.9310 -1.000000 -0.000000 0.186207
0.0000 0.9655 -1.000000 -0.000000 0.193103
0.0000 1.0000 -1.000000 -0.000000 0.200000

0.0345 0.0000 0.000000 1.000000 0.599287
0.0345 0.0345 0.016294 0.999867 0.561906
0.0345 0.0690 0.034899 0.999391 0.524695
0.0345 0.1034 0.056321 0.998413 0.487694
0.0345 0.1379 0.081212 0.996697 0.450955
0.0345 0.1724 0.110432 0.993884 0.414545
0.0345 0.2069 0.145114 0.989415 0.378561
0.0345 0.2414 0.186778 0.982402 0.343137
0.0345 0.2759 0.237453 0.971399 0.308466
0.0345 0.3103 0.299827 0.953994 0.274832
0.0345 0.3448 0.377297 0.926092 0.242667
0.0345 0.3793 0.473633 0.880722 0.212640
0.0345 0.4138 0.591364 0.806405 0.185790
0.0345 0.4483 0.727154 0.686474 0.163686
0.0345 0.4828 0.863372 0.504568 0.148465
0.0345 0.5172 0.964764 0.263117 0.142352
0.0345 0.5517 1.000000 0.000000 0.146492
0.0345 0.5862 0.972246 -0.233963 0.160091
0.0345 0.6207 0.910366 -0.413803 0.181030
0.0345 0.6552 0.840001 -0.542585 0.207094
0.0345 0.6897 0.773957 -0.633238 0.236596
0.0345 0.7241 0.716349 -0.697742 0.268404
0.0345 0.7586 0.667440 -0.744664 0.301790
0.0345 0.7931 0.626203 -0.779660 0.336285
0.0345 0.8276 0.591364 -0.806405 0.371579
0.0345 0.8621 0.561751 -0.827306 0.407465
0.0345 0.8966 0.536390 -0.843970 0.443800
0.0345 0.9310 0.514496 -0.857493 0.480482
0.0345 0.9655 0.495446 -0.868639 0.517436
0.0345 1.0000 0.0000 0.0000 0.0000

0.0690 0.0000 0.000000 1.000000 1.155767
0.0690 0.0345 0.023316 0.999728 1.081150
0.0690 0.0690 0.050055 0.998746 1.007208
0.0690 0.1034 0.080959 0.996717 0.934101
0.0690 0.1379 0.116969 0.993136 0.862041
0.0690 0.1724 0.159280 0.987233 0.791315
0.0690 0.2069 0.209394 0.977831 0.722315
0.0690 0.2414 0.269159 0.963096 0.655585
0.0690 0.2759 0.340711 0.940168 0.591894
0.0690 0.3103 0.426184 0.904636 0.532335
0.0690 0.3448 0.526868 0.849947 0.478452
0.0690 0.3793 0.641320 0.767274 0.432372
0.0690 0.4138 0.762294 0.647231 0.396825
0.0690 0.4483 0.874307 0.485374 0.374817
0.0690 0.4828 0.956970 0.290186 0.368782
0.0690 0.5172 0.996415 0.084601 0.379482
0.0690 0.5517 0.994415 -0.105539 0.405595
0.0690 0.5862 0.964281 -0.264883 0.444412
0.0690 0.6207 0.920487 -0.390773 0.492941
0.0690 0.6552 0.873030 -0.487666 0.548611
0.0690 0.6897 0.827217 -0.561883 0.609468
0.0690 0.7241 0.785289 -0.619129 0.674108
0.0690 0.7586 0.747869 -0.663846 0.741544
0.0690 0.7931 0.714834 -0.699294 0.811078
0.0690 0.8276 0.685768 -0.727820 0.882214
0.0690 0.8621 0.660179 -0.751109 0.954594
0.0690 0.8966 0.637587 -0.770379 1.027955
0.0690 0.9310 0.617564 -0.786520 1.102101
0.0690 0.9655 0.0000 0.0000 0.0000
0.0690 1.0000 0.0000 0.0000 0.0000

0.1034 0.0000 0.000000 1.000000 1.669441
0.1034 0.0345 0.026489 0.999649 1.557622
0.1034 0.0690 0.057026 0.998373 1.447064
0.1034 0.1034 0.092507 0.995712 1.338080
0.1034 0.1379 0.134061 0.990973 1.231089
0.1034 0.1724 0.183110 0.983093 1.126659
0.1034 0.2069 0.241390 0.970428 1.025572
0.1034 0.2414 0.310923 0.950435 0.928919
0.1034 0.2759 0.393782 0.919204 0.838238
0.1034 0.3103 0.491404 0.870932 0.755679
0.1034 0.3448 0.603054 0.797700 0.684191
0.1034 0.3793 0.723214 0.690624 0.627566
0.1034 0.4138 0.839051 0.544053 0.590101
0.1034 0.4483 0.931954 0.362576 0.575549
0.1034 0.4828 0.986383 0.164465 0.585620
0.1034 0.5172 0.999664 -0.025928 0.619114
0.1034 0.5517 0.981601 -0.190945 0.672541
0.1034 0.5862 0.945824 -0.324681 0.741604
0.1034 0.6207 0.903101 -0.429428 0.822375
0.1034 0.6552 0.859831 -0.510578 0.911746
0.1034 0.6897 0.819121 -0.573621 1.007431
0.1034 0.7241 0.782155 -0.623084 1.107796
0.1034 0.7586 0.749150 -0.662400 1.211678
0.1034 0.7931 0.719888 -0.694090 1.318246
0.1034 0.8276 0.693988 -0.719987 1.426898
0.1034 0.8621 0.671035 -0.741426 1.537193
0.1034 0.8966 0.650637 -0.759389 1.648801
0.1034 0.9310 0.0000 0.0000 0.0000
0.1034 0.9655 0.0000 0.0000 0.0000
0.1034 1.0000 0.0000 0.0000 0.0000

0.1379 0.0000 0.000000 1.000000 2.140309
0.1379 0.0345 0.028781 0.999586 1.991312
0.1379 0.0690 0.062154 0.998067 1.844232
0.1379 0.1034 0.101166 0.994870 1.699564
0.1379 0.1379 0.147146 0.989115 1.557982
0.1379 0.1724 0.201747 0.979438 1.420408
0.1379 0.2069 0.266958 0.963708 1.288128
0.1379 0.2414 0.344976 0.938612 1.162949
0.1379 0.2759 0.437744 0.899100 1.047421
0.1379 0.3103 0.545784 0.837926 0.945089
0.1379 0.3448 0.665906 0.746036 0.860673
0.1379 0.3793 0.788182 0.615442 0.799866
0.1379 0.4138 0.895169 0.445727 0.768294
0.1379 0.4483 0.968166 0.250308 0.769563
0.1379 0.4828 0.998580 0.053273 0.803519
0.1379 0.5172 0.992341 -0.123528 0.866326
0.1379 0.5517 0.962943 -0.269704 0.952292
0.1379 0.5862 0.922844 -0.385175 1.055776
0.1379 0.6207 0.880119 -0.474753 1.172147
0.1379 0.6552 0.838975 -0.544170 1.297943
0.1379 0.6897 0.801195 -0.598403 1.430681
0.1379 0.7241 0.767288 -0.641302 1.568598
0.1379 0.7586 0.737166 -0.675712 1.710443
0.1379 0.7931 0.710495 -0.703702 1.855315
0.1379 0.8276 0.686875 -0.726776 2.002557
0.1379 0.8621 0.665906 -0.746036 2.151682
0.1379 0.8966 0.0000 0.0000 0.0000
0.1379 0.9310 0.0000 0.0000 0.0000
0.1379 0.9655 0.0000 0.0000 0.0000
0.1379 1.0000 0.0000 0.0000 0.0000

0.1724 0.0000 0.000000 1.000000 2.568371
0.1724 0.0345 0.030797 0.999526 2.382224
0.1724 0.0690 0.066734 0.997771 2.198718
0.1724 0.1034 0.109035 0.994038 2.018575
0.1724 0.1379 0.159249 0.987239 1.842779
0.1724 0.1724 0.219301 0.975657 1.672704
0.1724 0.2069 0.291462 0.956582 1.510282
0.1724 0.2414 0.378098 0.925766 1.358261
0.1724 0.2759 0.480871 0.876791 1.220535
0.1724 0.3103 0.598912 0.800815 1.102474
0.1724 0.3448 0.725674 0.688038 1.010991
0.1724 0.3793 0.846137 0.532965 0.953764
0.1724 0.4138 0.939482 0.342599 0.937092
0.1724 0.4483 0.990307 0.138897 0.963081
0.1724 0.4828 0.998646 -0.052025 1.028503
0.1724 0.5172 0.976890 -0.213744 1.126510
0.1724 0.5517 0.939482 -0.342599 1.249455
0.1724 0.5862 0.896791 -0.442454 1.390742
0.1724 0.6207 0.854546 -0.519376 1.545348
0.1724 0.6552 0.815328 -0.578999 1.709662
0.1724 0.6897 0.780005 -0.625774 1.881144
0.1724 0.7241 0.748623 -0.662996 2.058001
0.1724 0.7586 0.720884 -0.693056 2.238960
0.1724 0.7931 0.696378 -0.717675 2.423103
0.1724 0.8276 0.674684 -0.738107 2.609756
0.1724 0.8621 0.0000 0.0000 0.0000
0.1724 0.8966 0.0000 0.0000 0.0000
0.1724 0.9310 0.0000 0.0000 0.0000
0.1724 0.9655 0.0000 0.0000 0.0000
0.1724 1.0000 0.0000 0.0000 0.0000

0.2069 0.0000 0.000000 1.000000 2.953627
0.2069 0.0345 0.032749 0.999464 2.730359
0.2069 0.0690 0.071234 0.997460 2.510539
0.2069 0.1034 0.116877 0.993146 2.295159
0.2069 0.1379 0.171495 0.985185 2.085595
0.2069 0.1724 0.237334 0.971428 1.883788
0.2069 0.2069 0.316986 0.948430 1.692515
0.2069 0.2414 0.412940 0.910758 1.515769
0.2069 0.2759 0.526282 0.850310 1.359230
0.2069 0.3103 0.653937 0.756549 1.230633
0.2069 0.3448 0.784722 0.619847 1.139478
0.2069 0.3793 0.898131 0.439728 1.095153
0.2069 0.4138 0.972528 0.232786 1.103319
0.2069 0.4483 0.999619 0.027608 1.162869
0.2069 0.4828 0.988367 -0.152085 1.266577
0.2069 0.5172 0.954841 -0.297118 1.404695
0.2069 0.5517 0.912330 -0.409456 1.568159
0.2069 0.5862 0.868686 -0.495363 1.749879
0.2069 0.6207 0.827622 -0.561286 1.944744
0.2069 0.6552 0.790501 -0.612461 2.149182
0.2069 0.6897 0.757547 -0.652780 2.360707
0.2069 0.7241 0.728501 -0.685045 2.577575
0.2069 0.7586 0.702931 -0.711258 2.798543
0.2069 0.7931 0.680382 -0.732858 3.022714
0.2069 0.8276 0.0000 0.0000 0.0000
0.2069 0.8621 0.0000 0.0000 0.0000
0.2069 0.8966 0.0000 0.0000 0.0000
0.2069 0.9310 0.0000 0.0000 0.0000
0.2069 0.9655 0.0000 0.0000 0.0000
0.2069 1.0000 0.0000 0.0000 0.0000

0.2414 0.0000 0.000000 1.000000 3.296076
0.2414 0.0345 0.034743 0.999396 3.035721
0.2414 0.0690 0.075885 0.997117 2.779716
0.2414 0.1034 0.125093 0.992145 2.529381
0.2414 0.1379 0.184502 0.982832 2.286580
0.2414 0.1724 0.256744 0.966480 2.053987
0.2414 0.2069 0.344769 0.938688 1.835487
0.2414 0.2414 0.451074 0.892486 1.636732
0.2414 0.2759 0.575638 0.817705 1.465778
0.2414 0.3103 0.711906 0.702275 1.333360
0.2414 0.3448 0.842565 0.538595 1.251770
0.2414 0.3793 0.942341 0.334653 1.231153
0.2414 0.4138 0.993066 0.117556 1.274473
0.2414 0.4483 0.996659 -0.081679 1.375703
0.2414 0.4828 0.969301 -0.245877 1.523340
0.2414 0.5172 0.927681 -0.373373 1.705376
0.2414 0.5517 0.882587 -0.470149 1.912010
0.2414 0.5862 0.839367 -0.543565 2.136115
0.2414 0.6207 0.800108 -0.599856 2.372747
0.2414 0.6552 0.765291 -0.643684 2.618511
0.2414 0.6897 0.734708 -0.678383 2.871063
0.2414 0.7241 0.707904 -0.706308 3.128760
0.2414 0.7586 0.684377 -0.729128 3.390429
0.2414 0.7931 0.0000 0.0000 0.0000
0.2414 0.8276 0.0000 0.0000 0.0000
0.2414 0.8621 0.0000 0.0000 0.0000
0.2414 0.8966 0.0000 0.0000 0.0000
0.2414 0.9310 0.0000 0.0000 0.0000
0.2414 0.9655 0.0000 0.0000 0.0000
0.2414 1.0000 0.0000 0.0000 0.0000

0.2759 0.0000 0.000000 1.000000 3.595719
0.2759 0.0345 0.036844 0.999321 3.298316
0.2759 0.0690 0.080846 0.996727 3.006273
0.2759 0.1034 0.133967 0.990986 2.721320
0.2759 0.1379 0.198733 0.980054 2.445934
0.2759 0.1724 0.278243 0.960511 2.183737
0.2759 0.2069 0.375825 0.926691 1.940086
0.2759 0.2414 0.493744 0.869607 1.722865
0.2759 0.2759 0.629943 0.776642 1.543277
0.2759 0.3103 0.772541 0.634965 1.415715
0.2759 0.3448 0.896871 0.442292 1.354955
0.2759 0.3793 0.975785 0.218731 1.369914
0.2759 0.4138 1.000000 0.000000 1.458264
0.2759 0.4483 0.982483 -0.186351 1.607952
0.2759 0.4828 0.943195 -0.332241 1.803772
0.2759 0.5172 0.896871 -0.442292 2.032433
0.2759 0.5517 0.851258 -0.524748 2.284093
0.2759 0.5862 0.809525 -0.587085 2.551958
0.2759 0.6207 0.772541 -0.634965 2.831431
0.2759 0.6552 0.740181 -0.672407 3.119394
0.2759 0.6897 0.711966 -0.702213 3.413700
0.2759 0.7241 0.687334 -0.726341 3.712840
0.2759 0.7586 0.0000 0.0000 0.0000
0.2759 0.7931 0.0000 0.0000 0.0000
0.2759 0.8276 0.0000 0.0000 0.0000
0.2759 0.8621 0.0000 0.0000 0.0000
0.2759 0.8966 0.0000 0.0000 0.0000
0.2759 0.9310 0.0000 0.0000 0.0000
0.2759 0.9655 0.0000 0.0000 0.0000
0.2759 1.0000 0.0000 0.0000 0.0000

0.3103 0.0000 0.000000 1.000000 3.852557
0.3103 0.0345 0.039104 0.999235 3.518149
0.3103 0.0690 0.086247 0.996274 3.190247
0.3103 0.1034 0.143752 0.989614 2.871080
0.3103 0.1379 0.214632 0.976695 2.563914
0.3103 0.1724 0.302545 0.953135 2.273616
0.3103 0.2069 0.411177 0.911555 2.007518
0.3103 0.2414 0.542080 0.840327 1.776529
0.3103 0.2759 0.689611 0.724180 1.595965
0.3103 0.3103 0.834152 0.551535 1.484345
0.3103 0.3448 0.943846 0.330387 1.457593
0.3103 0.3793 0.995474 0.095034 1.520198
0.3103 0.4138 0.993261 -0.115895 1.662092
0.3103 0.4483 0.958826 -0.283995 1.865267
0.3103 0.4828 0.911903 -0.410407 2.112112
0.3103 0.5172 0.863752 -0.503917 2.389129
0.3103 0.5517 0.819199 -0.573510 2.687003
0.3103 0.5862 0.779711 -0.626139 2.999526
0.3103 0.6207 0.745309 -0.666720 3.322567
0.3103 0.6552 0.715486 -0.698627 3.653336
0.3103 0.6897 0.689611 -0.724180 3.989914
0.3103 0.7241 0.0000 0.0000 0.0000
0.3103 0.7586 0.0000 0.0000 0.0000
0.3103 0.7931 0.0000 0.0000 0.0000
0.3103 0.8276 0.0000 0.0000 0.0000
0.3103 0.8621 0.0000 0.0000 0.0000
0.3103 0.8966 0.0000 0.0000 0.0000
0.3103 0.9310 0.0000 0.0000 0.0000
0.3103 0.9655 0.0000 0.0000 0.0000
0.3103 1.0000 0.0000 0.0000 0.0000

0.3448 0.0000 0.000000 1.000000 4.066587
0.3448 0.0345 0.041574 0.999135 3.695228
0.3448 0.0690 0.092222 0.995738 3.331677
0.3448 0.1034 0.154720 0.987958 2.978795
0.3448 0.1379 0.232692 0.972551 2.640861
0.3448 0.1724 0.330464 0.943818 2.324406
0.3448 0.2069 0.451965 0.892036 2.039450
0.3448 0.2414 0.597102 0.802166 1.801011
0.3448 0.2759 0.754166 0.656684 1.629633
0.3448 0.3103 0.893318 0.449425 1.547757
0.3448 0.3448 0.978854 0.204559 1.569454
0.3448 0.3793 0.999499 -0.031648 1.690740
0.3448 0.4138 0.974085 -0.226181 1.892565
0.3448 0.4483 0.927874 -0.372895 2.152391
0.3448 0.4828 0.877205 -0.480116 2.451847
0.3448 0.5172 0.829473 -0.558546 2.778148
0.3448 0.5517 0.787100 -0.616826 3.122890
0.3448 0.5862 0.750346 -0.661045 3.480598
0.3448 0.6207 0.718692 -0.695329 3.847657
0.3448 0.6552 0.691417 -0.722456 4.221629
0.3448 0.6897 0.0000 0.0000 0.0000
0.3448 0.7241 0.0000 0.0000 0.0000
0.3448 0.7586 0.0000 0.0000 0.0000
0.3448 0.7931 0.0000 0.0000 0.0000
0.3448 0.8276 0.0000 0.0000 0.0000
0.3448 0.8621 0.0000 0.0000 0.0000
0.3448 0.8966 0.0000 0.0000 0.0000
0.3448 0.9310 0.0000 0.0000 0.0000
0.3448 0.9655 0.0000 0.0000 0.0000
0.3448 1.0000 0.0000 0.0000 0.0000

0.3793 0.0000 0.000000 1.000000 4.237812
0.3793 0.0345 0.044308 0.999018 3.829564
0.3793 0.0690 0.098920 0.995095 3.430619
0.3793 0.1034 0.167191 0.985924 3.044638
0.3793 0.1379 0.253514 0.967332 2.677235
0.3793 0.1724 0.362999 0.931790 2.337185
0.3793 0.2069 0.499490 0.866320 2.038226
0.3793 0.2414 0.659518 0.751688 1.800940
0.3793 0.2759 0.821632 0.570018 1.652116
0.3793 0.3103 0.944773 0.327724 1.616378
0.3793 0.3448 0.997602 0.069210 1.700868
0.3793 0.3793 0.987797 -0.155749 1.889527
0.3793 0.4138 0.944773 -0.327724 2.155170
0.3793 0.4483 0.891923 -0.452188 2.473114
0.3793 0.4828 0.840661 -0.541561 2.825758
0.3793 0.5172 0.794958 -0.606664 3.201658
0.3793 0.5517 0.755488 -0.655162 3.593522
0.3793 0.5862 0.721739 -0.692166 3.996658
0.3793 0.6207 0.692886 -0.721048 4.407974
0.3793 0.6552 0.0000 0.0000 0.0000
0.3793 0.6897 0.0000 0.0000 0.0000
0.3793 0.7241 0.0000 0.0000 0.0000
0.3793 0.7586 0.0000 0.0000 0.0000
0.3793 0.7931 0.0000 0.0000 0.0000
0.3793 0.8276 0.0000 0.0000 0.0000
0.3793 0.8621 0.0000 0.0000 0.0000
0.3793 0.8966 0.0000 0.0000 0.0000
0.3793 0.9310 0.0000 0.0000 0.0000
0.3793 0.9655 0.0000 0.0000 0.0000
0.3793 1.0000 0.0000 0.0000 0.0000

0.4138 0.0000 0.000000 1.000000 4.366231
0.4138 0.0345 0.047366 0.998878 3.921167
0.4138 0.0690 0.106523 0.994310 3.487142
0.4138 0.1034 0.181565 0.983379 3.068843
0.4138 0.1379 0.277868 0.960619 2.673662
0.4138 0.1724 0.401412 0.915898 2.313475
0.4138 0.2069 0.555192 0.831722 2.007210
0.4138 0.2414 0.729225 0.684274 1.782877
0.4138 0.2759 0.887737 0.460350 1.673750
0.4138 0.3103 0.982051 0.188614 1.702133
0.4138 0.3448 0.997618 -0.068977 1.861747
0.4138 0.3793 0.962248 -0.272176 2.123200
0.4138 0.4138 0.908163 -0.418616 2.454156
0.4138 0.4483 0.853080 -0.521780 2.830339
0.4138 0.4828 0.803531 -0.595263 3.236014
0.4138 0.5172 0.760905 -0.648864 3.661390
0.4138 0.5517 0.724745 -0.689018 4.100342
0.4138 0.5862 0.694103 -0.719876 4.548940
0.4138 0.6207 0.0000 0.0000 0.0000
0.4138 0.6552 0.0000 0.0000 0.0000
0.4138 0.6897 0.0000 0.0000 0.0000
0.4138 0.7241 0.0000 0.0000 0.0000
0.4138 0.7586 0.0000 0.0000 0.0000
0.4138 0.7931 0.0000 0.0000 0.0000
0.4138 0.8276 0.0000 0.0000 0.0000
0.4138 0.8621 0.0000 0.0000 0.0000
0.4138 0.8966 0.0000 0.0000 0.0000
0.4138 0.9310 0.0000 0.0000 0.0000
0.4138 0.9655 0.0000 0.0000 0.0000
0.4138 1.0000 0.0000 0.0000 0.0000

0.4483 0.0000 0.000000 1.000000 4.451843
0.4483 0.0345 0.050826 0.998708 3.970054
0.4483 0.0690 0.115261 0.993335 3.501338
0.4483 0.1034 0.198364 0.980129 3.051724
0.4483 0.1379 0.306776 0.951782 2.631025
0.4483 0.1724 0.447319 0.894374 2.255477
0.4483 0.2069 0.620450 0.784246 1.951328
0.4483 0.2414 0.804342 0.594166 1.756075
0.4483 0.2759 0.945403 0.325905 1.707493
0.4483 0.3103 0.999267 0.038275 1.817384
0.4483 0.3448 0.979272 -0.202548 2.060546
0.4483 0.3793 0.926094 -0.377294 2.396755
0.4483 0.4138 0.867077 -0.498174 2.792603
0.4483 0.4483 0.813085 -0.582144 3.226213
0.4483 0.4828 0.766764 -0.641929 3.684275
0.4483 0.5172 0.727810 -0.685779 4.158717
0.4483 0.5517 0.695128 -0.718886 4.644523
0.4483 0.5862 0.0000 0.0000 0.0000
0.4483 0.6207 0.0000 0.0000 0.0000
0.4483 0.6552 0.0000 0.0000 0.0000
0.4483 0.6897 0.0000 0.0000 0.0000
0.4483 0.7241 0.0000 0.0000 0.0000
0.4483 0.7586 0.0000 0.0000 0.0000
0.4483 0.7931 0.0000 0.0000 0.0000
0.4483 0.8276 0.0000 0.0000 0.0000
0.4483 0.8621 0.0000 0.0000 0.0000
0.4483 0.8966 0.0000 0.0000 0.0000
0.4483 0.9310 0.0000 0.0000 0.0000
0.4483 0.9655 0.0000 0.0000 0.0000
0.4483 1.0000 0.0000 0.0000 0.0000

0.4828 0.0000 0.000000 1.000000 4.494649
0.4828 0.0345 0.054784 0.998498 3.976245
0.4828 0.0690 0.125433 0.992102 3.473330
0.4828 0.1034 0.218293 0.975883 2.993721
0.4828 0.1379 0.341623 0.939837 2.550598
0.4828 0.1724 0.502744 0.864435 2.166468
0.4828 0.2069 0.696003 0.718038 1.877887
0.4828 0.2414 0.879761 0.475417 1.733257
0.4828 0.2759 0.985538 0.169457 1.768260
0.4828 0.3103 0.993494 -0.113883 1.973362
0.4828 0.3448 0.945647 -0.325195 2.303565
0.4828 0.3793 0.883039 -0.469300 2.713579
0.4828 0.4138 0.823937 -0.566682 3.172610
0.4828 0.4483 0.773254 -0.634097 3.662274
0.4828 0.4828 0.731029 -0.682347 4.171796
0.4828 0.5172 0.0000 0.0000 0.0000
0.4828 0.5517 0.0000 0.0000 0.0000
0.4828 0.5862 0.0000 0.0000 0.0000
0.4828 0.6207 0.0000 0.0000 0.0000
0.4828 0.6552 0.0000 0.0000 0.0000
0.4828 0.6897 0.0000 0.0000 0.0000
0.4828 0.7241 0.0000 0.0000 0.0000
0.4828 0.7586 0.0000 0.0000 0.0000
0.4828 0.7931 0.0000 0.0000 0.0000
0.4828 0.8276 0.0000 0.0000 0.0000
0.4828 0.8621 0.0000 0.0000 0.0000
0.4828 0.8966 0.0000 0.0000 0.0000
0.4828 0.9310 0.0000 0.0000 0.0000
0.4828 0.9655 0.0000 0.0000 0.0000
0.4828 1.0000 0.0000 0.0000 0.0000

0.5172 0.0000 0.000000 1.000000 4.494649
0.5172 0.0345 0.059366 0.998236 3.939767
0.5172 0.0690 0.137448 0.990509 3.403288
0.5172 0.1034 0.242333 0.970193 2.895460
0.5172 0.1379 0.384324 0.923198 2.434282
0.5172 0.1724 0.570054 0.821608 2.051458
0.5172 0.2069 0.780598 0.625034 1.797763
0.5172 0.2414 0.945857 0.324582 1.730935
0.5172 0.2759 1.000000 0.000000 1.871106
0.5172 0.3103 0.966178 -0.257877 2.178682
0.5172 0.3448 0.901373 -0.433044 2.594800
0.5172 0.3793 0.836478 -0.548000 3.075717
0.5172 0.4138 0.780598 -0.625034 3.595525
0.5172 0.4483 0.734503 -0.678606 4.139599
0.5172 0.4828 0.0000 0.0000 0.0000
0.5172 0.5172 0.0000 0.0000 0.0000
0.5172 0.5517 0.0000 0.0000 0.0000
0.5172 0.5862 0.0000 0.0000 0.0000
0.5172 0.6207 0.0000 0.0000 0.0000
0.5172 0.6552 0.0000 0.0000 0.0000
0.5172 0.6897 0.0000 0.0000 0.0000
0.5172 0.7241 0.0000 0.0000 0.0000
0.5172 0.7586 0.0000 0.0000 0.0000
0.5172 0.7931 0.0000 0.0000 0.0000
0.5172 0.8276 0.0000 0.0000 0.0000
0.5172 0.8621 0.0000 0.0000 0.0000
0.5172 0.8966 0.0000 0.0000 0.0000
0.5172 0.9310 0.0000 0.0000 0.0000
0.5172 0.9655 0.0000 0.0000 0.0000
0.5172 1.0000 0.0000 0.0000 0.0000

0.5517 0.0000 0.000000 1.000000 4.451843
0.5517 0.0345 0.064740 0.997902 3.860656
0.5517 0.0690 0.151873 0.988400 3.291451
0.5517 0.1034 0.271884 0.962330 2.757872
0.5517 0.1379 0.437529 0.899204 2.285017
0.5517 0.1724 0.651455 0.758688 1.918326
0.5517 0.2069 0.868446 0.495783 1.726811
0.5517 0.2414 0.989396 0.145242 1.768335
0.5517 0.2759 0.985649 -0.168808 2.028637
0.5517 0.3103 0.922426 -0.386173 2.438639
0.5517 0.3448 0.851213 -0.524820 2.936287
0.5517 0.3793 0.789084 -0.614285 3.484225
0.5517 0.4138 0.738349 -0.674419 4.062155
0.5517 0.4483 0.697419 -0.716663 4.658928
0.5517 0.4828 0.0000 0.0000 0.0000
0.5517 0.5172 0.0000 0.0000 0.0000
0.5517 0.5517 0.0000 0.0000 0.0000
0.5517 0.5862 0.0000 0.0000 0.0000
0.5517 0.6207 0.0000 0.0000 0.0000
0.5517 0.6552 0.0000 0.0000 0.0000
0.5517 0.6897 0.0000 0.0000 0.0000
0.5517 0.7241 0.0000 0.0000 0.0000
0.5517 0.7586 0.0000 0.0000 0.0000
0.5517 0.7931 0.0000 0.0000 0.0000
0.5517 0.8276 0.0000 0.0000 0.0000
0.5517 0.8621 0.0000 0.0000 0.0000
0.5517 0.8966 0.0000 0.0000 0.0000
0.5517 0.9310 0.0000 0.0000 0.0000
0.5517 0.9655 0.0000 0.0000 0.0000
0.5517 1.0000 0.0000 0.0000 0.0000

0.5862 0.0000 0.000000 1.000000 4.366231
0.5862 0.0345 0.071141 0.997466 3.738962
0.5862 0.0690 0.169521 0.985527 3.138167
0.5862 0.1034 0.309008 0.951059 2.582388
0.5862 0.1379 0.504839 0.863214 2.107547
0.5862 0.1724 0.747317 0.664468 1.779652
0.5862 0.2069 0.946201 0.323578 1.686699
0.5862 0.2414 0.998809 -0.048795 1.864171
0.5862 0.2759 0.946201 -0.323578 2.248932
0.5862 0.3103 0.868792 -0.495177 2.755475
0.5862 0.3448 0.799099 -0.601200 3.328660
0.5862 0.3793 0.742713 -0.669610 3.939505
0.5862 0.4138 0.698000 -0.716098 4.572942
0.5862 0.4483 0.0000 0.0000 0.0000
0.5862 0.4828 0.0000 0.0000 0.0000
0.5862 0.5172 0.0000 0.0000 0.0000
0.5862 0.5517 0.0000 0.0000 0.0000
0.5862 0.5862 0.0000 0.0000 0.0000
0.5862 0.6207 0.0000 0.0000 0.0000
0.5862 0.6552 0.0000 0.0000 0.0000
0.5862 0.6897 0.0000 0.0000 0.0000
0.5862 0.7241 0.0000 0.0000 0.0000
0.5862 0.7586 0.0000 0.0000 0.0000
0.5862 0.7931 0.0000 0.0000 0.0000
0.5862 0.8276 0.0000 0.0000 0.0000
0.5862 0.8621 0.0000 0.0000 0.0000
0.5862 0.8966 0.0000 0.0000 0.0000
0.5862 0.9310 0.0000 0.0000 0.0000
0.5862 0.9655 0.0000 0.0000 0.0000
0.5862 1.0000 0.0000 0.0000 0.0000

0.6207 0.0000 0.000000 1.000000 4.237812
0.6207 0.0345 0.078899 0.996883 3.574759
0.6207 0.0690 0.191609 0.981471 2.943965
0.6207 0.1034 0.356821 0.934173 2.371317
0.6207 0.1379 0.590716 0.806880 1.909854
0.6207 0.1724 0.851930 0.523656 1.655332
0.6207 0.2069 0.993584 0.113098 1.703199
0.6207 0.2414 0.971517 -0.236970 2.032199
0.6207 0.2759 0.890032 -0.455898 2.535146
0.6207 0.3103 0.811184 -0.584791 3.129262
0.6207 0.3448 0.747792 -0.663933 3.771707
0.6207 0.3793 0.698515 -0.715595 4.441560
0.6207 0.4138 0.0000 0.0000 0.0000
0.6207 0.4483 0.0000 0.0000 0.0000
0.6207 0.4828 0.0000 0.0000 0.0000
0.6207 0.5172 0.0000 0.0000 0.0000
0.6207 0.5517 0.0000 0.0000 0.0000
0.6207 0.5862 0.0000 0.0000 0.0000
0.6207 0.6207 0.0000 0.0000 0.0000
0.6207 0.6552 0.0000 0.0000 0.0000
0.6207 0.6897 0.0000 0.0000 0.0000
0.6207 0.7241 0.0000 0.0000 0.0000
0.6207 0.7586 0.0000 0.0000 0.0000
0.6207 0.7931 0.0000 0.0000 0.0000
0.6207 0.8276 0.0000 0.0000 0.0000
0.6207 0.8621 0.0000 0.0000 0.0000
0.6207 0.8966 0.0000 0.0000 0.0000
0.6207 0.9310 0.0000 0.0000 0.0000
0.6207 0.9655 0.0000 0.0000 0.0000
0.6207 1.0000 0.0000 0.0000 0.0000

0.6552 0.0000 0.000000 1.000000 4.066587
0.6552 0.0345 0.088505 0.996076 3.368152
0.6552 0.0690 0.220024 0.975495 2.709684
0.6552 0.1034 0.420131 0.907463 2.128603
0.6552 0.1379 0.698975 0.715146 1.705912
0.6552 0.1724 0.946471 0.322789 1.574784
0.6552 0.2069 0.993600 -0.112954 1.800105
0.6552 0.2414 0.915825 -0.401577 2.278472
0.6552 0.2759 0.826123 -0.563490 2.886714
0.6552 0.3103 0.753861 -0.657034 3.558851
0.6552 0.3448 0.698975 -0.715146 4.264780
0.6552 0.3793 0.0000 0.0000 0.0000
0.6552 0.4138 0.0000 0.0000 0.0000
0.6552 0.4483 0.0000 0.0000 0.0000
0.6552 0.4828 0.0000 0.0000 0.0000
0.6552 0.5172 0.0000 0.0000 0.0000
0.6552 0.5517 0.0000 0.0000 0.0000
0.6552 0.5862 0.0000 0.0000 0.0000
0.6552 0.6207 0.0000 0.0000 0.0000
0.6552 0.6552 0.0000 0.0000 0.0000
0.6552 0.6897 0.0000 0.0000 0.0000
0.6552 0.7241 0.0000 0.0000 0.0000
0.6552 0.7586 0.0000 0.0000 0.0000
0.6552 0.7931 0.0000 0.0000 0.0000
0.6552 0.8276 0.0000 0.0000 0.0000
0.6552 0.8621 0.0000 0.0000 0.0000
0.6552 0.8966 0.0000 0.0000 0.0000
0.6552 0.9310 0.0000 0.0000 0.0000
0.6552 0.9655 0.0000 0.0000 0.0000
0.6552 1.0000 0.0000 0.0000 0.0000

0.6897 0.0000 0.000000 1.000000 3.852557
0.6897 0.0345 0.100711 0.994916 3.119308
0.6897 0.0690 0.257845 0.966186 2.436735
0.6897 0.1034 0.506300 0.862358 1.861446
0.6897 0.1379 0.826426 0.563046 1.520523
0.6897 0.1724 0.997687 0.067973 1.574390
0.6897 0.2069 0.946585 -0.322455 1.991263
0.6897 0.2414 0.845085 -0.534632 2.602164
0.6897 0.2759 0.761328 -0.648367 3.301074
0.6897 0.3103 0.0000 0.0000 0.0000
0.6897 0.3448 0.0000 0.0000 0.0000
0.6897 0.3793 0.0000 0.0000 0.0000
0.6897 0.4138 0.0000 0.0000 0.0000
0.6897 0.4483 0.0000 0.0000 0.0000
0.6897 0.4828 0.0000 0.0000 0.0000
0.6897 0.5172 0.0000 0.0000 0.0000
0.6897 0.5517 0.0000 0.0000 0.0000
0.6897 0.5862 0.0000 0.0000 0.0000
0.6897 0.6207 0.0000 0.0000 0.0000
0.6897 0.6552 0.0000 0.0000 0.0000
0.6897 0.6897 0.0000 0.0000 0.0000
0.6897 0.7241 0.0000 0.0000 0.0000
0.6897 0.7586 0.0000 0.0000 0.0000
0.6897 0.7931 0.0000 0.0000 0.0000
0.6897 0.8276 0.0000 0.0000 0.0000
0.6897 0.8621 0.0000 0.0000 0.0000
0.6897 0.8966 0.0000 0.0000 0.0000
0.6897 0.9310 0.0000 0.0000 0.0000
0.6897 0.9655 0.0000 0.0000 0.0000
0.6897 1.0000 0.0000 0.0000 0.0000

0.7241 0.0000 0.000000 1.000000 3.595719
0.7241 0.0345 0.116741 0.993162 2.828496
0.7241 0.0690 0.310387 0.950610 2.127678
0.7241 0.1034 0.625381 0.780319 1.584004
0.7241 0.1379 0.946688 0.322153 1.395190
0.7241 0.1724 0.979786 -0.200050 1.685073
0.7241 0.2069 0.869839 -0.493337 2.277679
0.7241 0.2414 0.770831 -0.637039 2.998600
0.7241 0.2759 0.699761 -0.714377 3.775025
0.7241 0.3103 0.0000 0.0000 0.0000
0.7241 0.3448 0.0000 0.0000 0.0000
0.7241 0.3793 0.0000 0.0000 0.0000
0.7241 0.4138 0.0000 0.0000 0.0000
0.7241 0.4483 0.0000 0.0000 0.0000
0.7241 0.4828 0.0000 0.0000 0.0000
0.7241 0.5172 0.0000 0.0000 0.0000
0.7241 0.5517 0.0000 0.0000 0.0000
0.7241 0.5862 0.0000 0.0000 0.0000
0.7241 0.6207 0.0000 0.0000 0.0000
0.7241 0.6552 0.0000 0.0000 0.0000
0.7241 0.6897 0.0000 0.0000 0.0000
0.7241 0.7241 0.0000 0.0000 0.0000
0.7241 0.7586 0.0000 0.0000 0.0000
0.7241 0.7931 0.0000 0.0000 0.0000
0.7241 0.8276 0.0000 0.0000 0.0000
0.7241 0.8621 0.0000 0.0000 0.0000
0.7241 0.8966 0.0000 0.0000 0.0000
0.7241 0.9310 0.0000 0.0000 0.0000
0.7241 0.9655 0.0000 0.0000 0.0000
0.7241 1.0000 0.0000 0.0000 0.0000

0.7586 0.0000 0.000000 1.000000 3.296076
0.7586 0.0345 0.138713 0.990333 2.496189
0.7586 0.0690 0.387391 0.921916 1.787624
0.7586 0.1034 0.783434 0.621474 1.325910
0.7586 0.1379 1.000000 0.000000 1.385018
0.7586 0.1724 0.902941 -0.429765 1.917371
0.7586 0.2069 0.783434 -0.621474 2.651820
0.7586 0.2414 0.700100 -0.714045 3.462049
0.7586 0.2759 0.0000 0.0000 0.0000
0.7586 0.3103 0.0000 0.0000 0.0000
0.7586 0.3448 0.0000 0.0000 0.0000
0.7586 0.3793 0.0000 0.0000 0.0000
0.7586 0.4138 0.0000 0.0000 0.0000
0.7586 0.4483 0.0000 0.0000 0.0000
0.7586 0.4828 0.0000 0.0000 0.0000
0.7586 0.5172 0.0000 0.0000 0.0000
0.7586 0.5517 0.0000 0.0000 0.0000
0.7586 0.5862 0.0000 0.0000 0.0000
0.7586 0.6207 0.0000 0.0000 0.0000
0.7586 0.6552 0.0000 0.0000 0.0000
0.7586 0.6897 0.0000 0.0000 0.0000
0.7586 0.7241 0.0000 0.0000 0.0000
0.7586 0.7586 0.0000 0.0000 0.0000
0.7586 0.7931 0.0000 0.0000 0.0000
0.7586 0.8276 0.0000 0.0000 0.0000
0.7586 0.8621 0.0000 0.0000 0.0000
0.7586 0.8966 0.0000 0.0000 0.0000
0.7586 0.9310 0.0000 0.0000 0.0000
0.7586 0.9655 0.0000 0.0000 0.0000
0.7586 1.0000 0.0000 0.0000 0.0000

0.7931 0.0000 0.000000 1.000000 2.953627
0.7931 0.0345 0.170634 0.985334 2.123292
0.7931 0.0690 0.507377 0.861724 1.428157
0.7931 0.1034 0.946866 0.321630 1.147914
0.7931 0.1379 0.946866 -0.321630 1.530552
0.7931 0.1724 0.801040 -0.598611 2.261478
0.7931 0.2069 0.0000 0.0000 0.0000
0.7931 0.2414 0.0000 0.0000 0.0000
0.7931 0.2759 0.0000 0.0000 0.0000
0.7931 0.3103 0.0000 0.0000 0.0000
0.7931 0.3448 0.0000 0.0000 0.0000
0.7931 0.3793 0.0000 0.0000 0.0000
0.7931 0.4138 0.0000 0.0000 0.0000
0.7931 0.4483 0.0000 0.0000 0.0000
0.7931 0.4828 0.0000 0.0000 0.0000
0.7931 0.5172 0.0000 0.0000 0.0000
0.7931 0.5517 0.0000 0.0000 0.0000
0.7931 0.5862 0.0000 0.0000 0.0000
0.7931 0.6207 0.0000 0.0000 0.0000
0.7931 0.6552 0.0000 0.0000 0.0000
0.7931 0.6897 0.0000 0.0000 0.0000
0.7931 0.7241 0.0000 0.0000 0.0000
0.7931 0.7586 0.0000 0.0000 0.0000
0.7931 0.7931 0.0000 0.0000 0.0000
0.7931 0.8276 0.0000 0.0000 0.0000
0.7931 0.8621 0.0000 0.0000 0.0000
0.7931 0.8966 0.0000 0.0000 0.0000
0.7931 0.9310 0.0000 0.0000 0.0000
0.7931 0.9655 0.0000 0.0000 0.0000
0.7931 1.0000 0.0000 0.0000 0.0000

0.8276 0.0000 0.000000 1.000000 2.568371
0.8276 0.0345 0.221033 0.975266 1.711780
0.8276 0.0690 0.700692 0.713464 1.079958
0.8276 0.1034 0.993661 -0.112419 1.142319
0.8276 0.1379 0.827381 -0.561641 1.829190
0.8276 0.1724 0.700692 -0.713464 2.699896
0.8276 0.2069 0.0000 0.0000 0.0000
0.8276 0.2414 0.0000 0.0000 0.0000
0.8276 0.2759 0.0000 0.0000 0.0000
0.8276 0.3103 0.0000 0.0000 0.0000
0.8276 0.3448 0.0000 0.0000 0.0000
0.8276 0.3793 0.0000 0.0000 0.0000
0.8276 0.4138 0.0000 0.0000 0.0000
0.8276 0.4483 0.0000 0.0000 0.0000
0.8276 0.4828 0.0000 0.0000 0.0000
0.8276 0.5172 0.0000 0.0000 0.0000
0.8276 0.5517 0.0000 0.0000 0.0000
0.8276 0.5862 0.0000 0.0000 0.0000
0.8276 0.6207 0.0000 0.0000 0.0000
0.8276 0.6552 0.0000 0.0000 0.0000
0.8276 0.6897 0.0000 0.0000 0.0000
0.8276 0.7241 0.0000 0.0000 0.0000
0.8276 0.7586 0.0000 0.0000 0.0000
0.8276 0.7931 0.0000 0.0000 0.0000
0.8276 0.8276 0.0000 0.0000 0.0000
0.8276 0.8621 0.0000 0.0000 0.0000
0.8276 0.8966 0.0000 0.0000 0.0000
0.8276 0.9310 0.0000 0.0000 0.0000
0.8276 0.9655 0.0000 0.0000 0.0000
0.8276 1.0000 0.0000 0.0000 0.0000

0.8621 0.0000 0.000000 1.000000 2.140309
0.8621 0.0345 0.311324 0.950304 1.266883
0.8621 0.0690 0.947014 0.321191 0.832958
0.8621 0.1034 0.870543 -0.492092 1.359191
0.8621 0.1379 0.700952 -0.713209 2.250719
0.8621 0.1724 0.0000 0.0000 0.0000
0.8621 0.2069 0.0000 0.0000 0.0000
0.8621 0.2414 0.0000 0.0000 0.0000
0.8621 0.2759 0.0000 0.0000 0.0000
0.8621 0.3103 0.0000 0.0000 0.0000
0.8621 0.3448 0.0000 0.0000 0.0000
0.8621 0.3793 0.0000 0.0000 0.0000
0.8621 0.4138 0.0000 0.0000 0.0000
0.8621 0.4483 0.0000 0.0000 0.0000
0.8621 0.4828 0.0000 0.0000 0.0000
0.8621 0.5172 0.0000 0.0000 0.0000
0.8621 0.5517 0.0000 0.0000 0.0000
0.8621 0.5862 0.0000 0.0000 0.0000
0.8621 0.6207 0.0000 0.0000 0.0000
0.8621 0.6552 0.0000 0.0000 0.0000
0.8621 0.6897 0.0000 0.0000 0.0000
0.8621 0.7241 0.0000 0.0000 0.0000
0.8621 0.7586 0.0000 0.0000 0.0000
0.8621 0.7931 0.0000 0.0000 0.0000
0.8621 0.8276 0.0000 0.0000 0.0000
0.8621 0.8621 0.0000 0.0000 0.0000
0.8621 0.8966 0.0000 0.0000 0.0000
0.8621 0.9310 0.0000 0.0000 0.0000
0.8621 0.9655 0.0000 0.0000 0.0000
0.8621 1.0000 0.0000 0.0000 0.0000

0.8966 0.0000 0.000000 1.000000 1.669441
0.8966 0.0345 0.508203 0.861237 0.807676
0.8966 0.0690 0.947080 -0.320998 0.866798
0.8966 0.1034 0.0000 0.0000 0.0000
0.8966 0.1379 0.0000 0.0000 0.0000
0.8966 0.1724 0.0000 0.0000 0.0000
0.8966 0.2069 0.0000 0.0000 0.0000
0.8966 0.2414 0.0000 0.0000 0.0000
0.8966 0.2759 0.0000 0.0000 0.0000
0.8966 0.3103 0.0000 0.0000 0.0000
0.8966 0.3448 0.0000 0.0000 0.0000
0.8966 0.3793 0.0000 0.0000 0.0000
0.8966 0.4138 0.0000 0.0000 0.0000
0.8966 0.4483 0.0000 0.0000 0.0000
0.8966 0.4828 0.0000 0.0000 0.0000
0.8966 0.5172 0.0000 0.0000 0.0000
0.8966 0.5517 0.0000 0.0000 0.0000
0.8966 0.5862 0.0000 0.0000 0.0000
0.8966 0.6207 0.0000 0.0000 0.0000
0.8966 0.6552 0.0000 0.0000 0.0000
0.8966 0.6897 0.0000 0.0000 0.0000
0.8966 0.7241 0.0000 0.0000 0.0000
0.8966 0.7586 0.0000 0.0000 0.0000
0.8966 0.7931 0.0000 0.0000 0.0000
0.8966 0.8276 0.0000 0.0000 0.0000
0.8966 0.8621 0.0000 0.0000 0.0000
0.8966 0.8966 0.0000 0.0000 0.0000
0.8966 0.9310 0.0000 0.0000 0.0000
0.8966 0.9655 0.0000 0.0000 0.0000
0.8966 1.0000 0.0000 0.0000 0.0000

0.9310 0.0000 0.000000 1.000000 1.155767
0.9310 0.0345 0.947141 0.320818 0.450320
0.9310 0.0690 0.701413 -0.712755 1.216162
0.9310 0.1034 0.0000 0.0000 0.0000
0.9310 0.1379 0.0000 0.0000 0.0000
0.9310 0.1724 0.0000 0.0000 0.0000
0.9310 0.2069 0.0000 0.0000 0.0000
0.9310 0.2414 0.0000 0.0000 0.0000
0.9310 0.2759 0.0000 0.0000 0.0000
0.9310 0.3103 0.0000 0.0000 0.0000
0.9310 0.3448 0.0000 0.0000 0.0000
0.9310 0.3793 0.0000 0.0000 0.0000
0.9310 0.4138 0.0000 0.0000 0.0000
0.9310 0.4483 0.0000 0.0000 0.0000
0.9310 0.4828 0.0000 0.0000 0.0000
0.9310 0.5172 0.0000 0.0000 0.0000
0.9310 0.5517 0.0000 0.0000 0.0000
0.9310 0.5862 0.0000 0.0000 0.0000
0.9310 0.6207 0.0000 0.0000 0.0000
0.9310 0.6552 0.0000 0.0000 0.0000
0.9310 0.6897 0.0000 0.0000 0.0000
0.9310 0.7241 0.0000 0.0000 0.0000
0.9310 0.7586 0.0000 0.0000 0.0000
0.9310 0.7931 0.0000 0.0000 0.0000
0.9310 0.8276 0.0000 0.0000 0.0000
0.9310 0.8621 0.0000 0.0000 0.0000
0.9310 0.8966 0.0000 0.0000 0.0000
0.9310 0.9310 0.0000 0.0000 0.0000
0.9310 0.9655 0.0000 0.0000 0.0000
0.9310 1.0000 0.0000 0.0000 0.0000

0.9655 0.0000 0.000000 1.000000 0.599287
0.9655 0.0345 0.0000 0.0000 0.0000
0.9655 0.0690 0.0000 0.0000 0.0000
0.9655 0.1034 0.0000 0.0000 0.0000
0.9655 0.1379 0.0000 0.0000 0.0000
0.9655 0.1724 0.0000 0.0000 0.0000
0.9655 0.2069 0.0000 0.0000 0.0000
0.9655 0.2414 0.0000 0.0000 0.0000
0.9655 0.2759 0.0000 0.0000 0.0000
0.9655 0.3103 0.0000 0.0000 0.0000
0.9655 0.3448 0.0000 0.0000 0.0000
0.9655 0.3793 0.0000 0.0000 0.0000
0.9655 0.4138 0.0000 0.0000 0.0000
0.9655 0.4483 0.0000 0.0000 0.0000
0.9655 0.4828 0.0000 0.0000 0.0000
0.9655 0.5172 0.0000 0.0000 0.0000
0.9655 0.5517 0.0000 0.0000 0.0000
0.9655 0.5862 0.0000 0.0000 0.0000
0.9655 0.6207 0.0000 0.0000 0.0000
0.9655 0.6552 0.0000 0.0000 0.0000
0.9655 0.6897 0.0000 0.0000 0.0000
0.9655 0.7241 0.0000 0.0000 0.0000
0.9655 0.7586 0.0000 0.0000 0.0000
0.9655 0.7931 0.0000 0.0000 0.0000
0.9655 0.8276 0.0000 0.0000 0.0000
0.9655 0.8621 0.0000 0.0000 0.0000
0.9655 0.8966 0.0000 0.0000 0.0000
0.9655 0.9310 0.0000 0.0000 0.0000
0.9655 0.9655 0.0000 0.0000 0.0000
0.9655 1.0000 0.0000 0.0000 0.0000

1.0000 0.0000 0.000000 0.000000 0.000000
1.0000 0.0345 0.0000 0.0000 0.0000
1.0000 0.0690 0.0000 0.0000 0.0000
1.0000 0.1034 0.0000 0.0000 0.0000
1.0000 0.1379 0.0000 0.0000 0.0000
1.0000 0.1724 0.0000 0.0000 0.0000
1.0000 0.2069 0.0000 0.0000 0.0000
1.0000 0.2414 0.0000 0.0000 0.0000
1.0000 0.2759 0.0000 0.0000 0.0000
1.0000 0.3103 0.0000 0.0000 0.0000
1.0000 0.3448 0.0000 0.0000 0.0000
1.0000 0.3793 0.0000 0.0000 0.0000
1.0000 0.4138 0.0000 0.0000 0.0000
1.0000 0.4483 0.0000 0.0000 0.0000
1.0000 0.4828 0.0000 0.0000 0.0000
1.0000 0.5172 0.0000 0.0000 0.0000
1.0000 0.5517 0.0000 0.0000 0.0000
1.0000 0.5862 0.0000 0.0000 0.0000
1.0000 0.6207 0.0000 0.0000 0.0000
1.0000 0.6552 0.0000 0.0000 0.0000
1.0000 0.6897 0.0000 0.0000 0.0000
1.0000 0.7241 0.0000 0.0000 0.0000
1.0000 0.7586 0.0000 0.0000 0.0000
1.0000 0.7931 0.0000 0.0000 0.0000
1.0000 0.8276 0.0000 0.0000 0.0000
1.0000 0.8621 0.0000 0.0000 0.0000
1.0000 0.8966 0.0000 0.0000 0.0000
1.0000 0.9310 0.0000 0.0000 0.0000
1.0000 0.9655 0.0000 0.0000 0.0000
1.0000 1.0000 0.0000 0.0000 0.0000

