0.0000 0.0000 0.0000 0.0000 0.0000
0.0000 0.0345 0.0000 0.0000 0.0000
0.0000 0.0690 0.0000 0.0000 0.0000
0.0000 0.1034 0.0000 0.0000 0.0000
0.0000 0.1379 0.0000 0.0000 0.0000
0.0000 0.1724 0.0000 0.0000 0.0000
0.0000 0.2069 0.0000 0.0000 0.0000
0.0000 0.2414 0.0000 0.0000 0.0000
0.0000 0.2759 0.0000 0.0000 0.0000
0.0000 0.3103 0.0000 0.0000 0.0000
0.0000 0.3448 0.0000 0.0000 0.0000
0.0000 0.3793 0.0000 0.0000 0.0000
0.0000 0.4138 0.0000 0.0000 0.0000
0.0000 0.4483 0.0000 0.0000 0.0000
0.0000 0.4828 0.0000 0.0000 0.0000
0.0000 0.5172 0.0000 0.0000 0.0000
0.0000 0.5517 0.0000 0.0000 0.0000
0.0000 0.5862 0.0000 0.0000 0.0000
0.0000 0.6207 0.0000 0.0000 0.0000
0.0000 0.6552 0.0000 0.0000 0.0000
0.0000 0.6897 0.0000 0.0000 0.0000
0.0000 0.7241 0.0000 0.0000 0.0000
0.0000 0.7586 0.0000 0.0000 0.0000
0.0000 0.7931 0.0000 0.0000 0.0000
0.0000 0.8276 0.0000 0.0000 0.0000
0.0000 0.8621 0.0000 0.0000 0.0000
0.0000 0.8966 0.0000 0.0000 0.0000
0.0000 0.9310 0.0000 0.0000 0.0000
0.0000 0.9655 0.0000 0.0000 0.0000
0.0000 1.0000 0.0000 0.0000 0.0000

0.0345 0.0000 0.0000 0.0000 0.0000
0.0345 0.0345 -0.063364 0.997990 0.075062
0.0345 0.0690 -0.134812 0.990871 0.070561
0.0345 0.1034 -0.214657 0.976689 0.066472
0.0345 0.1379 -0.302579 0.953124 0.062876
0.0345 0.1724 -0.397273 0.917700 0.059861
0.0345 0.2069 -0.496139 0.868243 0.057519
0.0345 0.2414 -0.595228 0.803557 0.055934
0.0345 0.2759 -0.689655 0.724138 0.055172
0.0345 0.3103 -0.774532 0.632535 0.055267
0.0345 0.3448 -0.846092 0.533038 0.056214
0.0345 0.3793 -0.902481 0.430730 0.057972
0.0345 0.4138 -0.943858 0.330350 0.060470
0.0345 0.4483 -0.971876 0.235493 0.063620
0.0345 0.4828 -0.988936 0.148340 0.067332
0.0345 0.5172 -0.997559 0.069829 0.071518
0.0345 0.5517 -1.000000 0.000000 0.076100
0.0345 0.5862 -0.998098 -0.061647 0.081010
0.0345 0.6207 -0.993263 -0.115881 0.086193
0.0345 0.6552 -0.986534 -0.163557 0.091602
0.0345 0.6897 -0.978653 -0.205517 0.097200
0.0345 0.7241 -0.970143 -0.242536 0.102955
0.0345 0.7586 -0.961359 -0.275298 0.108843
0.0345 0.7931 -0.952544 -0.304400 0.114844
0.0345 0.8276 -0.943858 -0.330350 0.120940
0.0345 0.8621 -0.935403 -0.353582 0.127117
0.0345 0.8966 -0.927242 -0.374463 0.133366
0.0345 0.9310 -0.919409 -0.393303 0.139675
0.0345 0.9655 0.0000 0.0000 0.0000
0.0345 1.0000 0.0000 0.0000 0.0000

0.0690 0.0000 0.0000 0.0000 0.0000
0.0690 0.0345 -0.018149 0.999835 0.144138
0.0690 0.0690 -0.038977 0.999240 0.134228
0.0690 0.1034 -0.063092 0.998008 0.124386
0.0690 0.1379 -0.091284 0.995825 0.114628
0.0690 0.1724 -0.124592 0.992208 0.104980
0.0690 0.2069 -0.164399 0.986394 0.095473
0.0690 0.2414 -0.212544 0.977151 0.086154
0.0690 0.2759 -0.271460 0.962450 0.077092
0.0690 0.3103 -0.344255 0.938876 0.068389
0.0690 0.3448 -0.434528 0.900658 0.060202
0.0690 0.3793 -0.545305 0.838238 0.052769
0.0690 0.4138 -0.675725 0.737154 0.046456
0.0690 0.4483 -0.814118 0.580699 0.041772
0.0690 0.4828 -0.931777 0.363030 0.039305
0.0690 0.5172 -0.994102 0.108447 0.039472
0.0690 0.5517 -0.990830 -0.135113 0.042242
0.0690 0.5862 -0.942990 -0.332820 0.047159
0.0690 0.6207 -0.877896 -0.478852 0.053636
0.0690 0.6552 -0.812418 -0.583075 0.061179
0.0690 0.6897 -0.753425 -0.657534 0.069441
0.0690 0.7241 -0.702530 -0.711654 0.078195
0.0690 0.7586 -0.659276 -0.751901 0.087294
0.0690 0.7931 -0.622592 -0.782547 0.096639
0.0690 0.8276 -0.591364 -0.806405 0.106165
0.0690 0.8621 -0.564610 -0.825358 0.115829
0.0690 0.8966 -0.541523 -0.840686 0.125598
0.0690 0.9310 0.0000 0.0000 0.0000
0.0690 0.9655 0.0000 0.0000 0.0000
0.0690 1.0000 0.0000 0.0000 0.0000

0.1034 0.0000 0.0000 0.0000 0.0000
0.1034 0.0345 -0.002291 0.999997 0.207611
0.1034 0.0690 -0.004938 0.999988 0.192630
0.1034 0.1034 -0.008032 0.999968 0.177651
0.1034 0.1379 -0.011695 0.999932 0.162675
0.1034 0.1724 -0.016101 0.999870 0.147700
0.1034 0.2069 -0.021500 0.999769 0.132730
0.1034 0.2414 -0.028272 0.999600 0.117764
0.1034 0.2759 -0.037012 0.999315 0.102805
0.1034 0.3103 -0.048723 0.998812 0.087857
0.1034 0.3448 -0.065220 0.997871 0.072926
0.1034 0.3793 -0.090166 0.995927 0.058025
0.1034 0.4138 -0.132164 0.991228 0.043185
0.1034 0.4483 -0.216931 0.976187 0.028503
0.1034 0.4828 -0.460317 0.887754 0.014466
0.1034 0.5172 -0.957826 -0.287348 0.007448
0.1034 0.5517 -0.406139 -0.913811 0.018737
0.1034 0.5862 -0.244226 -0.969718 0.033107
0.1034 0.6207 -0.178886 -0.983870 0.047859
0.1034 0.6552 -0.144075 -0.989567 0.062723
0.1034 0.6897 -0.122527 -0.992465 0.077636
0.1034 0.7241 -0.107894 -0.994162 0.092574
0.1034 0.7586 -0.097314 -0.995254 0.107526
0.1034 0.7931 -0.089310 -0.996004 0.122487
0.1034 0.8276 -0.083046 -0.996546 0.137455
0.1034 0.8621 -0.078009 -0.996953 0.152426
0.1034 0.8966 0.0000 0.0000 0.0000
0.1034 0.9310 0.0000 0.0000 0.0000
0.1034 0.9655 0.0000 0.0000 0.0000
0.1034 1.0000 0.0000 0.0000 0.0000

0.1379 0.0000 0.0000 0.0000 0.0000
0.1379 0.0345 0.006272 0.999980 0.265404
0.1379 0.0690 0.013565 0.999908 0.245445
0.1379 0.1034 0.022146 0.999755 0.225501
0.1379 0.1379 0.032390 0.999475 0.205578
0.1379 0.1724 0.044827 0.998995 0.185680
0.1379 0.2069 0.060235 0.998184 0.165818
0.1379 0.2414 0.079810 0.996810 0.146007
0.1379 0.2759 0.105469 0.994423 0.126269
0.1379 0.3103 0.140485 0.990083 0.106646
0.1379 0.3448 0.190870 0.981615 0.087216
0.1379 0.3793 0.268724 0.963217 0.068143
0.1379 0.4138 0.400819 0.916157 0.049839
0.1379 0.4483 0.644354 0.764728 0.033585
0.1379 0.4828 0.971297 0.237869 0.023994
0.1379 0.5172 0.868243 -0.496139 0.028760
0.1379 0.5517 0.613941 -0.789352 0.043384
0.1379 0.5862 0.462699 -0.886516 0.061162
0.1379 0.6207 0.374463 -0.927242 0.080019
0.1379 0.6552 0.318381 -0.947963 0.099343
0.1379 0.6897 0.280000 -0.960000 0.118906
0.1379 0.7241 0.252212 -0.967672 0.138607
0.1379 0.7586 0.231215 -0.972903 0.158394
0.1379 0.7931 0.214811 -0.976656 0.178239
0.1379 0.8276 0.201653 -0.979457 0.198125
0.1379 0.8621 0.0000 0.0000 0.0000
0.1379 0.8966 0.0000 0.0000 0.0000
0.1379 0.9310 0.0000 0.0000 0.0000
0.1379 0.9655 0.0000 0.0000 0.0000
0.1379 1.0000 0.0000 0.0000 0.0000

0.1724 0.0000 0.0000 0.0000 0.0000
0.1724 0.0345 0.011984 0.999928 0.317502
0.1724 0.0690 0.026007 0.999662 0.292608
0.1724 0.1034 0.042628 0.999091 0.267782
0.1724 0.1379 0.062622 0.998037 0.243045
0.1724 0.1724 0.087099 0.996200 0.218428
0.1724 0.2069 0.117695 0.993050 0.193976
0.1724 0.2414 0.156898 0.987615 0.169760
0.1724 0.2759 0.208638 0.977993 0.145898
0.1724 0.3103 0.279330 0.960195 0.122597
0.1724 0.3448 0.379556 0.925169 0.100248
0.1724 0.3793 0.525429 0.850837 0.079659
0.1724 0.4138 0.729537 0.683941 0.062588
0.1724 0.4483 0.940714 0.339200 0.052582
0.1724 0.4828 0.991150 -0.132743 0.053746
0.1724 0.5172 0.871576 -0.490261 0.065485
0.1724 0.5517 0.729537 -0.683941 0.083450
0.1724 0.5862 0.619128 -0.785290 0.104477
0.1724 0.6207 0.539054 -0.842271 0.127056
0.1724 0.6552 0.480401 -0.877049 0.150488
0.1724 0.6897 0.436273 -0.899814 0.174432
0.1724 0.7241 0.402137 -0.915580 0.198701
0.1724 0.7586 0.375062 -0.927000 0.223189
0.1724 0.7931 0.353121 -0.935578 0.247833
0.1724 0.8276 0.0000 0.0000 0.0000
0.1724 0.8621 0.0000 0.0000 0.0000
0.1724 0.8966 0.0000 0.0000 0.0000
0.1724 0.9310 0.0000 0.0000 0.0000
0.1724 0.9655 0.0000 0.0000 0.0000
0.1724 1.0000 0.0000 0.0000 0.0000

0.2069 0.0000 0.0000 0.0000 0.0000
0.2069 0.0345 0.016338 0.999867 0.363901
0.2069 0.0690 0.035590 0.999366 0.334100
0.2069 0.1034 0.058585 0.998282 0.304447
0.2069 0.1379 0.086480 0.996254 0.274990
0.2069 0.1724 0.120938 0.992660 0.245799
0.2069 0.2069 0.164399 0.986394 0.216983
0.2069 0.2414 0.220532 0.975380 0.188713
0.2069 0.2759 0.294915 0.955524 0.161275
0.2069 0.3103 0.395829 0.918324 0.135179
0.2069 0.3448 0.533832 0.845590 0.111370
0.2069 0.3793 0.713564 0.700590 0.091650
0.2069 0.4138 0.901523 0.432731 0.079137
0.2069 0.4483 0.998470 0.055300 0.077407
0.2069 0.4828 0.955543 -0.294853 0.087107
0.2069 0.5172 0.848379 -0.529389 0.105118
0.2069 0.5517 0.743294 -0.668965 0.127977
0.2069 0.5862 0.658285 -0.752769 0.153535
0.2069 0.6207 0.592390 -0.805651 0.180650
0.2069 0.6552 0.541218 -0.840882 0.208716
0.2069 0.6897 0.500878 -0.865518 0.237395
0.2069 0.7241 0.468503 -0.883462 0.266490
0.2069 0.7586 0.442062 -0.896984 0.295878
0.2069 0.7931 0.0000 0.0000 0.0000
0.2069 0.8276 0.0000 0.0000 0.0000
0.2069 0.8621 0.0000 0.0000 0.0000
0.2069 0.8966 0.0000 0.0000 0.0000
0.2069 0.9310 0.0000 0.0000 0.0000
0.2069 0.9655 0.0000 0.0000 0.0000
0.2069 1.0000 0.0000 0.0000 0.0000

0.2414 0.0000 0.0000 0.0000 0.0000
0.2414 0.0345 0.019984 0.999800 0.404599
0.2414 0.0690 0.043716 0.999044 0.369914
0.2414 0.1034 0.072305 0.997383 0.335480
0.2414 0.1379 0.107313 0.994225 0.301384
0.2414 0.1724 0.150989 0.988535 0.267755
0.2414 0.2069 0.206623 0.978421 0.234793
0.2414 0.2414 0.279054 0.960275 0.202825
0.2414 0.2759 0.375193 0.926947 0.172404
0.2414 0.3103 0.503564 0.863958 0.144511
0.2414 0.3448 0.668747 0.743490 0.120907
0.2414 0.3793 0.850798 0.525493 0.104539
0.2414 0.4138 0.979457 0.201653 0.099062
0.2414 0.4483 0.989994 -0.141108 0.106175
0.2414 0.4828 0.914918 -0.403640 0.123725
0.2414 0.5172 0.819232 -0.573462 0.148046
0.2414 0.5517 0.733561 -0.679623 0.176358
0.2414 0.5862 0.663936 -0.747789 0.207031
0.2414 0.6207 0.608557 -0.793510 0.239158
0.2414 0.6552 0.564339 -0.825543 0.272224
0.2414 0.6897 0.528601 -0.848871 0.305925
0.2414 0.7241 0.499299 -0.866430 0.340073
0.2414 0.7586 0.0000 0.0000 0.0000
0.2414 0.7931 0.0000 0.0000 0.0000
0.2414 0.8276 0.0000 0.0000 0.0000
0.2414 0.8621 0.0000 0.0000 0.0000
0.2414 0.8966 0.0000 0.0000 0.0000
0.2414 0.9310 0.0000 0.0000 0.0000
0.2414 0.9655 0.0000 0.0000 0.0000
0.2414 1.0000 0.0000 0.0000 0.0000

0.2759 0.0000 0.0000 0.0000 0.0000
0.2759 0.0345 0.023262 0.999729 0.439596
0.2759 0.0690 0.051124 0.998692 0.400047
0.2759 0.1034 0.085009 0.996380 0.360878
0.2759 0.1379 0.126941 0.991910 0.322226
0.2759 0.1724 0.179842 0.983695 0.284302
0.2759 0.2069 0.247959 0.968770 0.247442
0.2759 0.2414 0.337330 0.941386 0.212200
0.2759 0.2759 0.455671 0.890148 0.179532
0.2759 0.3103 0.609026 0.793150 0.151116
0.2759 0.3448 0.787969 0.615715 0.129776
0.2759 0.3793 0.942326 0.334695 0.119370
0.2759 0.4138 1.000000 0.000000 0.122711
0.2759 0.4483 0.957685 -0.287819 0.138811
0.2759 0.4828 0.873198 -0.487366 0.163952
0.2759 0.5172 0.787969 -0.615715 0.194664
0.2759 0.5517 0.715376 -0.698740 0.228711
0.2759 0.5862 0.656468 -0.754354 0.264812
0.2759 0.6207 0.609026 -0.793150 0.302231
0.2759 0.6552 0.570553 -0.821261 0.340534
0.2759 0.6897 0.538983 -0.842317 0.379453
0.2759 0.7241 0.0000 0.0000 0.0000
0.2759 0.7586 0.0000 0.0000 0.0000
0.2759 0.7931 0.0000 0.0000 0.0000
0.2759 0.8276 0.0000 0.0000 0.0000
0.2759 0.8621 0.0000 0.0000 0.0000
0.2759 0.8966 0.0000 0.0000 0.0000
0.2759 0.9310 0.0000 0.0000 0.0000
0.2759 0.9655 0.0000 0.0000 0.0000
0.2759 1.0000 0.0000 0.0000 0.0000

0.3103 0.0000 0.0000 0.0000 0.0000
0.3103 0.0345 0.026373 0.999652 0.468891
0.3103 0.0690 0.058262 0.998301 0.424502
0.3103 0.1034 0.097462 0.995239 0.380647
0.3103 0.1379 0.146549 0.989203 0.337532
0.3103 0.1724 0.209254 0.977861 0.295483
0.3103 0.2069 0.290939 0.956742 0.255027
0.3103 0.2414 0.398806 0.917035 0.217057
0.3103 0.2759 0.540232 0.841516 0.183125
0.3103 0.3103 0.713938 0.700209 0.155890
0.3103 0.3448 0.887496 0.460815 0.139338
0.3103 0.3793 0.990122 0.140210 0.137386
0.3103 0.4138 0.985351 -0.170541 0.150601
0.3103 0.4483 0.915535 -0.402239 0.175592
0.3103 0.4828 0.831699 -0.555227 0.208161
0.3103 0.5172 0.756169 -0.654377 0.245307
0.3103 0.5517 0.693642 -0.720320 0.285248
0.3103 0.5862 0.642970 -0.765891 0.326961
0.3103 0.6207 0.601850 -0.798609 0.369846
0.3103 0.6552 0.568163 -0.822916 0.413541
0.3103 0.6897 0.0000 0.0000 0.0000
0.3103 0.7241 0.0000 0.0000 0.0000
0.3103 0.7586 0.0000 0.0000 0.0000
0.3103 0.7931 0.0000 0.0000 0.0000
0.3103 0.8276 0.0000 0.0000 0.0000
0.3103 0.8621 0.0000 0.0000 0.0000
0.3103 0.8966 0.0000 0.0000 0.0000
0.3103 0.9310 0.0000 0.0000 0.0000
0.3103 0.9655 0.0000 0.0000 0.0000
0.3103 1.0000 0.0000 0.0000 0.0000

0.3448 0.0000 0.0000 0.0000 0.0000
0.3448 0.0345 0.029456 0.999566 0.492485
0.3448 0.0690 0.065451 0.997856 0.443281
0.3448 0.1034 0.110233 0.993906 0.394796
0.3448 0.1379 0.167063 0.985946 0.347331
0.3448 0.1724 0.240678 0.970605 0.301368
0.3448 0.2069 0.337739 0.941240 0.257712
0.3448 0.2414 0.466331 0.884610 0.217754
0.3448 0.2759 0.630982 0.775798 0.183923
0.3448 0.3103 0.815236 0.579129 0.160149
0.3448 0.3448 0.959115 0.283017 0.151249
0.3448 0.3793 0.999002 -0.044665 0.159731
0.3448 0.4138 0.950230 -0.311551 0.183196
0.3448 0.4483 0.869724 -0.493538 0.216833
0.3448 0.4828 0.791244 -0.611500 0.256674
0.3448 0.5172 0.724703 -0.689062 0.300258
0.3448 0.5517 0.670481 -0.741926 0.346176
0.3448 0.5862 0.626535 -0.779393 0.393611
0.3448 0.6207 0.590664 -0.806918 0.442075
0.3448 0.6552 0.0000 0.0000 0.0000
0.3448 0.6897 0.0000 0.0000 0.0000
0.3448 0.7241 0.0000 0.0000 0.0000
0.3448 0.7586 0.0000 0.0000 0.0000
0.3448 0.7931 0.0000 0.0000 0.0000
0.3448 0.8276 0.0000 0.0000 0.0000
0.3448 0.8621 0.0000 0.0000 0.0000
0.3448 0.8966 0.0000 0.0000 0.0000
0.3448 0.9310 0.0000 0.0000 0.0000
0.3448 0.9655 0.0000 0.0000 0.0000
0.3448 1.0000 0.0000 0.0000 0.0000

0.3793 0.0000 0.0000 0.0000 0.0000
0.3793 0.0345 0.032617 0.999468 0.510379
0.3793 0.0690 0.072950 0.997336 0.456388
0.3793 0.1034 0.123817 0.992305 0.403341
0.3793 0.1379 0.189349 0.981910 0.351665
0.3793 0.1724 0.275553 0.961286 0.302063
0.3793 0.2069 0.390550 0.920582 0.255745
0.3793 0.2414 0.542379 0.840134 0.214846
0.3793 0.2759 0.727589 0.686013 0.183036
0.3793 0.3103 0.904526 0.426419 0.165636
0.3793 0.3448 0.995585 0.093869 0.167207
0.3793 0.3793 0.977802 -0.209529 0.187272
0.3793 0.4138 0.904526 -0.426419 0.220847
0.3793 0.4483 0.823461 -0.567373 0.262804
0.3793 0.4828 0.752386 -0.658722 0.309756
0.3793 0.5172 0.694099 -0.719880 0.359751
0.3793 0.5517 0.646977 -0.762509 0.411683
0.3793 0.5862 0.608721 -0.793384 0.464903
0.3793 0.6207 0.0000 0.0000 0.0000
0.3793 0.6552 0.0000 0.0000 0.0000
0.3793 0.6897 0.0000 0.0000 0.0000
0.3793 0.7241 0.0000 0.0000 0.0000
0.3793 0.7586 0.0000 0.0000 0.0000
0.3793 0.7931 0.0000 0.0000 0.0000
0.3793 0.8276 0.0000 0.0000 0.0000
0.3793 0.8621 0.0000 0.0000 0.0000
0.3793 0.8966 0.0000 0.0000 0.0000
0.3793 0.9310 0.0000 0.0000 0.0000
0.3793 0.9655 0.0000 0.0000 0.0000
0.3793 1.0000 0.0000 0.0000 0.0000

0.4138 0.0000 0.0000 0.0000 0.0000
0.4138 0.0345 0.035951 0.999354 0.522573
0.4138 0.0690 0.081009 0.996713 0.463831
0.4138 0.1034 0.138717 0.990332 0.406306
0.4138 0.1379 0.214344 0.976758 0.350598
0.4138 0.1724 0.315509 0.948923 0.297728
0.4138 0.2069 0.451783 0.892128 0.249507
0.4138 0.2414 0.628708 0.777642 0.209175
0.4138 0.2759 0.825563 0.564309 0.182054
0.4138 0.3103 0.969416 0.245422 0.174419
0.4138 0.3448 0.995873 -0.090763 0.188650
0.4138 0.3793 0.936992 -0.349350 0.220555
0.4138 0.4138 0.854616 -0.519260 0.263798
0.4138 0.4483 0.778497 -0.627649 0.313724
0.4138 0.4828 0.715466 -0.698647 0.367621
0.4138 0.5172 0.664677 -0.747131 0.423976
0.4138 0.5517 0.623732 -0.781638 0.481929
0.4138 0.5862 0.590391 -0.807117 0.540966
0.4138 0.6207 0.0000 0.0000 0.0000
0.4138 0.6552 0.0000 0.0000 0.0000
0.4138 0.6897 0.0000 0.0000 0.0000
0.4138 0.7241 0.0000 0.0000 0.0000
0.4138 0.7586 0.0000 0.0000 0.0000
0.4138 0.7931 0.0000 0.0000 0.0000
0.4138 0.8276 0.0000 0.0000 0.0000
0.4138 0.8621 0.0000 0.0000 0.0000
0.4138 0.8966 0.0000 0.0000 0.0000
0.4138 0.9310 0.0000 0.0000 0.0000
0.4138 0.9655 0.0000 0.0000 0.0000
0.4138 1.0000 0.0000 0.0000 0.0000

0.4483 0.0000 0.0000 0.0000 0.0000
0.4483 0.0345 0.039555 0.999217 0.529070
0.4483 0.0690 0.089891 0.995952 0.465619
0.4483 0.1034 0.155509 0.987835 0.403722
0.4483 0.1379 0.243186 0.969980 0.344222
0.4483 0.1724 0.362566 0.931958 0.288603
0.4483 0.2069 0.524097 0.851658 0.239583
0.4483 0.2414 0.725117 0.688626 0.202026
0.4483 0.2759 0.914239 0.405174 0.183125
0.4483 0.3103 0.998790 0.049183 0.188575
0.4483 0.3448 0.966417 -0.256979 0.216547
0.4483 0.3793 0.885849 -0.463973 0.259866
0.4483 0.4138 0.804366 -0.594134 0.312208
0.4483 0.4483 0.735764 -0.677238 0.369761
0.4483 0.4828 0.680663 -0.732597 0.430440
0.4483 0.5172 0.636620 -0.771178 0.493092
0.4483 0.5517 0.0000 0.0000 0.0000
0.4483 0.5862 0.0000 0.0000 0.0000
0.4483 0.6207 0.0000 0.0000 0.0000
0.4483 0.6552 0.0000 0.0000 0.0000
0.4483 0.6897 0.0000 0.0000 0.0000
0.4483 0.7241 0.0000 0.0000 0.0000
0.4483 0.7586 0.0000 0.0000 0.0000
0.4483 0.7931 0.0000 0.0000 0.0000
0.4483 0.8276 0.0000 0.0000 0.0000
0.4483 0.8621 0.0000 0.0000 0.0000
0.4483 0.8966 0.0000 0.0000 0.0000
0.4483 0.9310 0.0000 0.0000 0.0000
0.4483 0.9655 0.0000 0.0000 0.0000
0.4483 1.0000 0.0000 0.0000 0.0000

0.4828 0.0000 0.0000 0.0000 0.0000
0.4828 0.0345 0.043535 0.999052 0.529872
0.4828 0.0690 0.099912 0.994996 0.461764
0.4828 0.1034 0.174917 0.984583 0.395636
0.4828 0.1379 0.277364 0.960765 0.332672
0.4828 0.1724 0.419332 0.907833 0.275054
0.4828 0.2069 0.610015 0.792390 0.226891
0.4828 0.2414 0.826768 0.562543 0.195308
0.4828 0.2759 0.977358 0.211593 0.188817
0.4828 0.3103 0.989744 -0.142850 0.209761
0.4828 0.3448 0.917671 -0.397342 0.251373
0.4828 0.3793 0.831090 -0.556137 0.305316
0.4828 0.4138 0.755946 -0.654634 0.366181
0.4828 0.4483 0.695706 -0.718326 0.431046
0.4828 0.4828 0.648036 -0.761610 0.498350
0.4828 0.5172 0.0000 0.0000 0.0000
0.4828 0.5517 0.0000 0.0000 0.0000
0.4828 0.5862 0.0000 0.0000 0.0000
0.4828 0.6207 0.0000 0.0000 0.0000
0.4828 0.6552 0.0000 0.0000 0.0000
0.4828 0.6897 0.0000 0.0000 0.0000
0.4828 0.7241 0.0000 0.0000 0.0000
0.4828 0.7586 0.0000 0.0000 0.0000
0.4828 0.7931 0.0000 0.0000 0.0000
0.4828 0.8276 0.0000 0.0000 0.0000
0.4828 0.8621 0.0000 0.0000 0.0000
0.4828 0.8966 0.0000 0.0000 0.0000
0.4828 0.9310 0.0000 0.0000 0.0000
0.4828 0.9655 0.0000 0.0000 0.0000
0.4828 1.0000 0.0000 0.0000 0.0000

0.5172 0.0000 0.0000 0.0000 0.0000
0.5172 0.0345 0.048017 0.998847 0.524981
0.5172 0.0690 0.111470 0.993768 0.452284
0.5172 0.1034 0.197911 0.980220 0.382112
0.5172 0.1379 0.318934 0.947777 0.316154
0.5172 0.1724 0.489165 0.872191 0.257664
0.5172 0.2069 0.710450 0.703748 0.212891
0.5172 0.2414 0.920487 0.390773 0.191699
0.5172 0.2759 1.000000 0.000000 0.201665
0.5172 0.3103 0.949575 -0.313539 0.238920
0.5172 0.3448 0.859632 -0.510913 0.293243
0.5172 0.3793 0.776888 -0.629639 0.356923
0.5172 0.4138 0.710450 -0.703748 0.425782
0.5172 0.4483 0.658471 -0.752606 0.497676
0.5172 0.4828 0.0000 0.0000 0.0000
0.5172 0.5172 0.0000 0.0000 0.0000
0.5172 0.5517 0.0000 0.0000 0.0000
0.5172 0.5862 0.0000 0.0000 0.0000
0.5172 0.6207 0.0000 0.0000 0.0000
0.5172 0.6552 0.0000 0.0000 0.0000
0.5172 0.6897 0.0000 0.0000 0.0000
0.5172 0.7241 0.0000 0.0000 0.0000
0.5172 0.7586 0.0000 0.0000 0.0000
0.5172 0.7931 0.0000 0.0000 0.0000
0.5172 0.8276 0.0000 0.0000 0.0000
0.5172 0.8621 0.0000 0.0000 0.0000
0.5172 0.8966 0.0000 0.0000 0.0000
0.5172 0.9310 0.0000 0.0000 0.0000
0.5172 0.9655 0.0000 0.0000 0.0000
0.5172 1.0000 0.0000 0.0000 0.0000

0.5517 0.0000 0.0000 0.0000 0.0000
0.5517 0.0345 0.053165 0.998586 0.514402
0.5517 0.0690 0.125106 0.992143 0.437204
0.5517 0.1034 0.225863 0.974159 0.363251
0.5517 0.1379 0.370835 0.928699 0.294993
0.5517 0.1724 0.576014 0.817440 0.237393
0.5517 0.2069 0.820905 0.571064 0.199890
0.5517 0.2414 0.984375 0.176087 0.194478
0.5517 0.2759 0.978910 -0.204294 0.223501
0.5517 0.3103 0.890783 -0.454429 0.276314
0.5517 0.3448 0.799499 -0.600667 0.342069
0.5517 0.3793 0.725500 -0.688222 0.414655
0.5517 0.4138 0.668322 -0.743872 0.491052
0.5517 0.4483 0.0000 0.0000 0.0000
0.5517 0.4828 0.0000 0.0000 0.0000
0.5517 0.5172 0.0000 0.0000 0.0000
0.5517 0.5517 0.0000 0.0000 0.0000
0.5517 0.5862 0.0000 0.0000 0.0000
0.5517 0.6207 0.0000 0.0000 0.0000
0.5517 0.6552 0.0000 0.0000 0.0000
0.5517 0.6897 0.0000 0.0000 0.0000
0.5517 0.7241 0.0000 0.0000 0.0000
0.5517 0.7586 0.0000 0.0000 0.0000
0.5517 0.7931 0.0000 0.0000 0.0000
0.5517 0.8276 0.0000 0.0000 0.0000
0.5517 0.8621 0.0000 0.0000 0.0000
0.5517 0.8966 0.0000 0.0000 0.0000
0.5517 0.9310 0.0000 0.0000 0.0000
0.5517 0.9655 0.0000 0.0000 0.0000
0.5517 1.0000 0.0000 0.0000 0.0000

0.5862 0.0000 0.0000 0.0000 0.0000
0.5862 0.0345 0.059198 0.998246 0.498139
0.5862 0.0690 0.141581 0.989927 0.416562
0.5862 0.1034 0.260803 0.965392 0.339207
0.5862 0.1379 0.437312 0.899310 0.269727
0.5862 0.1724 0.683024 0.730396 0.215869
0.5862 0.2069 0.924832 0.380375 0.191313
0.5862 0.2414 0.998278 -0.058655 0.206777
0.5862 0.2759 0.924832 -0.380375 0.255084
0.5862 0.3103 0.824817 -0.565399 0.321766
0.5862 0.3448 0.741507 -0.670945 0.397686
0.5862 0.3793 0.677950 -0.735108 0.478466
0.5862 0.4138 0.629636 -0.776890 0.562014
0.5862 0.4483 0.0000 0.0000 0.0000
0.5862 0.4828 0.0000 0.0000 0.0000
0.5862 0.5172 0.0000 0.0000 0.0000
0.5862 0.5517 0.0000 0.0000 0.0000
0.5862 0.5862 0.0000 0.0000 0.0000
0.5862 0.6207 0.0000 0.0000 0.0000
0.5862 0.6552 0.0000 0.0000 0.0000
0.5862 0.6897 0.0000 0.0000 0.0000
0.5862 0.7241 0.0000 0.0000 0.0000
0.5862 0.7586 0.0000 0.0000 0.0000
0.5862 0.7931 0.0000 0.0000 0.0000
0.5862 0.8276 0.0000 0.0000 0.0000
0.5862 0.8621 0.0000 0.0000 0.0000
0.5862 0.8966 0.0000 0.0000 0.0000
0.5862 0.9310 0.0000 0.0000 0.0000
0.5862 0.9655 0.0000 0.0000 0.0000
0.5862 1.0000 0.0000 0.0000 0.0000

0.6207 0.0000 0.0000 0.0000 0.0000
0.6207 0.0345 0.066420 0.997792 0.476200
0.6207 0.0690 0.162028 0.986786 0.390414
0.6207 0.1034 0.305860 0.952076 0.310230
0.6207 0.1379 0.524317 0.851523 0.241297
0.6207 0.1724 0.807369 0.590047 0.195877
0.6207 0.2069 0.990966 0.134116 0.191504
0.6207 0.2414 0.960426 -0.278534 0.230526
0.6207 0.2759 0.854075 -0.520151 0.296265
0.6207 0.3103 0.759257 -0.650791 0.374921
0.6207 0.3448 0.687716 -0.725980 0.459914
0.6207 0.3793 0.0000 0.0000 0.0000
0.6207 0.4138 0.0000 0.0000 0.0000
0.6207 0.4483 0.0000 0.0000 0.0000
0.6207 0.4828 0.0000 0.0000 0.0000
0.6207 0.5172 0.0000 0.0000 0.0000
0.6207 0.5517 0.0000 0.0000 0.0000
0.6207 0.5862 0.0000 0.0000 0.0000
0.6207 0.6207 0.0000 0.0000 0.0000
0.6207 0.6552 0.0000 0.0000 0.0000
0.6207 0.6897 0.0000 0.0000 0.0000
0.6207 0.7241 0.0000 0.0000 0.0000
0.6207 0.7586 0.0000 0.0000 0.0000
0.6207 0.7931 0.0000 0.0000 0.0000
0.6207 0.8276 0.0000 0.0000 0.0000
0.6207 0.8621 0.0000 0.0000 0.0000
0.6207 0.8966 0.0000 0.0000 0.0000
0.6207 0.9310 0.0000 0.0000 0.0000
0.6207 0.9655 0.0000 0.0000 0.0000
0.6207 1.0000 0.0000 0.0000 0.0000

0.6552 0.0000 0.0000 0.0000 0.0000
0.6552 0.0345 0.075278 0.997163 0.448597
0.6552 0.0690 0.188208 0.982129 0.358851
0.6552 0.1034 0.366051 0.930595 0.276759
0.6552 0.1379 0.638856 0.769326 0.211436
0.6552 0.1724 0.928025 0.372517 0.181942
0.6552 0.2069 0.991167 -0.132621 0.204422
0.6552 0.2414 0.888632 -0.458620 0.266010
0.6552 0.2759 0.779796 -0.626034 0.346443
0.6552 0.3103 0.698037 -0.716062 0.435398
0.6552 0.3448 0.0000 0.0000 0.0000
0.6552 0.3793 0.0000 0.0000 0.0000
0.6552 0.4138 0.0000 0.0000 0.0000
0.6552 0.4483 0.0000 0.0000 0.0000
0.6552 0.4828 0.0000 0.0000 0.0000
0.6552 0.5172 0.0000 0.0000 0.0000
0.6552 0.5517 0.0000 0.0000 0.0000
0.6552 0.5862 0.0000 0.0000 0.0000
0.6552 0.6207 0.0000 0.0000 0.0000
0.6552 0.6552 0.0000 0.0000 0.0000
0.6552 0.6897 0.0000 0.0000 0.0000
0.6552 0.7241 0.0000 0.0000 0.0000
0.6552 0.7586 0.0000 0.0000 0.0000
0.6552 0.7931 0.0000 0.0000 0.0000
0.6552 0.8276 0.0000 0.0000 0.0000
0.6552 0.8621 0.0000 0.0000 0.0000
0.6552 0.8966 0.0000 0.0000 0.0000
0.6552 0.9310 0.0000 0.0000 0.0000
0.6552 0.9655 0.0000 0.0000 0.0000
0.6552 1.0000 0.0000 0.0000 0.0000

0.6897 0.0000 0.0000 0.0000 0.0000
0.6897 0.0345 0.086457 0.996256 0.415348
0.6897 0.0690 0.223025 0.974813 0.322023
0.6897 0.1034 0.449594 0.893233 0.239614
0.6897 0.1379 0.782888 0.622163 0.183473
0.6897 0.1724 0.996857 0.079220 0.180114
0.6897 0.2069 0.929323 -0.369267 0.231844
0.6897 0.2414 0.804635 -0.593770 0.312399
0.6897 0.2759 0.709452 -0.704754 0.404928
0.6897 0.3103 0.0000 0.0000 0.0000
0.6897 0.3448 0.0000 0.0000 0.0000
0.6897 0.3793 0.0000 0.0000 0.0000
0.6897 0.4138 0.0000 0.0000 0.0000
0.6897 0.4483 0.0000 0.0000 0.0000
0.6897 0.4828 0.0000 0.0000 0.0000
0.6897 0.5172 0.0000 0.0000 0.0000
0.6897 0.5517 0.0000 0.0000 0.0000
0.6897 0.5862 0.0000 0.0000 0.0000
0.6897 0.6207 0.0000 0.0000 0.0000
0.6897 0.6552 0.0000 0.0000 0.0000
0.6897 0.6897 0.0000 0.0000 0.0000
0.6897 0.7241 0.0000 0.0000 0.0000
0.6897 0.7586 0.0000 0.0000 0.0000
0.6897 0.7931 0.0000 0.0000 0.0000
0.6897 0.8276 0.0000 0.0000 0.0000
0.6897 0.8621 0.0000 0.0000 0.0000
0.6897 0.8966 0.0000 0.0000 0.0000
0.6897 0.9310 0.0000 0.0000 0.0000
0.6897 0.9655 0.0000 0.0000 0.0000
0.6897 1.0000 0.0000 0.0000 0.0000

0.7241 0.0000 0.0000 0.0000 0.0000
0.7241 0.0345 0.101067 0.994880 0.376482
0.7241 0.0690 0.271581 0.962416 0.280210
0.7241 0.1034 0.569395 0.822064 0.200476
0.7241 0.1379 0.930468 0.366372 0.163573
0.7241 0.1724 0.973209 -0.229921 0.195487
0.7241 0.2069 0.836048 -0.548656 0.273070
0.7241 0.2414 0.722740 -0.691120 0.368528
0.7241 0.2759 0.0000 0.0000 0.0000
0.7241 0.3103 0.0000 0.0000 0.0000
0.7241 0.3448 0.0000 0.0000 0.0000
0.7241 0.3793 0.0000 0.0000 0.0000
0.7241 0.4138 0.0000 0.0000 0.0000
0.7241 0.4483 0.0000 0.0000 0.0000
0.7241 0.4828 0.0000 0.0000 0.0000
0.7241 0.5172 0.0000 0.0000 0.0000
0.7241 0.5517 0.0000 0.0000 0.0000
0.7241 0.5862 0.0000 0.0000 0.0000
0.7241 0.6207 0.0000 0.0000 0.0000
0.7241 0.6552 0.0000 0.0000 0.0000
0.7241 0.6897 0.0000 0.0000 0.0000
0.7241 0.7241 0.0000 0.0000 0.0000
0.7241 0.7586 0.0000 0.0000 0.0000
0.7241 0.7931 0.0000 0.0000 0.0000
0.7241 0.8276 0.0000 0.0000 0.0000
0.7241 0.8621 0.0000 0.0000 0.0000
0.7241 0.8966 0.0000 0.0000 0.0000
0.7241 0.9310 0.0000 0.0000 0.0000
0.7241 0.9655 0.0000 0.0000 0.0000
0.7241 1.0000 0.0000 0.0000 0.0000

0.7586 0.0000 0.0000 0.0000 0.0000
0.7586 0.0345 0.121037 0.992648 0.332049
0.7586 0.0690 0.343538 0.939139 0.233979
0.7586 0.1034 0.739148 0.673543 0.163121
0.7586 0.1379 1.000000 0.000000 0.160761
0.7586 0.1724 0.877419 -0.479725 0.229025
0.7586 0.2069 0.739148 -0.673543 0.326243
0.7586 0.2414 0.649208 -0.760611 0.433346
0.7586 0.2759 0.0000 0.0000 0.0000
0.7586 0.3103 0.0000 0.0000 0.0000
0.7586 0.3448 0.0000 0.0000 0.0000
0.7586 0.3793 0.0000 0.0000 0.0000
0.7586 0.4138 0.0000 0.0000 0.0000
0.7586 0.4483 0.0000 0.0000 0.0000
0.7586 0.4828 0.0000 0.0000 0.0000
0.7586 0.5172 0.0000 0.0000 0.0000
0.7586 0.5517 0.0000 0.0000 0.0000
0.7586 0.5862 0.0000 0.0000 0.0000
0.7586 0.6207 0.0000 0.0000 0.0000
0.7586 0.6552 0.0000 0.0000 0.0000
0.7586 0.6897 0.0000 0.0000 0.0000
0.7586 0.7241 0.0000 0.0000 0.0000
0.7586 0.7586 0.0000 0.0000 0.0000
0.7586 0.7931 0.0000 0.0000 0.0000
0.7586 0.8276 0.0000 0.0000 0.0000
0.7586 0.8621 0.0000 0.0000 0.0000
0.7586 0.8966 0.0000 0.0000 0.0000
0.7586 0.9310 0.0000 0.0000 0.0000
0.7586 0.9655 0.0000 0.0000 0.0000
0.7586 1.0000 0.0000 0.0000 0.0000

0.7931 0.0000 0.0000 0.0000 0.0000
0.7931 0.0345 0.150030 0.988681 0.282147
0.7931 0.0690 0.458512 0.888688 0.184643
0.7931 0.1034 0.932397 0.361435 0.136199
0.7931 0.1379 0.932397 -0.361435 0.181599
0.7931 0.1724 0.760884 -0.648888 0.278167
0.7931 0.2069 0.0000 0.0000 0.0000
0.7931 0.2414 0.0000 0.0000 0.0000
0.7931 0.2759 0.0000 0.0000 0.0000
0.7931 0.3103 0.0000 0.0000 0.0000
0.7931 0.3448 0.0000 0.0000 0.0000
0.7931 0.3793 0.0000 0.0000 0.0000
0.7931 0.4138 0.0000 0.0000 0.0000
0.7931 0.4483 0.0000 0.0000 0.0000
0.7931 0.4828 0.0000 0.0000 0.0000
0.7931 0.5172 0.0000 0.0000 0.0000
0.7931 0.5517 0.0000 0.0000 0.0000
0.7931 0.5862 0.0000 0.0000 0.0000
0.7931 0.6207 0.0000 0.0000 0.0000
0.7931 0.6552 0.0000 0.0000 0.0000
0.7931 0.6897 0.0000 0.0000 0.0000
0.7931 0.7241 0.0000 0.0000 0.0000
0.7931 0.7586 0.0000 0.0000 0.0000
0.7931 0.7931 0.0000 0.0000 0.0000
0.7931 0.8276 0.0000 0.0000 0.0000
0.7931 0.8621 0.0000 0.0000 0.0000
0.7931 0.8966 0.0000 0.0000 0.0000
0.7931 0.9310 0.0000 0.0000 0.0000
0.7931 0.9655 0.0000 0.0000 0.0000
0.7931 1.0000 0.0000 0.0000 0.0000

0.8276 0.0000 0.0000 0.0000 0.0000
0.8276 0.0345 0.195915 0.980621 0.226991
0.8276 0.0690 0.654531 0.756035 0.135886
0.8276 0.1034 0.991865 -0.127298 0.134507
0.8276 0.1379 0.792309 -0.610120 0.224513
0.8276 0.1724 0.0000 0.0000 0.0000
0.8276 0.2069 0.0000 0.0000 0.0000
0.8276 0.2414 0.0000 0.0000 0.0000
0.8276 0.2759 0.0000 0.0000 0.0000
0.8276 0.3103 0.0000 0.0000 0.0000
0.8276 0.3448 0.0000 0.0000 0.0000
0.8276 0.3793 0.0000 0.0000 0.0000
0.8276 0.4138 0.0000 0.0000 0.0000
0.8276 0.4483 0.0000 0.0000 0.0000
0.8276 0.4828 0.0000 0.0000 0.0000
0.8276 0.5172 0.0000 0.0000 0.0000
0.8276 0.5517 0.0000 0.0000 0.0000
0.8276 0.5862 0.0000 0.0000 0.0000
0.8276 0.6207 0.0000 0.0000 0.0000
0.8276 0.6552 0.0000 0.0000 0.0000
0.8276 0.6897 0.0000 0.0000 0.0000
0.8276 0.7241 0.0000 0.0000 0.0000
0.8276 0.7586 0.0000 0.0000 0.0000
0.8276 0.7931 0.0000 0.0000 0.0000
0.8276 0.8276 0.0000 0.0000 0.0000
0.8276 0.8621 0.0000 0.0000 0.0000
0.8276 0.8966 0.0000 0.0000 0.0000
0.8276 0.9310 0.0000 0.0000 0.0000
0.8276 0.9655 0.0000 0.0000 0.0000
0.8276 1.0000 0.0000 0.0000 0.0000

0.8621 0.0000 0.0000 0.0000 0.0000
0.8621 0.0345 0.278853 0.960334 0.167154
0.8621 0.0690 0.933958 0.357382 0.099814
0.8621 0.1034 0.843130 -0.537710 0.165851
0.8621 0.1379 0.656842 -0.754028 0.283850
0.8621 0.1724 0.0000 0.0000 0.0000
0.8621 0.2069 0.0000 0.0000 0.0000
0.8621 0.2414 0.0000 0.0000 0.0000
0.8621 0.2759 0.0000 0.0000 0.0000
0.8621 0.3103 0.0000 0.0000 0.0000
0.8621 0.3448 0.0000 0.0000 0.0000
0.8621 0.3793 0.0000 0.0000 0.0000
0.8621 0.4138 0.0000 0.0000 0.0000
0.8621 0.4483 0.0000 0.0000 0.0000
0.8621 0.4828 0.0000 0.0000 0.0000
0.8621 0.5172 0.0000 0.0000 0.0000
0.8621 0.5517 0.0000 0.0000 0.0000
0.8621 0.5862 0.0000 0.0000 0.0000
0.8621 0.6207 0.0000 0.0000 0.0000
0.8621 0.6552 0.0000 0.0000 0.0000
0.8621 0.6897 0.0000 0.0000 0.0000
0.8621 0.7241 0.0000 0.0000 0.0000
0.8621 0.7586 0.0000 0.0000 0.0000
0.8621 0.7931 0.0000 0.0000 0.0000
0.8621 0.8276 0.0000 0.0000 0.0000
0.8621 0.8621 0.0000 0.0000 0.0000
0.8621 0.8966 0.0000 0.0000 0.0000
0.8621 0.9310 0.0000 0.0000 0.0000
0.8621 0.9655 0.0000 0.0000 0.0000
0.8621 1.0000 0.0000 0.0000 0.0000

0.8966 0.0000 0.0000 0.0000 0.0000
0.8966 0.0345 0.465279 0.885164 0.104779
0.8966 0.0690 0.934632 -0.355616 0.104322
0.8966 0.1034 0.0000 0.0000 0.0000
0.8966 0.1379 0.0000 0.0000 0.0000
0.8966 0.1724 0.0000 0.0000 0.0000
0.8966 0.2069 0.0000 0.0000 0.0000
0.8966 0.2414 0.0000 0.0000 0.0000
0.8966 0.2759 0.0000 0.0000 0.0000
0.8966 0.3103 0.0000 0.0000 0.0000
0.8966 0.3448 0.0000 0.0000 0.0000
0.8966 0.3793 0.0000 0.0000 0.0000
0.8966 0.4138 0.0000 0.0000 0.0000
0.8966 0.4483 0.0000 0.0000 0.0000
0.8966 0.4828 0.0000 0.0000 0.0000
0.8966 0.5172 0.0000 0.0000 0.0000
0.8966 0.5517 0.0000 0.0000 0.0000
0.8966 0.5862 0.0000 0.0000 0.0000
0.8966 0.6207 0.0000 0.0000 0.0000
0.8966 0.6552 0.0000 0.0000 0.0000
0.8966 0.6897 0.0000 0.0000 0.0000
0.8966 0.7241 0.0000 0.0000 0.0000
0.8966 0.7586 0.0000 0.0000 0.0000
0.8966 0.7931 0.0000 0.0000 0.0000
0.8966 0.8276 0.0000 0.0000 0.0000
0.8966 0.8621 0.0000 0.0000 0.0000
0.8966 0.8966 0.0000 0.0000 0.0000
0.8966 0.9310 0.0000 0.0000 0.0000
0.8966 0.9655 0.0000 0.0000 0.0000
0.8966 1.0000 0.0000 0.0000 0.0000

0.9310 0.0000 0.0000 0.0000 0.0000
0.9310 0.0345 0.935247 0.353995 0.054415
0.9310 0.0690 0.660906 -0.750468 0.154006
0.9310 0.1034 0.0000 0.0000 0.0000
0.9310 0.1379 0.0000 0.0000 0.0000
0.9310 0.1724 0.0000 0.0000 0.0000
0.9310 0.2069 0.0000 0.0000 0.0000
0.9310 0.2414 0.0000 0.0000 0.0000
0.9310 0.2759 0.0000 0.0000 0.0000
0.9310 0.3103 0.0000 0.0000 0.0000
0.9310 0.3448 0.0000 0.0000 0.0000
0.9310 0.3793 0.0000 0.0000 0.0000
0.9310 0.4138 0.0000 0.0000 0.0000
0.9310 0.4483 0.0000 0.0000 0.0000
0.9310 0.4828 0.0000 0.0000 0.0000
0.9310 0.5172 0.0000 0.0000 0.0000
0.9310 0.5517 0.0000 0.0000 0.0000
0.9310 0.5862 0.0000 0.0000 0.0000
0.9310 0.6207 0.0000 0.0000 0.0000
0.9310 0.6552 0.0000 0.0000 0.0000
0.9310 0.6897 0.0000 0.0000 0.0000
0.9310 0.7241 0.0000 0.0000 0.0000
0.9310 0.7586 0.0000 0.0000 0.0000
0.9310 0.7931 0.0000 0.0000 0.0000
0.9310 0.8276 0.0000 0.0000 0.0000
0.9310 0.8621 0.0000 0.0000 0.0000
0.9310 0.8966 0.0000 0.0000 0.0000
0.9310 0.9310 0.0000 0.0000 0.0000
0.9310 0.9655 0.0000 0.0000 0.0000
0.9310 1.0000 0.0000 0.0000 0.0000

0.9655 0.0000 0.0000 0.0000 0.0000
0.9655 0.0345 0.0000 0.0000 0.0000
0.9655 0.0690 0.0000 0.0000 0.0000
0.9655 0.1034 0.0000 0.0000 0.0000
0.9655 0.1379 0.0000 0.0000 0.0000
0.9655 0.1724 0.0000 0.0000 0.0000
0.9655 0.2069 0.0000 0.0000 0.0000
0.9655 0.2414 0.0000 0.0000 0.0000
0.9655 0.2759 0.0000 0.0000 0.0000
0.9655 0.3103 0.0000 0.0000 0.0000
0.9655 0.3448 0.0000 0.0000 0.0000
0.9655 0.3793 0.0000 0.0000 0.0000
0.9655 0.4138 0.0000 0.0000 0.0000
0.9655 0.4483 0.0000 0.0000 0.0000
0.9655 0.4828 0.0000 0.0000 0.0000
0.9655 0.5172 0.0000 0.0000 0.0000
0.9655 0.5517 0.0000 0.0000 0.0000
0.9655 0.5862 0.0000 0.0000 0.0000
0.9655 0.6207 0.0000 0.0000 0.0000
0.9655 0.6552 0.0000 0.0000 0.0000
0.9655 0.6897 0.0000 0.0000 0.0000
0.9655 0.7241 0.0000 0.0000 0.0000
0.9655 0.7586 0.0000 0.0000 0.0000
0.9655 0.7931 0.0000 0.0000 0.0000
0.9655 0.8276 0.0000 0.0000 0.0000
0.9655 0.8621 0.0000 0.0000 0.0000
0.9655 0.8966 0.0000 0.0000 0.0000
0.9655 0.9310 0.0000 0.0000 0.0000
0.9655 0.9655 0.0000 0.0000 0.0000
0.9655 1.0000 0.0000 0.0000 0.0000

1.0000 0.0000 0.0000 0.0000 0.0000
1.0000 0.0345 0.0000 0.0000 0.0000
1.0000 0.0690 0.0000 0.0000 0.0000
1.0000 0.1034 0.0000 0.0000 0.0000
1.0000 0.1379 0.0000 0.0000 0.0000
1.0000 0.1724 0.0000 0.0000 0.0000
1.0000 0.2069 0.0000 0.0000 0.0000
1.0000 0.2414 0.0000 0.0000 0.0000
1.0000 0.2759 0.0000 0.0000 0.0000
1.0000 0.3103 0.0000 0.0000 0.0000
1.0000 0.3448 0.0000 0.0000 0.0000
1.0000 0.3793 0.0000 0.0000 0.0000
1.0000 0.4138 0.0000 0.0000 0.0000
1.0000 0.4483 0.0000 0.0000 0.0000
1.0000 0.4828 0.0000 0.0000 0.0000
1.0000 0.5172 0.0000 0.0000 0.0000
1.0000 0.5517 0.0000 0.0000 0.0000
1.0000 0.5862 0.0000 0.0000 0.0000
1.0000 0.6207 0.0000 0.0000 0.0000
1.0000 0.6552 0.0000 0.0000 0.0000
1.0000 0.6897 0.0000 0.0000 0.0000
1.0000 0.7241 0.0000 0.0000 0.0000
1.0000 0.7586 0.0000 0.0000 0.0000
1.0000 0.7931 0.0000 0.0000 0.0000
1.0000 0.8276 0.0000 0.0000 0.0000
1.0000 0.8621 0.0000 0.0000 0.0000
1.0000 0.8966 0.0000 0.0000 0.0000
1.0000 0.9310 0.0000 0.0000 0.0000
1.0000 0.9655 0.0000 0.0000 0.0000
1.0000 1.0000 0.0000 0.0000 0.0000

