0.0000 0.0000 0.000000 0.000000 0.000000
0.0000 0.0345 -1.000000 0.000000 0.006897
0.0000 0.0690 -1.000000 0.000000 0.013793
0.0000 0.1034 -1.000000 0.000000 0.020690
0.0000 0.1379 -1.000000 0.000000 0.027586
0.0000 0.1724 -1.000000 0.000000 0.034483
0.0000 0.2069 -1.000000 0.000000 0.041379
0.0000 0.2414 -1.000000 0.000000 0.048276
0.0000 0.2759 -1.000000 0.000000 0.055172
0.0000 0.3103 -1.000000 0.000000 0.062069
0.0000 0.3448 -1.000000 0.000000 0.068966
0.0000 0.3793 -1.000000 0.000000 0.075862
0.0000 0.4138 -1.000000 0.000000 0.082759
0.0000 0.4483 -1.000000 0.000000 0.089655
0.0000 0.4828 -1.000000 0.000000 0.096552
0.0000 0.5172 -1.000000 0.000000 0.103448
0.0000 0.5517 -1.000000 0.000000 0.110345
0.0000 0.5862 -1.000000 -0.000000 0.117241
0.0000 0.6207 -1.000000 -0.000000 0.124138
0.0000 0.6552 -1.000000 -0.000000 0.131034
0.0000 0.6897 -1.000000 -0.000000 0.137931
0.0000 0.7241 -1.000000 -0.000000 0.144828
0.0000 0.7586 -1.000000 -0.000000 0.151724
0.0000 0.7931 -1.000000 -0.000000 0.158621
0.0000 0.8276 -1.000000 -0.000000 0.165517
0.0000 0.8621 -1.000000 -0.000000 0.172414
0.0000 0.8966 -1.000000 -0.000000 0.179310
0.0000 0.9310 -1.000000 -0.000000 0.186207
0.0000 0.9655 -1.000000 -0.000000 0.193103
0.0000 1.0000 -1.000000 -0.000000 0.200000

0.0345 0.0000 0.000000 1.000000 0.479429
0.0345 0.0345 0.013226 0.999913 0.449504
0.0345 0.0690 0.028333 0.999599 0.419669
0.0345 0.1034 0.045740 0.998953 0.389944
0.0345 0.1379 0.065993 0.997820 0.360358
0.0345 0.1724 0.089823 0.995958 0.330945
0.0345 0.2069 0.118213 0.992988 0.301759
0.0345 0.2414 0.152516 0.988301 0.272871
0.0345 0.2759 0.194619 0.980879 0.244388
0.0345 0.3103 0.247186 0.968968 0.216468
0.0345 0.3448 0.313966 0.949434 0.189361
0.0345 0.3793 0.400056 0.916491 0.163473
0.0345 0.4138 0.511484 0.859293 0.139484
0.0345 0.4483 0.651947 0.758265 0.118551
0.0345 0.4828 0.811534 0.584305 0.102564
0.0345 0.5172 0.947922 0.318502 0.094079
0.0345 0.5517 1.000000 0.000000 0.095125
0.0345 0.5862 0.958753 -0.284242 0.105418
0.0345 0.6207 0.872506 -0.488603 0.122653
0.0345 0.6552 0.782473 -0.622684 0.144364
0.0345 0.6897 0.704284 -0.709918 0.168833
0.0345 0.7241 0.640184 -0.768221 0.195024
0.0345 0.7586 0.588299 -0.808644 0.222330
0.0345 0.7931 0.546123 -0.837705 0.250387
0.0345 0.8276 0.511484 -0.859293 0.278967
0.0345 0.8621 0.482689 -0.875792 0.307926
0.0345 0.8966 0.458463 -0.888713 0.337165
0.0345 0.9310 0.437848 -0.899049 0.366618
0.0345 0.9655 0.420124 -0.907467 0.396237
0.0345 1.0000 0.0000 0.0000 0.0000

0.0690 0.0000 0.000000 1.000000 0.924614
0.0690 0.0345 0.021722 0.999764 0.864889
0.0690 0.0690 0.046639 0.998912 0.805633
0.0690 0.1034 0.075455 0.997149 0.746957
0.0690 0.1379 0.109068 0.994034 0.689009
0.0690 0.1724 0.148635 0.988892 0.631990
0.0690 0.2069 0.195640 0.980676 0.576176
0.0690 0.2414 0.251958 0.967738 0.521952
0.0690 0.2759 0.319870 0.947462 0.469871
0.0690 0.3103 0.401886 0.915690 0.420727
0.0690 0.3448 0.500088 0.865975 0.375677
0.0690 0.3793 0.614381 0.789009 0.336369
0.0690 0.4138 0.739093 0.673604 0.305031
0.0690 0.4483 0.859039 0.511910 0.284310
0.0690 0.4828 0.950895 0.309514 0.276603
0.0690 0.5172 0.995873 0.090763 0.282975
0.0690 0.5517 0.993573 -0.113192 0.302539
0.0690 0.5862 0.959172 -0.282824 0.332976
0.0690 0.6207 0.909972 -0.414671 0.371626
0.0690 0.6552 0.857644 -0.514244 0.416205
0.0690 0.6897 0.808028 -0.589144 0.465013
0.0690 0.7241 0.763334 -0.646004 0.516852
0.0690 0.7586 0.723979 -0.689822 0.570897
0.0690 0.7931 0.689627 -0.724165 0.626578
0.0690 0.8276 0.659686 -0.751541 0.683494
0.0690 0.8621 0.633535 -0.773714 0.741363
0.0690 0.8966 0.610601 -0.791938 0.799976
0.0690 0.9310 0.590391 -0.807117 0.859182
0.0690 0.9655 0.0000 0.0000 0.0000
0.0690 1.0000 0.0000 0.0000 0.0000

0.1034 0.0000 0.000000 1.000000 1.335553
0.1034 0.0345 0.025383 0.999678 1.246061
0.1034 0.0690 0.054651 0.998506 1.157497
0.1034 0.1034 0.088672 0.996061 1.070089
0.1034 0.1379 0.128554 0.991703 0.984147
0.1034 0.1724 0.175699 0.984444 0.900090
0.1034 0.2069 0.231856 0.972750 0.818499
0.1034 0.2414 0.299116 0.954217 0.740190
0.1034 0.2759 0.379744 0.925091 0.666322
0.1034 0.3103 0.475592 0.879666 0.598541
0.1034 0.3448 0.586649 0.809841 0.539147
0.1034 0.3793 0.708316 0.705895 0.491192
0.1034 0.4138 0.828198 0.560435 0.458282
0.1034 0.4483 0.926542 0.376190 0.443776
0.1034 0.4828 0.985196 0.171430 0.449460
0.1034 0.5172 0.999634 -0.027058 0.474609
0.1034 0.5517 0.980010 -0.198949 0.516387
0.1034 0.5862 0.941412 -0.337259 0.571156
0.1034 0.6207 0.895770 -0.444518 0.635567
0.1034 0.6552 0.850014 -0.526760 0.706990
0.1034 0.6897 0.807369 -0.590047 0.783508
0.1034 0.7241 0.768965 -0.639290 0.863770
0.1034 0.7586 0.734919 -0.678155 0.946823
0.1034 0.7931 0.704914 -0.709293 1.031994
0.1034 0.8276 0.678492 -0.734608 1.118799
0.1034 0.8621 0.655178 -0.755474 1.206886
0.1034 0.8966 0.634536 -0.772893 1.295993
0.1034 0.9310 0.0000 0.0000 0.0000
0.1034 0.9655 0.0000 0.0000 0.0000
0.1034 1.0000 0.0000 0.0000 0.0000

0.1379 0.0000 0.000000 1.000000 1.712247
0.1379 0.0345 0.027916 0.999610 1.593011
0.1379 0.0690 0.060291 0.998181 1.475216
0.1379 0.1034 0.098152 0.995171 1.359239
0.1379 0.1379 0.142811 0.989750 1.245585
0.1379 0.1724 0.195915 0.980621 1.134955
0.1379 0.2069 0.259476 0.965750 1.028324
0.1379 0.2414 0.335784 0.941939 0.927073
0.1379 0.2759 0.427006 0.904249 0.833166
0.1379 0.3103 0.534100 0.845421 0.749368
0.1379 0.3448 0.654531 0.756035 0.679431
0.1379 0.3793 0.778944 0.627093 0.628003
0.1379 0.4138 0.889619 0.456703 0.599864
0.1379 0.4483 0.966261 0.257564 0.598307
0.1379 0.4828 0.998491 0.054921 0.623533
0.1379 0.5172 0.991865 -0.127298 0.672534
0.1379 0.5517 0.960745 -0.277434 0.740607
0.1379 0.5862 0.918561 -0.395279 0.823032
0.1379 0.6207 0.873937 -0.486040 0.915942
0.1379 0.6552 0.831258 -0.555887 1.016468
0.1379 0.6897 0.792309 -0.610120 1.122564
0.1379 0.7241 0.757538 -0.652791 1.232794
0.1379 0.7586 0.726788 -0.686862 1.346141
0.1379 0.7931 0.699666 -0.714470 1.461883
0.1379 0.8276 0.675725 -0.737154 1.579491
0.1379 0.8621 0.654531 -0.756035 1.698578
0.1379 0.8966 0.0000 0.0000 0.0000
0.1379 0.9310 0.0000 0.0000 0.0000
0.1379 0.9655 0.0000 0.0000 0.0000
0.1379 1.0000 0.0000 0.0000 0.0000

0.1724 0.0000 0.000000 1.000000 2.054697
0.1724 0.0345 0.030074 0.999548 1.905737
0.1724 0.0690 0.065173 0.997874 1.758793
0.1724 0.1034 0.106502 0.994312 1.614414
0.1724 0.1379 0.155598 0.987820 1.473355
0.1724 0.1724 0.214387 0.976749 1.336668
0.1724 0.2069 0.285176 0.958475 1.205839
0.1724 0.2414 0.370444 0.928855 1.082995
0.1724 0.2759 0.472113 0.881538 0.971170
0.1724 0.3103 0.589771 0.807570 0.874601
0.1724 0.3448 0.717449 0.696611 0.798840
0.1724 0.3793 0.840343 0.542055 0.750217
0.1724 0.4138 0.936808 0.349845 0.734145
0.1724 0.4483 0.989842 0.142173 0.752712
0.1724 0.4828 0.998580 -0.053273 0.803519
0.1724 0.5172 0.975804 -0.218645 0.881007
0.1724 0.5517 0.936808 -0.349845 0.978860
0.1724 0.5862 0.892546 -0.450957 1.091615
0.1724 0.6207 0.848986 -0.528415 1.215130
0.1724 0.6552 0.808751 -0.588151 1.346448
0.1724 0.6897 0.772670 -0.634808 1.483498
0.1724 0.7241 0.740734 -0.671798 1.624830
0.1724 0.7586 0.712596 -0.701575 1.769418
0.1724 0.7931 0.687803 -0.725897 1.916526
0.1724 0.8276 0.665906 -0.746036 2.065615
0.1724 0.8621 0.0000 0.0000 0.0000
0.1724 0.8966 0.0000 0.0000 0.0000
0.1724 0.9310 0.0000 0.0000 0.0000
0.1724 0.9655 0.0000 0.0000 0.0000
0.1724 1.0000 0.0000 0.0000 0.0000

0.2069 0.0000 0.000000 1.000000 2.362901
0.2069 0.0345 0.032118 0.999484 2.184242
0.2069 0.0690 0.069867 0.997556 2.008237
0.2069 0.1034 0.114654 0.993406 1.835649
0.2069 0.1379 0.168283 0.985739 1.667539
0.2069 0.1724 0.233008 0.972475 1.505408
0.2069 0.2069 0.311473 0.950255 1.351411
0.2069 0.2414 0.406303 0.913739 1.208660
0.2069 0.2759 0.518886 0.854843 1.081618
0.2069 0.3103 0.646630 0.762804 0.976434
0.2069 0.3448 0.778804 0.627267 0.900799
0.2069 0.3793 0.894703 0.446662 0.862522
0.2069 0.4138 0.971483 0.237108 0.866567
0.2069 0.4483 0.999604 0.028151 0.912371
0.2069 0.4828 0.987914 -0.155004 0.994180
0.2069 0.5172 0.953172 -0.302430 1.104018
0.2069 0.5517 0.909308 -0.416124 1.234426
0.2069 0.5862 0.864485 -0.502659 1.379583
0.2069 0.6207 0.822493 -0.568775 1.535311
0.2069 0.6552 0.784678 -0.619903 1.698705
0.2069 0.6897 0.751218 -0.660054 1.867754
0.2069 0.7241 0.721806 -0.692095 2.041055
0.2069 0.7586 0.695975 -0.718066 2.217610
0.2069 0.7931 0.673241 -0.739424 2.396700
0.2069 0.8276 0.0000 0.0000 0.0000
0.2069 0.8621 0.0000 0.0000 0.0000
0.2069 0.8966 0.0000 0.0000 0.0000
0.2069 0.9310 0.0000 0.0000 0.0000
0.2069 0.9655 0.0000 0.0000 0.0000
0.2069 1.0000 0.0000 0.0000 0.0000

0.2414 0.0000 0.000000 1.000000 2.636861
0.2414 0.0345 0.034176 0.999416 2.428529
0.2414 0.0690 0.074652 0.997210 2.223565
0.2414 0.1034 0.123080 0.992397 2.022991
0.2414 0.1379 0.181586 0.983375 1.828254
0.2414 0.1724 0.252817 0.967514 1.641433
0.2414 0.2069 0.339788 0.940502 1.465557
0.2414 0.2414 0.445172 0.895445 1.305059
0.2414 0.2759 0.569295 0.822133 1.166305
0.2414 0.3103 0.706094 0.708118 1.057887
0.2414 0.3448 0.838499 0.544904 0.989822
0.2414 0.3793 0.940578 0.339578 0.970638
0.2414 0.4138 0.992836 0.119482 1.003143
0.2414 0.4483 0.996547 -0.083027 1.082692
0.2414 0.4828 0.968321 -0.249710 1.199964
0.2414 0.5172 0.925522 -0.378695 1.345130
0.2414 0.5517 0.879336 -0.476202 1.510166
0.2414 0.5862 0.835242 -0.549883 1.689259
0.2414 0.6207 0.795327 -0.606181 1.878392
0.2414 0.6552 0.760033 -0.649885 2.074821
0.2414 0.6897 0.729107 -0.684400 2.276660
0.2414 0.7241 0.702060 -0.712118 2.482588
0.2414 0.7586 0.678361 -0.734729 2.691667
0.2414 0.7931 0.0000 0.0000 0.0000
0.2414 0.8276 0.0000 0.0000 0.0000
0.2414 0.8621 0.0000 0.0000 0.0000
0.2414 0.8966 0.0000 0.0000 0.0000
0.2414 0.9310 0.0000 0.0000 0.0000
0.2414 0.9655 0.0000 0.0000 0.0000
0.2414 1.0000 0.0000 0.0000 0.0000

0.2759 0.0000 0.000000 1.000000 2.876576
0.2759 0.0345 0.036322 0.999340 2.638602
0.2759 0.0690 0.079706 0.996818 2.404797
0.2759 0.1034 0.132099 0.991236 2.176506
0.2759 0.1379 0.196023 0.980599 1.955658
0.2759 0.1724 0.274595 0.961560 1.745084
0.2759 0.2069 0.371232 0.928540 1.548977
0.2759 0.2414 0.488419 0.872609 1.373551
0.2759 0.2759 0.624506 0.781020 1.227700
0.2759 0.3103 0.768065 0.640372 1.123010
0.2759 0.3448 0.894338 0.447391 1.071611
0.2759 0.3793 0.975109 0.221726 1.081132
0.2759 0.4138 1.000000 0.000000 1.150059
0.2759 0.4483 0.981989 -0.188938 1.268749
0.2759 0.4828 0.941689 -0.336484 1.424819
0.2759 0.5172 0.894338 -0.447391 1.607417
0.2759 0.5517 0.847880 -0.530188 1.808525
0.2759 0.5862 0.805511 -0.592581 2.022631
0.2759 0.6207 0.768065 -0.640372 2.246020
0.2759 0.6552 0.735378 -0.677658 2.476180
0.2759 0.6897 0.706931 -0.707282 2.711389
0.2759 0.7241 0.682137 -0.731224 2.950438
0.2759 0.7586 0.0000 0.0000 0.0000
0.2759 0.7931 0.0000 0.0000 0.0000
0.2759 0.8276 0.0000 0.0000 0.0000
0.2759 0.8621 0.0000 0.0000 0.0000
0.2759 0.8966 0.0000 0.0000 0.0000
0.2759 0.9310 0.0000 0.0000 0.0000
0.2759 0.9655 0.0000 0.0000 0.0000
0.2759 1.0000 0.0000 0.0000 0.0000

0.3103 0.0000 0.000000 1.000000 3.082045
0.3103 0.0345 0.038615 0.999254 2.814465
0.3103 0.0690 0.085174 0.996366 2.551961
0.3103 0.1034 0.141987 0.989869 2.296273
0.3103 0.1379 0.212064 0.977256 2.049954
0.3103 0.1724 0.299095 0.954223 1.816818
0.3103 0.2069 0.406882 0.913481 1.602630
0.3103 0.2414 0.537256 0.843419 1.416013
0.3103 0.2759 0.685037 0.728508 1.269188
0.3103 0.3103 0.830930 0.556377 1.177141
0.3103 0.3448 0.942533 0.334114 1.153065
0.3103 0.3793 0.995359 0.096229 1.201055
0.3103 0.4138 0.993091 -0.117346 1.313235
0.3103 0.4483 0.957840 -0.287304 1.475030
0.3103 0.4828 0.909947 -0.414724 1.672099
0.3103 0.5172 0.860964 -0.508666 1.893461
0.3103 0.5517 0.815779 -0.578364 2.131561
0.3103 0.5862 0.775836 -0.630935 2.381383
0.3103 0.6207 0.741113 -0.671380 2.639601
0.3103 0.6552 0.711067 -0.703124 2.903976
0.3103 0.6897 0.685037 -0.728508 3.172970
0.3103 0.7241 0.0000 0.0000 0.0000
0.3103 0.7586 0.0000 0.0000 0.0000
0.3103 0.7931 0.0000 0.0000 0.0000
0.3103 0.8276 0.0000 0.0000 0.0000
0.3103 0.8621 0.0000 0.0000 0.0000
0.3103 0.8966 0.0000 0.0000 0.0000
0.3103 0.9310 0.0000 0.0000 0.0000
0.3103 0.9655 0.0000 0.0000 0.0000
0.3103 1.0000 0.0000 0.0000 0.0000

0.3448 0.0000 0.000000 1.000000 3.253270
0.3448 0.0345 0.041109 0.999155 2.956126
0.3448 0.0690 0.091195 0.995833 2.665089
0.3448 0.1034 0.153025 0.988222 2.382399
0.3448 0.1379 0.230219 0.973139 2.111412
0.3448 0.1724 0.327155 0.944971 1.857257
0.3448 0.2069 0.447915 0.894076 1.627837
0.3448 0.2414 0.592764 0.805376 1.435064
0.3448 0.2759 0.750480 0.660893 1.295405
0.3448 0.3103 0.891266 0.453482 1.227129
0.3448 0.3448 0.978387 0.206782 1.242065
0.3448 0.3793 0.999488 -0.032006 1.337427
0.3448 0.4138 0.973517 -0.228615 1.497934
0.3448 0.4483 0.926404 -0.376530 1.705288
0.3448 0.4828 0.874906 -0.484292 1.944561
0.3448 0.5172 0.826535 -0.562885 2.205387
0.3448 0.5517 0.783704 -0.621135 2.480979
0.3448 0.5862 0.746631 -0.665238 2.766927
0.3448 0.6207 0.714758 -0.699372 3.060331
0.3448 0.6552 0.687334 -0.726341 3.359237
0.3448 0.6897 0.0000 0.0000 0.0000
0.3448 0.7241 0.0000 0.0000 0.0000
0.3448 0.7586 0.0000 0.0000 0.0000
0.3448 0.7931 0.0000 0.0000 0.0000
0.3448 0.8276 0.0000 0.0000 0.0000
0.3448 0.8621 0.0000 0.0000 0.0000
0.3448 0.8966 0.0000 0.0000 0.0000
0.3448 0.9310 0.0000 0.0000 0.0000
0.3448 0.9655 0.0000 0.0000 0.0000
0.3448 1.0000 0.0000 0.0000 0.0000

0.3793 0.0000 0.000000 1.000000 3.390250
0.3793 0.0345 0.043858 0.999038 3.063590
0.3793 0.0690 0.097925 0.995194 2.744224
0.3793 0.1034 0.165539 0.986203 2.435022
0.3793 0.1379 0.251101 0.967961 2.140396
0.3793 0.1724 0.359790 0.933033 1.867255
0.3793 0.2069 0.495666 0.868513 1.626463
0.3793 0.2414 0.655707 0.755016 1.434402
0.3793 0.2759 0.818891 0.573949 1.312642
0.3793 0.3103 0.943728 0.330722 1.281380
0.3793 0.3448 0.997553 0.069917 1.346935
0.3793 0.3793 0.987549 -0.157309 1.496636
0.3793 0.4138 0.943728 -0.330722 1.708507
0.3793 0.4483 0.890047 -0.455869 1.962515
0.3793 0.4828 0.838129 -0.545472 2.244397
0.3793 0.5172 0.791957 -0.610577 2.544910
0.3793 0.5517 0.752164 -0.658976 2.858181
0.3793 0.5862 0.718197 -0.695840 3.180444
0.3793 0.6207 0.689198 -0.724573 3.509222
0.3793 0.6552 0.0000 0.0000 0.0000
0.3793 0.6897 0.0000 0.0000 0.0000
0.3793 0.7241 0.0000 0.0000 0.0000
0.3793 0.7586 0.0000 0.0000 0.0000
0.3793 0.7931 0.0000 0.0000 0.0000
0.3793 0.8276 0.0000 0.0000 0.0000
0.3793 0.8621 0.0000 0.0000 0.0000
0.3793 0.8966 0.0000 0.0000 0.0000
0.3793 0.9310 0.0000 0.0000 0.0000
0.3793 0.9655 0.0000 0.0000 0.0000
0.3793 1.0000 0.0000 0.0000 0.0000

0.4138 0.0000 0.000000 1.000000 3.492985
0.4138 0.0345 0.046928 0.998898 3.136869
0.4138 0.0690 0.105546 0.994414 2.789421
0.4138 0.1034 0.179934 0.983679 2.454327
0.4138 0.1379 0.275485 0.961305 2.137403
0.4138 0.1724 0.398279 0.917264 1.848022
0.4138 0.2069 0.551612 0.834101 1.601188
0.4138 0.2414 0.726032 0.687661 1.419276
0.4138 0.2759 0.885972 0.463740 1.329214
0.4138 0.3103 0.981723 0.190318 1.349517
0.4138 0.3448 0.997574 -0.069621 1.475638
0.4138 0.3793 0.961577 -0.274535 1.683965
0.4138 0.4138 0.906669 -0.421843 1.948306
0.4138 0.4483 0.850902 -0.525324 2.248994
0.4138 0.4828 0.800864 -0.598846 2.573320
0.4138 0.5172 0.757907 -0.652363 2.913400
0.4138 0.5517 0.721527 -0.692386 3.264315
0.4138 0.5862 0.690741 -0.723102 3.622916
0.4138 0.6207 0.0000 0.0000 0.0000
0.4138 0.6552 0.0000 0.0000 0.0000
0.4138 0.6897 0.0000 0.0000 0.0000
0.4138 0.7241 0.0000 0.0000 0.0000
0.4138 0.7586 0.0000 0.0000 0.0000
0.4138 0.7931 0.0000 0.0000 0.0000
0.4138 0.8276 0.0000 0.0000 0.0000
0.4138 0.8621 0.0000 0.0000 0.0000
0.4138 0.8966 0.0000 0.0000 0.0000
0.4138 0.9310 0.0000 0.0000 0.0000
0.4138 0.9655 0.0000 0.0000 0.0000
0.4138 1.0000 0.0000 0.0000 0.0000

0.4483 0.0000 0.000000 1.000000 3.561475
0.4483 0.0345 0.050393 0.998729 3.175973
0.4483 0.0690 0.114289 0.993448 2.800754
0.4483 0.1034 0.196734 0.980457 2.440562
0.4483 0.1379 0.304398 0.952545 2.103134
0.4483 0.1724 0.444254 0.895901 1.801308
0.4483 0.2069 0.617173 0.786827 1.555941
0.4483 0.2414 0.801896 0.597464 1.397106
0.4483 0.2759 0.944535 0.328412 1.355568
0.4483 0.3103 0.999255 0.038604 1.441503
0.4483 0.3448 0.978925 -0.204221 1.634932
0.4483 0.3793 0.924955 -0.380077 1.903362
0.4483 0.4138 0.865221 -0.501391 2.219746
0.4483 0.4483 0.810711 -0.585447 2.566412
0.4483 0.4828 0.764044 -0.645164 2.932639
0.4483 0.5172 0.724865 -0.688891 3.311946
0.4483 0.5517 0.692039 -0.721860 3.700311
0.4483 0.5862 0.0000 0.0000 0.0000
0.4483 0.6207 0.0000 0.0000 0.0000
0.4483 0.6552 0.0000 0.0000 0.0000
0.4483 0.6897 0.0000 0.0000 0.0000
0.4483 0.7241 0.0000 0.0000 0.0000
0.4483 0.7586 0.0000 0.0000 0.0000
0.4483 0.7931 0.0000 0.0000 0.0000
0.4483 0.8276 0.0000 0.0000 0.0000
0.4483 0.8621 0.0000 0.0000 0.0000
0.4483 0.8966 0.0000 0.0000 0.0000
0.4483 0.9310 0.0000 0.0000 0.0000
0.4483 0.9655 0.0000 0.0000 0.0000
0.4483 1.0000 0.0000 0.0000 0.0000

0.4828 0.0000 0.000000 1.000000 3.595719
0.4828 0.0345 0.054352 0.998522 3.180921
0.4828 0.0690 0.124456 0.992225 2.778319
0.4828 0.1034 0.216646 0.976250 2.394077
0.4828 0.1379 0.339232 0.940703 2.038600
0.4828 0.1724 0.499762 0.866163 1.729717
0.4828 0.2069 0.693147 0.720796 1.496561
0.4828 0.2414 0.878172 0.478344 1.378119
0.4828 0.2759 0.985311 0.170769 1.403735
0.4828 0.3103 0.993391 -0.114780 1.566357
0.4828 0.3448 0.944847 -0.327512 1.829814
0.4828 0.3793 0.881485 -0.472212 2.157477
0.4828 0.4138 0.821826 -0.569739 2.524468
0.4828 0.4483 0.770775 -0.637107 2.915976
0.4828 0.4828 0.728318 -0.685240 3.323347
0.4828 0.5172 0.0000 0.0000 0.0000
0.4828 0.5517 0.0000 0.0000 0.0000
0.4828 0.5862 0.0000 0.0000 0.0000
0.4828 0.6207 0.0000 0.0000 0.0000
0.4828 0.6552 0.0000 0.0000 0.0000
0.4828 0.6897 0.0000 0.0000 0.0000
0.4828 0.7241 0.0000 0.0000 0.0000
0.4828 0.7586 0.0000 0.0000 0.0000
0.4828 0.7931 0.0000 0.0000 0.0000
0.4828 0.8276 0.0000 0.0000 0.0000
0.4828 0.8621 0.0000 0.0000 0.0000
0.4828 0.8966 0.0000 0.0000 0.0000
0.4828 0.9310 0.0000 0.0000 0.0000
0.4828 0.9655 0.0000 0.0000 0.0000
0.4828 1.0000 0.0000 0.0000 0.0000

0.5172 0.0000 0.000000 1.000000 3.595719
0.5172 0.0345 0.058930 0.998262 3.151732
0.5172 0.0690 0.136454 0.990646 2.722252
0.5172 0.1034 0.240650 0.970612 2.315369
0.5172 0.1379 0.381905 0.924201 1.945312
0.5172 0.1724 0.567207 0.823575 1.637245
0.5172 0.2069 0.778334 0.627850 1.431759
0.5172 0.2414 0.945115 0.326736 1.375619
0.5172 0.2759 1.000000 0.000000 1.485850
0.5172 0.3103 0.965699 -0.259663 1.730954
0.5172 0.3448 0.900116 -0.435651 2.063416
0.5172 0.3793 0.834612 -0.550838 2.447897
0.5172 0.4138 0.778334 -0.627850 2.863519
0.5172 0.4483 0.731994 -0.681311 3.298532
0.5172 0.4828 0.0000 0.0000 0.0000
0.5172 0.5172 0.0000 0.0000 0.0000
0.5172 0.5517 0.0000 0.0000 0.0000
0.5172 0.5862 0.0000 0.0000 0.0000
0.5172 0.6207 0.0000 0.0000 0.0000
0.5172 0.6552 0.0000 0.0000 0.0000
0.5172 0.6897 0.0000 0.0000 0.0000
0.5172 0.7241 0.0000 0.0000 0.0000
0.5172 0.7586 0.0000 0.0000 0.0000
0.5172 0.7931 0.0000 0.0000 0.0000
0.5172 0.8276 0.0000 0.0000 0.0000
0.5172 0.8621 0.0000 0.0000 0.0000
0.5172 0.8966 0.0000 0.0000 0.0000
0.5172 0.9310 0.0000 0.0000 0.0000
0.5172 0.9655 0.0000 0.0000 0.0000
0.5172 1.0000 0.0000 0.0000 0.0000

0.5517 0.0000 0.000000 1.000000 3.561475
0.5517 0.0345 0.064296 0.997931 3.088436
0.5517 0.0690 0.150849 0.988557 2.632743
0.5517 0.1034 0.270146 0.962819 2.205177
0.5517 0.1379 0.435084 0.900390 1.825607
0.5517 0.1724 0.648857 0.760911 1.530177
0.5517 0.2069 0.866962 0.498374 1.374268
0.5517 0.2414 0.989251 0.146230 1.405116
0.5517 0.2759 0.985453 -0.169946 1.612035
0.5517 0.3103 0.921469 -0.388452 1.939466
0.5517 0.3448 0.849584 -0.527454 2.337300
0.5517 0.3793 0.787017 -0.616932 2.775424
0.5517 0.4138 0.736019 -0.676961 3.237523
0.5517 0.4483 0.694936 -0.719072 3.714659
0.5517 0.4828 0.0000 0.0000 0.0000
0.5517 0.5172 0.0000 0.0000 0.0000
0.5517 0.5517 0.0000 0.0000 0.0000
0.5517 0.5862 0.0000 0.0000 0.0000
0.5517 0.6207 0.0000 0.0000 0.0000
0.5517 0.6552 0.0000 0.0000 0.0000
0.5517 0.6897 0.0000 0.0000 0.0000
0.5517 0.7241 0.0000 0.0000 0.0000
0.5517 0.7586 0.0000 0.0000 0.0000
0.5517 0.7931 0.0000 0.0000 0.0000
0.5517 0.8276 0.0000 0.0000 0.0000
0.5517 0.8621 0.0000 0.0000 0.0000
0.5517 0.8966 0.0000 0.0000 0.0000
0.5517 0.9310 0.0000 0.0000 0.0000
0.5517 0.9655 0.0000 0.0000 0.0000
0.5517 1.0000 0.0000 0.0000 0.0000

0.5862 0.0000 0.000000 1.000000 3.492985
0.5862 0.0345 0.070682 0.997499 2.991072
0.5862 0.0690 0.168454 0.985710 2.510067
0.5862 0.1034 0.307195 0.951647 2.064636
0.5862 0.1379 0.502395 0.864639 1.683259
0.5862 0.1724 0.745167 0.666878 1.418575
0.5862 0.2069 0.945554 0.325466 1.341531
0.5862 0.2414 0.998793 -0.049113 1.481693
0.5862 0.2759 0.945554 -0.325466 1.788708
0.5862 0.3103 0.867401 -0.497609 2.193604
0.5862 0.3448 0.797215 -0.603695 2.651919
0.5862 0.3793 0.740543 -0.672009 3.140351
0.5862 0.4138 0.695669 -0.718362 3.646820
0.5862 0.4483 0.0000 0.0000 0.0000
0.5862 0.4828 0.0000 0.0000 0.0000
0.5862 0.5172 0.0000 0.0000 0.0000
0.5862 0.5517 0.0000 0.0000 0.0000
0.5862 0.5862 0.0000 0.0000 0.0000
0.5862 0.6207 0.0000 0.0000 0.0000
0.5862 0.6552 0.0000 0.0000 0.0000
0.5862 0.6897 0.0000 0.0000 0.0000
0.5862 0.7241 0.0000 0.0000 0.0000
0.5862 0.7586 0.0000 0.0000 0.0000
0.5862 0.7931 0.0000 0.0000 0.0000
0.5862 0.8276 0.0000 0.0000 0.0000
0.5862 0.8621 0.0000 0.0000 0.0000
0.5862 0.8966 0.0000 0.0000 0.0000
0.5862 0.9310 0.0000 0.0000 0.0000
0.5862 0.9655 0.0000 0.0000 0.0000
0.5862 1.0000 0.0000 0.0000 0.0000

0.6207 0.0000 0.000000 1.000000 3.390250
0.6207 0.0345 0.078420 0.996920 2.859699
0.6207 0.0690 0.190480 0.981691 2.354645
0.6207 0.1034 0.354915 0.934899 1.895581
0.6207 0.1379 0.588357 0.808601 1.524631
0.6207 0.1724 0.850492 0.525988 1.318395
0.6207 0.2069 0.993505 0.113784 1.354337
0.6207 0.2414 0.971181 -0.238345 1.616381
0.6207 0.2759 0.888893 -0.458115 2.018302
0.6207 0.3103 0.809478 -0.587150 2.493350
0.6207 0.3448 0.745766 -0.666207 3.007065
0.6207 0.3793 0.696319 -0.717733 3.542666
0.6207 0.4138 0.0000 0.0000 0.0000
0.6207 0.4483 0.0000 0.0000 0.0000
0.6207 0.4828 0.0000 0.0000 0.0000
0.6207 0.5172 0.0000 0.0000 0.0000
0.6207 0.5517 0.0000 0.0000 0.0000
0.6207 0.5862 0.0000 0.0000 0.0000
0.6207 0.6207 0.0000 0.0000 0.0000
0.6207 0.6552 0.0000 0.0000 0.0000
0.6207 0.6897 0.0000 0.0000 0.0000
0.6207 0.7241 0.0000 0.0000 0.0000
0.6207 0.7586 0.0000 0.0000 0.0000
0.6207 0.7931 0.0000 0.0000 0.0000
0.6207 0.8276 0.0000 0.0000 0.0000
0.6207 0.8621 0.0000 0.0000 0.0000
0.6207 0.8966 0.0000 0.0000 0.0000
0.6207 0.9310 0.0000 0.0000 0.0000
0.6207 0.9655 0.0000 0.0000 0.0000
0.6207 1.0000 0.0000 0.0000 0.0000

0.6552 0.0000 0.000000 1.000000 3.253270
0.6552 0.0345 0.087997 0.996121 2.694400
0.6552 0.0690 0.218812 0.975767 2.167142
0.6552 0.1034 0.418127 0.908389 1.701148
0.6552 0.1379 0.696899 0.717170 1.360879
0.6552 0.1724 0.945896 0.324470 1.253302
0.6552 0.2069 0.993526 -0.113603 1.431862
0.6552 0.2414 0.914965 -0.403534 1.813940
0.6552 0.2759 0.824597 -0.565721 2.300264
0.6552 0.3103 0.751969 -0.659198 2.837734
0.6552 0.3448 0.696899 -0.717170 3.402197
0.6552 0.3793 0.0000 0.0000 0.0000
0.6552 0.4138 0.0000 0.0000 0.0000
0.6552 0.4483 0.0000 0.0000 0.0000
0.6552 0.4828 0.0000 0.0000 0.0000
0.6552 0.5172 0.0000 0.0000 0.0000
0.6552 0.5517 0.0000 0.0000 0.0000
0.6552 0.5862 0.0000 0.0000 0.0000
0.6552 0.6207 0.0000 0.0000 0.0000
0.6552 0.6552 0.0000 0.0000 0.0000
0.6552 0.6897 0.0000 0.0000 0.0000
0.6552 0.7241 0.0000 0.0000 0.0000
0.6552 0.7586 0.0000 0.0000 0.0000
0.6552 0.7931 0.0000 0.0000 0.0000
0.6552 0.8276 0.0000 0.0000 0.0000
0.6552 0.8621 0.0000 0.0000 0.0000
0.6552 0.8966 0.0000 0.0000 0.0000
0.6552 0.9310 0.0000 0.0000 0.0000
0.6552 0.9655 0.0000 0.0000 0.0000
0.6552 1.0000 0.0000 0.0000 0.0000

0.6897 0.0000 0.000000 1.000000 3.082045
0.6897 0.0345 0.100164 0.994971 2.495308
0.6897 0.0690 0.256523 0.966538 1.948679
0.6897 0.1034 0.504229 0.863570 1.487066
0.6897 0.1379 0.824980 0.565162 1.211863
0.6897 0.1724 0.997662 0.068346 1.252632
0.6897 0.2069 0.946041 -0.324048 1.585179
0.6897 0.2414 0.843751 -0.536734 2.073578
0.6897 0.2759 0.759563 -0.650434 2.632468
0.6897 0.3103 0.0000 0.0000 0.0000
0.6897 0.3448 0.0000 0.0000 0.0000
0.6897 0.3793 0.0000 0.0000 0.0000
0.6897 0.4138 0.0000 0.0000 0.0000
0.6897 0.4483 0.0000 0.0000 0.0000
0.6897 0.4828 0.0000 0.0000 0.0000
0.6897 0.5172 0.0000 0.0000 0.0000
0.6897 0.5517 0.0000 0.0000 0.0000
0.6897 0.5862 0.0000 0.0000 0.0000
0.6897 0.6207 0.0000 0.0000 0.0000
0.6897 0.6552 0.0000 0.0000 0.0000
0.6897 0.6897 0.0000 0.0000 0.0000
0.6897 0.7241 0.0000 0.0000 0.0000
0.6897 0.7586 0.0000 0.0000 0.0000
0.6897 0.7931 0.0000 0.0000 0.0000
0.6897 0.8276 0.0000 0.0000 0.0000
0.6897 0.8621 0.0000 0.0000 0.0000
0.6897 0.8966 0.0000 0.0000 0.0000
0.6897 0.9310 0.0000 0.0000 0.0000
0.6897 0.9655 0.0000 0.0000 0.0000
0.6897 1.0000 0.0000 0.0000 0.0000

0.7241 0.0000 0.000000 1.000000 2.876576
0.7241 0.0345 0.116140 0.993233 2.262636
0.7241 0.0690 0.308922 0.951087 1.701288
0.7241 0.1034 0.623387 0.781913 1.264619
0.7241 0.1379 0.946171 0.323668 1.110930
0.7241 0.1724 0.979579 -0.201058 1.341302
0.7241 0.2069 0.868727 -0.495292 1.814949
0.7241 0.2414 0.769190 -0.639020 2.391446
0.7241 0.2759 0.697890 -0.716205 3.012309
0.7241 0.3103 0.0000 0.0000 0.0000
0.7241 0.3448 0.0000 0.0000 0.0000
0.7241 0.3793 0.0000 0.0000 0.0000
0.7241 0.4138 0.0000 0.0000 0.0000
0.7241 0.4483 0.0000 0.0000 0.0000
0.7241 0.4828 0.0000 0.0000 0.0000
0.7241 0.5172 0.0000 0.0000 0.0000
0.7241 0.5517 0.0000 0.0000 0.0000
0.7241 0.5862 0.0000 0.0000 0.0000
0.7241 0.6207 0.0000 0.0000 0.0000
0.7241 0.6552 0.0000 0.0000 0.0000
0.7241 0.6897 0.0000 0.0000 0.0000
0.7241 0.7241 0.0000 0.0000 0.0000
0.7241 0.7586 0.0000 0.0000 0.0000
0.7241 0.7931 0.0000 0.0000 0.0000
0.7241 0.8276 0.0000 0.0000 0.0000
0.7241 0.8621 0.0000 0.0000 0.0000
0.7241 0.8966 0.0000 0.0000 0.0000
0.7241 0.9310 0.0000 0.0000 0.0000
0.7241 0.9655 0.0000 0.0000 0.0000
0.7241 1.0000 0.0000 0.0000 0.0000

0.7586 0.0000 0.000000 1.000000 2.636861
0.7586 0.0345 0.138036 0.990427 1.996760
0.7586 0.0690 0.385749 0.922604 1.429032
0.7586 0.1034 0.781921 0.623378 1.057489
0.7586 0.1379 1.000000 0.000000 1.102497
0.7586 0.1724 0.902105 -0.431516 1.527672
0.7586 0.2069 0.781921 -0.623378 2.114978
0.7586 0.2414 0.698316 -0.715789 2.762888
0.7586 0.2759 0.0000 0.0000 0.0000
0.7586 0.3103 0.0000 0.0000 0.0000
0.7586 0.3448 0.0000 0.0000 0.0000
0.7586 0.3793 0.0000 0.0000 0.0000
0.7586 0.4138 0.0000 0.0000 0.0000
0.7586 0.4483 0.0000 0.0000 0.0000
0.7586 0.4828 0.0000 0.0000 0.0000
0.7586 0.5172 0.0000 0.0000 0.0000
0.7586 0.5517 0.0000 0.0000 0.0000
0.7586 0.5862 0.0000 0.0000 0.0000
0.7586 0.6207 0.0000 0.0000 0.0000
0.7586 0.6552 0.0000 0.0000 0.0000
0.7586 0.6897 0.0000 0.0000 0.0000
0.7586 0.7241 0.0000 0.0000 0.0000
0.7586 0.7586 0.0000 0.0000 0.0000
0.7586 0.7931 0.0000 0.0000 0.0000
0.7586 0.8276 0.0000 0.0000 0.0000
0.7586 0.8621 0.0000 0.0000 0.0000
0.7586 0.8966 0.0000 0.0000 0.0000
0.7586 0.9310 0.0000 0.0000 0.0000
0.7586 0.9655 0.0000 0.0000 0.0000
0.7586 1.0000 0.0000 0.0000 0.0000

0.7931 0.0000 0.000000 1.000000 2.362901
0.7931 0.0345 0.169846 0.985471 1.698398
0.7931 0.0690 0.505580 0.862779 1.141128
0.7931 0.1034 0.946396 0.323008 0.914414
0.7931 0.1379 0.946396 -0.323008 1.219219
0.7931 0.1724 0.799668 -0.600443 1.803663
0.7931 0.2069 0.0000 0.0000 0.0000
0.7931 0.2414 0.0000 0.0000 0.0000
0.7931 0.2759 0.0000 0.0000 0.0000
0.7931 0.3103 0.0000 0.0000 0.0000
0.7931 0.3448 0.0000 0.0000 0.0000
0.7931 0.3793 0.0000 0.0000 0.0000
0.7931 0.4138 0.0000 0.0000 0.0000
0.7931 0.4483 0.0000 0.0000 0.0000
0.7931 0.4828 0.0000 0.0000 0.0000
0.7931 0.5172 0.0000 0.0000 0.0000
0.7931 0.5517 0.0000 0.0000 0.0000
0.7931 0.5862 0.0000 0.0000 0.0000
0.7931 0.6207 0.0000 0.0000 0.0000
0.7931 0.6552 0.0000 0.0000 0.0000
0.7931 0.6897 0.0000 0.0000 0.0000
0.7931 0.7241 0.0000 0.0000 0.0000
0.7931 0.7586 0.0000 0.0000 0.0000
0.7931 0.7931 0.0000 0.0000 0.0000
0.7931 0.8276 0.0000 0.0000 0.0000
0.7931 0.8621 0.0000 0.0000 0.0000
0.7931 0.8966 0.0000 0.0000 0.0000
0.7931 0.9310 0.0000 0.0000 0.0000
0.7931 0.9655 0.0000 0.0000 0.0000
0.7931 1.0000 0.0000 0.0000 0.0000

0.8276 0.0000 0.000000 1.000000 2.054697
0.8276 0.0345 0.220074 0.975483 1.369119
0.8276 0.0690 0.699061 0.715062 0.862036
0.8276 0.1034 0.993603 -0.112927 0.909743
0.8276 0.1379 0.826186 -0.563398 1.458790
0.8276 0.1724 0.699061 -0.715062 2.155090
0.8276 0.2069 0.0000 0.0000 0.0000
0.8276 0.2414 0.0000 0.0000 0.0000
0.8276 0.2759 0.0000 0.0000 0.0000
0.8276 0.3103 0.0000 0.0000 0.0000
0.8276 0.3448 0.0000 0.0000 0.0000
0.8276 0.3793 0.0000 0.0000 0.0000
0.8276 0.4138 0.0000 0.0000 0.0000
0.8276 0.4483 0.0000 0.0000 0.0000
0.8276 0.4828 0.0000 0.0000 0.0000
0.8276 0.5172 0.0000 0.0000 0.0000
0.8276 0.5517 0.0000 0.0000 0.0000
0.8276 0.5862 0.0000 0.0000 0.0000
0.8276 0.6207 0.0000 0.0000 0.0000
0.8276 0.6552 0.0000 0.0000 0.0000
0.8276 0.6897 0.0000 0.0000 0.0000
0.8276 0.7241 0.0000 0.0000 0.0000
0.8276 0.7586 0.0000 0.0000 0.0000
0.8276 0.7931 0.0000 0.0000 0.0000
0.8276 0.8276 0.0000 0.0000 0.0000
0.8276 0.8621 0.0000 0.0000 0.0000
0.8276 0.8966 0.0000 0.0000 0.0000
0.8276 0.9310 0.0000 0.0000 0.0000
0.8276 0.9655 0.0000 0.0000 0.0000
0.8276 1.0000 0.0000 0.0000 0.0000

0.8621 0.0000 0.000000 1.000000 1.712247
0.8621 0.0345 0.310094 0.950706 1.013078
0.8621 0.0690 0.946585 0.322455 0.663754
0.8621 0.1034 0.869617 -0.493727 1.083752
0.8621 0.1379 0.699388 -0.714742 1.796712
0.8621 0.1724 0.0000 0.0000 0.0000
0.8621 0.2069 0.0000 0.0000 0.0000
0.8621 0.2414 0.0000 0.0000 0.0000
0.8621 0.2759 0.0000 0.0000 0.0000
0.8621 0.3103 0.0000 0.0000 0.0000
0.8621 0.3448 0.0000 0.0000 0.0000
0.8621 0.3793 0.0000 0.0000 0.0000
0.8621 0.4138 0.0000 0.0000 0.0000
0.8621 0.4483 0.0000 0.0000 0.0000
0.8621 0.4828 0.0000 0.0000 0.0000
0.8621 0.5172 0.0000 0.0000 0.0000
0.8621 0.5517 0.0000 0.0000 0.0000
0.8621 0.5862 0.0000 0.0000 0.0000
0.8621 0.6207 0.0000 0.0000 0.0000
0.8621 0.6552 0.0000 0.0000 0.0000
0.8621 0.6897 0.0000 0.0000 0.0000
0.8621 0.7241 0.0000 0.0000 0.0000
0.8621 0.7586 0.0000 0.0000 0.0000
0.8621 0.7931 0.0000 0.0000 0.0000
0.8621 0.8276 0.0000 0.0000 0.0000
0.8621 0.8621 0.0000 0.0000 0.0000
0.8621 0.8966 0.0000 0.0000 0.0000
0.8621 0.9310 0.0000 0.0000 0.0000
0.8621 0.9655 0.0000 0.0000 0.0000
0.8621 1.0000 0.0000 0.0000 0.0000

0.8966 0.0000 0.000000 1.000000 1.335553
0.8966 0.0345 0.506618 0.862171 0.645441
0.8966 0.0690 0.946668 -0.322211 0.690827
0.8966 0.1034 0.0000 0.0000 0.0000
0.8966 0.1379 0.0000 0.0000 0.0000
0.8966 0.1724 0.0000 0.0000 0.0000
0.8966 0.2069 0.0000 0.0000 0.0000
0.8966 0.2414 0.0000 0.0000 0.0000
0.8966 0.2759 0.0000 0.0000 0.0000
0.8966 0.3103 0.0000 0.0000 0.0000
0.8966 0.3448 0.0000 0.0000 0.0000
0.8966 0.3793 0.0000 0.0000 0.0000
0.8966 0.4138 0.0000 0.0000 0.0000
0.8966 0.4483 0.0000 0.0000 0.0000
0.8966 0.4828 0.0000 0.0000 0.0000
0.8966 0.5172 0.0000 0.0000 0.0000
0.8966 0.5517 0.0000 0.0000 0.0000
0.8966 0.5862 0.0000 0.0000 0.0000
0.8966 0.6207 0.0000 0.0000 0.0000
0.8966 0.6552 0.0000 0.0000 0.0000
0.8966 0.6897 0.0000 0.0000 0.0000
0.8966 0.7241 0.0000 0.0000 0.0000
0.8966 0.7586 0.0000 0.0000 0.0000
0.8966 0.7931 0.0000 0.0000 0.0000
0.8966 0.8276 0.0000 0.0000 0.0000
0.8966 0.8621 0.0000 0.0000 0.0000
0.8966 0.8966 0.0000 0.0000 0.0000
0.8966 0.9310 0.0000 0.0000 0.0000
0.8966 0.9655 0.0000 0.0000 0.0000
0.8966 1.0000 0.0000 0.0000 0.0000

0.9310 0.0000 0.000000 1.000000 0.924614
0.9310 0.0345 0.946744 0.321986 0.358950
0.9310 0.0690 0.699969 -0.714174 0.970997
0.9310 0.1034 0.0000 0.0000 0.0000
0.9310 0.1379 0.0000 0.0000 0.0000
0.9310 0.1724 0.0000 0.0000 0.0000
0.9310 0.2069 0.0000 0.0000 0.0000
0.9310 0.2414 0.0000 0.0000 0.0000
0.9310 0.2759 0.0000 0.0000 0.0000
0.9310 0.3103 0.0000 0.0000 0.0000
0.9310 0.3448 0.0000 0.0000 0.0000
0.9310 0.3793 0.0000 0.0000 0.0000
0.9310 0.4138 0.0000 0.0000 0.0000
0.9310 0.4483 0.0000 0.0000 0.0000
0.9310 0.4828 0.0000 0.0000 0.0000
0.9310 0.5172 0.0000 0.0000 0.0000
0.9310 0.5517 0.0000 0.0000 0.0000
0.9310 0.5862 0.0000 0.0000 0.0000
0.9310 0.6207 0.0000 0.0000 0.0000
0.9310 0.6552 0.0000 0.0000 0.0000
0.9310 0.6897 0.0000 0.0000 0.0000
0.9310 0.7241 0.0000 0.0000 0.0000
0.9310 0.7586 0.0000 0.0000 0.0000
0.9310 0.7931 0.0000 0.0000 0.0000
0.9310 0.8276 0.0000 0.0000 0.0000
0.9310 0.8621 0.0000 0.0000 0.0000
0.9310 0.8966 0.0000 0.0000 0.0000
0.9310 0.9310 0.0000 0.0000 0.0000
0.9310 0.9655 0.0000 0.0000 0.0000
0.9310 1.0000 0.0000 0.0000 0.0000

0.9655 0.0000 0.000000 1.000000 0.479429
0.9655 0.0345 0.0000 0.0000 0.0000
0.9655 0.0690 0.0000 0.0000 0.0000
0.9655 0.1034 0.0000 0.0000 0.0000
0.9655 0.1379 0.0000 0.0000 0.0000
0.9655 0.1724 0.0000 0.0000 0.0000
0.9655 0.2069 0.0000 0.0000 0.0000
0.9655 0.2414 0.0000 0.0000 0.0000
0.9655 0.2759 0.0000 0.0000 0.0000
0.9655 0.3103 0.0000 0.0000 0.0000
0.9655 0.3448 0.0000 0.0000 0.0000
0.9655 0.3793 0.0000 0.0000 0.0000
0.9655 0.4138 0.0000 0.0000 0.0000
0.9655 0.4483 0.0000 0.0000 0.0000
0.9655 0.4828 0.0000 0.0000 0.0000
0.9655 0.5172 0.0000 0.0000 0.0000
0.9655 0.5517 0.0000 0.0000 0.0000
0.9655 0.5862 0.0000 0.0000 0.0000
0.9655 0.6207 0.0000 0.0000 0.0000
0.9655 0.6552 0.0000 0.0000 0.0000
0.9655 0.6897 0.0000 0.0000 0.0000
0.9655 0.7241 0.0000 0.0000 0.0000
0.9655 0.7586 0.0000 0.0000 0.0000
0.9655 0.7931 0.0000 0.0000 0.0000
0.9655 0.8276 0.0000 0.0000 0.0000
0.9655 0.8621 0.0000 0.0000 0.0000
0.9655 0.8966 0.0000 0.0000 0.0000
0.9655 0.9310 0.0000 0.0000 0.0000
0.9655 0.9655 0.0000 0.0000 0.0000
0.9655 1.0000 0.0000 0.0000 0.0000

1.0000 0.0000 0.000000 0.000000 0.000000
1.0000 0.0345 0.0000 0.0000 0.0000
1.0000 0.0690 0.0000 0.0000 0.0000
1.0000 0.1034 0.0000 0.0000 0.0000
1.0000 0.1379 0.0000 0.0000 0.0000
1.0000 0.1724 0.0000 0.0000 0.0000
1.0000 0.2069 0.0000 0.0000 0.0000
1.0000 0.2414 0.0000 0.0000 0.0000
1.0000 0.2759 0.0000 0.0000 0.0000
1.0000 0.3103 0.0000 0.0000 0.0000
1.0000 0.3448 0.0000 0.0000 0.0000
1.0000 0.3793 0.0000 0.0000 0.0000
1.0000 0.4138 0.0000 0.0000 0.0000
1.0000 0.4483 0.0000 0.0000 0.0000
1.0000 0.4828 0.0000 0.0000 0.0000
1.0000 0.5172 0.0000 0.0000 0.0000
1.0000 0.5517 0.0000 0.0000 0.0000
1.0000 0.5862 0.0000 0.0000 0.0000
1.0000 0.6207 0.0000 0.0000 0.0000
1.0000 0.6552 0.0000 0.0000 0.0000
1.0000 0.6897 0.0000 0.0000 0.0000
1.0000 0.7241 0.0000 0.0000 0.0000
1.0000 0.7586 0.0000 0.0000 0.0000
1.0000 0.7931 0.0000 0.0000 0.0000
1.0000 0.8276 0.0000 0.0000 0.0000
1.0000 0.8621 0.0000 0.0000 0.0000
1.0000 0.8966 0.0000 0.0000 0.0000
1.0000 0.9310 0.0000 0.0000 0.0000
1.0000 0.9655 0.0000 0.0000 0.0000
1.0000 1.0000 0.0000 0.0000 0.0000

