0.0000 0.0000 0.0000 0.0000 0.0000
0.0000 0.0345 0.0000 0.0000 0.0000
0.0000 0.0690 0.0000 0.0000 0.0000
0.0000 0.1034 0.0000 0.0000 0.0000
0.0000 0.1379 0.0000 0.0000 0.0000
0.0000 0.1724 0.0000 0.0000 0.0000
0.0000 0.2069 0.0000 0.0000 0.0000
0.0000 0.2414 0.0000 0.0000 0.0000
0.0000 0.2759 0.0000 0.0000 0.0000
0.0000 0.3103 0.0000 0.0000 0.0000
0.0000 0.3448 0.0000 0.0000 0.0000
0.0000 0.3793 0.0000 0.0000 0.0000
0.0000 0.4138 0.0000 0.0000 0.0000
0.0000 0.4483 0.0000 0.0000 0.0000
0.0000 0.4828 0.0000 0.0000 0.0000
0.0000 0.5172 0.0000 0.0000 0.0000
0.0000 0.5517 0.0000 0.0000 0.0000
0.0000 0.5862 0.0000 0.0000 0.0000
0.0000 0.6207 0.0000 0.0000 0.0000
0.0000 0.6552 0.0000 0.0000 0.0000
0.0000 0.6897 0.0000 0.0000 0.0000
0.0000 0.7241 0.0000 0.0000 0.0000
0.0000 0.7586 0.0000 0.0000 0.0000
0.0000 0.7931 0.0000 0.0000 0.0000
0.0000 0.8276 0.0000 0.0000 0.0000
0.0000 0.8621 0.0000 0.0000 0.0000
0.0000 0.8966 0.0000 0.0000 0.0000
0.0000 0.9310 0.0000 0.0000 0.0000
0.0000 0.9655 0.0000 0.0000 0.0000
0.0000 1.0000 0.0000 0.0000 0.0000

0.0345 0.0000 0.0000 0.0000 0.0000
0.0345 0.0345 0.010752 0.999942 0.387062
0.0345 0.0690 0.023035 0.999735 0.361332
0.0345 0.1034 0.037195 0.999308 0.335666
0.0345 0.1379 0.053686 0.998558 0.310079
0.0345 0.1724 0.073118 0.997323 0.284591
0.0345 0.2069 0.096324 0.995350 0.259232
0.0345 0.2414 0.124472 0.992223 0.234044
0.0345 0.2759 0.159232 0.987241 0.209089
0.0345 0.3103 0.203053 0.979168 0.184461
0.0345 0.3448 0.259601 0.965716 0.160312
0.0345 0.3793 0.334410 0.942428 0.136894
0.0345 0.4138 0.435561 0.900159 0.114658
0.0345 0.4483 0.572871 0.819646 0.094441
0.0345 0.4828 0.748588 0.663035 0.077832
0.0345 0.5172 0.924167 0.381989 0.067548
0.0345 0.5517 1.000000 0.000000 0.066587
0.0345 0.5862 0.939470 -0.342630 0.075307
0.0345 0.6207 0.823508 -0.567305 0.090966
0.0345 0.6552 0.714589 -0.699545 0.110655
0.0345 0.6897 0.627752 -0.778413 0.132591
0.0345 0.7241 0.560848 -0.827919 0.155828
0.0345 0.7586 0.509041 -0.860742 0.179863
0.0345 0.7931 0.468262 -0.883590 0.204414
0.0345 0.8276 0.435561 -0.900159 0.229316
0.0345 0.8621 0.408868 -0.912594 0.254465
0.0345 0.8966 0.386727 -0.922194 0.279796
0.0345 0.9310 0.368098 -0.929787 0.305262
0.0345 0.9655 0.0000 0.0000 0.0000
0.0345 1.0000 0.0000 0.0000 0.0000

0.0690 0.0000 0.0000 0.0000 0.0000
0.0690 0.0345 0.020436 0.999791 0.744745
0.0690 0.0690 0.043884 0.999037 0.693653
0.0690 0.1034 0.071010 0.997476 0.643003
0.0690 0.1379 0.102680 0.994714 0.592908
0.0690 0.1724 0.140012 0.990150 0.543523
0.0690 0.2069 0.184463 0.982840 0.495059
0.0690 0.2414 0.237910 0.971287 0.447816
0.0690 0.2759 0.302716 0.953081 0.402225
0.0690 0.3103 0.381649 0.924307 0.358915
0.0690 0.3448 0.477388 0.878693 0.318818
0.0690 0.3793 0.590963 0.806698 0.283300
0.0690 0.4138 0.718240 0.695795 0.254288
0.0690 0.4483 0.844788 0.535100 0.234212
0.0690 0.4828 0.945036 0.326966 0.225472
0.0690 0.5172 0.995340 0.096424 0.229368
0.0690 0.5517 0.992748 -0.120216 0.245299
0.0690 0.5862 0.954230 -0.299074 0.271150
0.0690 0.6207 0.899981 -0.435928 0.304406
0.0690 0.6552 0.843290 -0.537459 0.342918
0.0690 0.6897 0.790415 -0.612572 0.385114
0.0690 0.7241 0.743459 -0.668781 0.429909
0.0690 0.7586 0.702601 -0.711584 0.476571
0.0690 0.7931 0.667285 -0.744802 0.524603
0.0690 0.8276 0.636753 -0.771068 0.573660
0.0690 0.8621 0.610264 -0.792198 0.623500
0.0690 0.8966 0.587164 -0.809468 0.673950
0.0690 0.9310 0.0000 0.0000 0.0000
0.0690 0.9655 0.0000 0.0000 0.0000
0.0690 1.0000 0.0000 0.0000 0.0000

0.1034 0.0000 0.0000 0.0000 0.0000
0.1034 0.0345 0.024491 0.999700 1.072973
0.1034 0.0690 0.052734 0.998609 0.996630
0.1034 0.1034 0.085577 0.996332 0.921215
0.1034 0.1379 0.124104 0.992269 0.846976
0.1034 0.1724 0.169701 0.985496 0.774250
0.1034 0.2069 0.224119 0.974562 0.703508
0.1034 0.2414 0.289493 0.957180 0.635413
0.1034 0.2759 0.368229 0.929735 0.570912
0.1034 0.3103 0.462494 0.886622 0.511366
0.1034 0.3448 0.572871 0.819646 0.458712
0.1034 0.3793 0.695569 0.718459 0.415574
0.1034 0.4138 0.818709 0.574208 0.385166
0.1034 0.4483 0.921714 0.387871 0.370633
0.1034 0.4828 0.984123 0.177486 0.373831
0.1034 0.5172 0.999607 -0.028043 0.394329
0.1034 0.5517 0.978573 -0.205899 0.429658
0.1034 0.5862 0.937462 -0.348086 0.476531
0.1034 0.6207 0.889272 -0.457378 0.531905
0.1034 0.6552 0.841393 -0.540423 0.593405
0.1034 0.6897 0.797134 -0.603802 0.659318
0.1034 0.7241 0.757560 -0.652765 0.728448
0.1034 0.7586 0.722687 -0.691175 0.799961
0.1034 0.7931 0.692109 -0.721793 0.873272
0.1034 0.8276 0.665298 -0.746578 0.947963
0.1034 0.8621 0.641725 -0.766934 1.023734
0.1034 0.8966 0.0000 0.0000 0.0000
0.1034 0.9310 0.0000 0.0000 0.0000
0.1034 0.9655 0.0000 0.0000 0.0000
0.1034 1.0000 0.0000 0.0000 0.0000

0.1379 0.0000 0.0000 0.0000 0.0000
0.1379 0.0345 0.027218 0.999630 1.371733
0.1379 0.0690 0.058788 0.998270 1.270211
0.1379 0.1034 0.095720 0.995408 1.170177
0.1379 0.1379 0.139309 0.990249 1.072047
0.1379 0.1724 0.191196 0.981552 0.976395
0.1379 0.2069 0.253407 0.967360 0.884027
0.1379 0.2414 0.328300 0.944573 0.796086
0.1379 0.2759 0.418213 0.908349 0.714210
0.1379 0.3103 0.524449 0.851442 0.640726
0.1379 0.3448 0.645021 0.764165 0.578842
0.1379 0.3793 0.771105 0.636708 0.532614
0.1379 0.4138 0.884837 0.465901 0.506351
0.1379 0.4483 0.964600 0.263717 0.503187
0.1379 0.4828 0.998412 0.056325 0.523542
0.1379 0.5172 0.991447 -0.130509 0.564879
0.1379 0.5517 0.958829 -0.283984 0.623035
0.1379 0.5862 0.914854 -0.403784 0.693794
0.1379 0.6207 0.868621 -0.495477 0.773706
0.1379 0.6552 0.824663 -0.565625 0.860223
0.1379 0.6897 0.784755 -0.619806 0.951546
0.1379 0.7241 0.749287 -0.662245 1.046417
0.1379 0.7586 0.718039 -0.696003 1.143953
0.1379 0.7931 0.690567 -0.723269 1.243529
0.1379 0.8276 0.666381 -0.745611 1.344690
0.1379 0.8621 0.0000 0.0000 0.0000
0.1379 0.8966 0.0000 0.0000 0.0000
0.1379 0.9310 0.0000 0.0000 0.0000
0.1379 0.9655 0.0000 0.0000 0.0000
0.1379 1.0000 0.0000 0.0000 0.0000

0.1724 0.0000 0.0000 0.0000 0.0000
0.1724 0.0345 0.029491 0.999565 1.641023
0.1724 0.0690 0.063913 0.997955 1.514392
0.1724 0.1034 0.104458 0.994529 1.389887
0.1724 0.1379 0.152649 0.988280 1.268132
0.1724 0.1724 0.210412 0.977613 1.150002
0.1724 0.2069 0.280079 0.959977 1.036737
0.1724 0.2414 0.364216 0.931314 0.930116
0.1724 0.2759 0.464946 0.885339 0.832695
0.1724 0.3103 0.582230 0.813024 0.748077
0.1724 0.3448 0.710590 0.703606 0.681050
0.1724 0.3793 0.835451 0.549565 0.637192
0.1724 0.4138 0.934524 0.355900 0.621426
0.1724 0.4483 0.989442 0.144929 0.635845
0.1724 0.4828 0.998523 -0.054325 0.678529
0.1724 0.5172 0.974873 -0.222760 0.744632
0.1724 0.5517 0.934524 -0.355900 0.828567
0.1724 0.5862 0.888940 -0.458024 0.925497
0.1724 0.6207 0.844287 -0.535891 1.031765
0.1724 0.6552 0.803217 -0.595687 1.144773
0.1724 0.6897 0.766520 -0.642220 1.262713
0.1724 0.7241 0.734141 -0.678997 1.384325
0.1724 0.7586 0.705687 -0.708524 1.508722
0.1724 0.7931 0.680671 -0.732589 1.635267
0.1724 0.8276 0.0000 0.0000 0.0000
0.1724 0.8621 0.0000 0.0000 0.0000
0.1724 0.8966 0.0000 0.0000 0.0000
0.1724 0.9310 0.0000 0.0000 0.0000
0.1724 0.9655 0.0000 0.0000 0.0000
0.1724 1.0000 0.0000 0.0000 0.0000

0.2069 0.0000 0.0000 0.0000 0.0000
0.2069 0.0345 0.031610 0.999500 1.880845
0.2069 0.0690 0.068764 0.997633 1.729182
0.2069 0.1034 0.112859 0.993611 1.580370
0.2069 0.1379 0.165689 0.986178 1.435296
0.2069 0.1724 0.229510 0.973306 1.295216
0.2069 0.2069 0.307003 0.951709 1.161938
0.2069 0.2414 0.400903 0.916121 1.038085
0.2069 0.2759 0.512836 0.858487 0.927440
0.2069 0.3103 0.640604 0.767871 0.835269
0.2069 0.3448 0.773875 0.633339 0.768252
0.2069 0.3793 0.891818 0.452395 0.733315
0.2069 0.4138 0.970598 0.240708 0.735049
0.2069 0.4483 0.999591 0.028604 0.773206
0.2069 0.4828 0.987529 -0.157440 0.842854
0.2069 0.5172 0.951759 -0.306847 0.936997
0.2069 0.5517 0.906761 -0.421644 1.049061
0.2069 0.5862 0.860959 -0.508675 1.173926
0.2069 0.6207 0.818206 -0.574926 1.307929
0.2069 0.6552 0.779827 -0.625996 1.448537
0.2069 0.6897 0.745959 -0.665992 1.594003
0.2069 0.7241 0.716256 -0.697838 1.743111
0.2069 0.7586 0.690219 -0.723601 1.895002
0.2069 0.7931 0.0000 0.0000 0.0000
0.2069 0.8276 0.0000 0.0000 0.0000
0.2069 0.8621 0.0000 0.0000 0.0000
0.2069 0.8966 0.0000 0.0000 0.0000
0.2069 0.9310 0.0000 0.0000 0.0000
0.2069 0.9655 0.0000 0.0000 0.0000
0.2069 1.0000 0.0000 0.0000 0.0000

0.2414 0.0000 0.0000 0.0000 0.0000
0.2414 0.0345 0.033718 0.999431 2.091201
0.2414 0.0690 0.073657 0.997284 1.914594
0.2414 0.1034 0.121455 0.992597 1.741669
0.2414 0.1379 0.179231 0.983807 1.573639
0.2414 0.1724 0.249641 0.968338 1.412253
0.2414 0.2069 0.335751 0.941951 1.260066
0.2414 0.2414 0.440369 0.897817 1.120832
0.2414 0.2759 0.564104 0.825704 0.999976
0.2414 0.3103 0.701301 0.712865 0.904891
0.2414 0.3448 0.835114 0.550077 0.844331
0.2414 0.3793 0.939098 0.343650 0.825925
0.2414 0.4138 0.992643 0.121081 0.852407
0.2414 0.4483 0.996453 -0.084147 0.919909
0.2414 0.4828 0.967496 -0.252887 1.020323
0.2414 0.5172 0.923712 -0.383089 1.145021
0.2414 0.5517 0.876621 -0.481181 1.286965
0.2414 0.5862 0.831809 -0.555062 1.441066
0.2414 0.6207 0.791360 -0.611350 1.603825
0.2414 0.6552 0.755680 -0.654941 1.772859
0.2414 0.6897 0.724481 -0.689295 1.946533
0.2414 0.7241 0.697241 -0.716837 2.123710
0.2414 0.7586 0.0000 0.0000 0.0000
0.2414 0.7931 0.0000 0.0000 0.0000
0.2414 0.8276 0.0000 0.0000 0.0000
0.2414 0.8621 0.0000 0.0000 0.0000
0.2414 0.8966 0.0000 0.0000 0.0000
0.2414 0.9310 0.0000 0.0000 0.0000
0.2414 0.9655 0.0000 0.0000 0.0000
0.2414 1.0000 0.0000 0.0000 0.0000

0.2759 0.0000 0.0000 0.0000 0.0000
0.2759 0.0345 0.035901 0.999355 2.272095
0.2759 0.0690 0.078787 0.996892 2.070646
0.2759 0.1034 0.130592 0.991436 1.873836
0.2759 0.1379 0.193833 0.981034 1.683292
0.2759 0.1724 0.271645 0.962398 1.501403
0.2759 0.2069 0.367508 0.930020 1.331719
0.2759 0.2414 0.484084 0.875021 1.179519
0.2759 0.2759 0.620054 0.784559 1.052418
0.2759 0.3103 0.764372 0.644776 0.960431
0.2759 0.3448 0.892231 0.451578 0.914220
0.2759 0.3793 0.974543 0.224199 0.920703
0.2759 0.4138 1.000000 0.000000 0.978835
0.2759 0.4483 0.981575 -0.191076 1.080309
0.2759 0.4828 0.940432 -0.339981 1.214307
0.2759 0.5172 0.892231 -0.451578 1.371330
0.2759 0.5517 0.845079 -0.534642 1.544368
0.2759 0.5862 0.802190 -0.597068 1.728620
0.2759 0.6207 0.764372 -0.644776 1.920862
0.2759 0.6552 0.731421 -0.681926 2.118919
0.2759 0.6897 0.702791 -0.711396 2.321304
0.2759 0.7241 0.0000 0.0000 0.0000
0.2759 0.7586 0.0000 0.0000 0.0000
0.2759 0.7931 0.0000 0.0000 0.0000
0.2759 0.8276 0.0000 0.0000 0.0000
0.2759 0.8621 0.0000 0.0000 0.0000
0.2759 0.8966 0.0000 0.0000 0.0000
0.2759 0.9310 0.0000 0.0000 0.0000
0.2759 0.9655 0.0000 0.0000 0.0000
0.2759 1.0000 0.0000 0.0000 0.0000

0.3103 0.0000 0.0000 0.0000 0.0000
0.3103 0.0345 0.038220 0.999269 2.423531
0.3103 0.0690 0.084308 0.996440 2.197359
0.3103 0.1034 0.140562 0.990072 1.976940
0.3103 0.1379 0.209989 0.977704 1.764429
0.3103 0.1724 0.296304 0.955094 1.563056
0.3103 0.2069 0.403398 0.915025 1.377714
0.3103 0.2414 0.533327 0.845909 1.215755
0.3103 0.2759 0.681289 0.732014 1.087677
0.3103 0.3103 0.828269 0.560331 1.006497
0.3103 0.3448 0.941441 0.337178 0.983894
0.3103 0.3793 0.995263 0.097215 1.023755
0.3103 0.4138 0.992949 -0.118542 1.119427
0.3103 0.4483 0.957019 -0.290026 1.258242
0.3103 0.4828 0.908325 -0.418266 1.427672
0.3103 0.5172 0.858658 -0.512549 1.618127
0.3103 0.5517 0.812957 -0.582324 1.823030
0.3103 0.5862 0.772646 -0.634838 2.038028
0.3103 0.6207 0.737665 -0.675167 2.260241
0.3103 0.6552 0.707441 -0.706772 2.487738
0.3103 0.6897 0.0000 0.0000 0.0000
0.3103 0.7241 0.0000 0.0000 0.0000
0.3103 0.7586 0.0000 0.0000 0.0000
0.3103 0.7931 0.0000 0.0000 0.0000
0.3103 0.8276 0.0000 0.0000 0.0000
0.3103 0.8621 0.0000 0.0000 0.0000
0.3103 0.8966 0.0000 0.0000 0.0000
0.3103 0.9310 0.0000 0.0000 0.0000
0.3103 0.9655 0.0000 0.0000 0.0000
0.3103 1.0000 0.0000 0.0000 0.0000

0.3448 0.0000 0.0000 0.0000 0.0000
0.3448 0.0345 0.040733 0.999170 2.545513
0.3448 0.0690 0.090368 0.995908 2.294764
0.3448 0.1034 0.151656 0.988433 2.051073
0.3448 0.1379 0.228222 0.973609 1.817282
0.3448 0.1724 0.324477 0.945894 1.597744
0.3448 0.2069 0.444628 0.895715 1.399183
0.3448 0.2414 0.589227 0.807967 1.231787
0.3448 0.2759 0.747457 0.664311 1.109748
0.3448 0.3103 0.889570 0.456800 1.049018
0.3448 0.3448 0.977999 0.208610 1.060186
0.3448 0.3793 0.999478 -0.032302 1.141142
0.3448 0.4138 0.973045 -0.230615 1.278700
0.3448 0.4483 0.925188 -0.379510 1.456914
0.3448 0.4828 0.873008 -0.487706 1.662763
0.3448 0.5172 0.824115 -0.566422 1.887225
0.3448 0.5517 0.780912 -0.624640 2.124409
0.3448 0.5862 0.743583 -0.668643 2.370499
0.3448 0.6207 0.711535 -0.702650 2.622989
0.3448 0.6552 0.0000 0.0000 0.0000
0.3448 0.6897 0.0000 0.0000 0.0000
0.3448 0.7241 0.0000 0.0000 0.0000
0.3448 0.7586 0.0000 0.0000 0.0000
0.3448 0.7931 0.0000 0.0000 0.0000
0.3448 0.8276 0.0000 0.0000 0.0000
0.3448 0.8621 0.0000 0.0000 0.0000
0.3448 0.8966 0.0000 0.0000 0.0000
0.3448 0.9310 0.0000 0.0000 0.0000
0.3448 0.9655 0.0000 0.0000 0.0000
0.3448 1.0000 0.0000 0.0000 0.0000

0.3793 0.0000 0.0000 0.0000 0.0000
0.3793 0.0345 0.043496 0.999054 2.638050
0.3793 0.0690 0.097122 0.995272 2.362895
0.3793 0.1034 0.164206 0.986426 2.096351
0.3793 0.1379 0.249152 0.968464 1.842160
0.3793 0.1724 0.357193 0.934031 1.606197
0.3793 0.2069 0.492562 0.870277 1.397725
0.3793 0.2414 0.652596 0.757706 1.230794
0.3793 0.2759 0.816639 0.577148 1.124064
0.3793 0.3103 0.942864 0.333178 1.095279
0.3793 0.3448 0.997512 0.070498 1.150306
0.3793 0.3793 0.987345 -0.158589 1.278366
0.3793 0.4138 0.942864 -0.333178 1.460372
0.3793 0.4483 0.888501 -0.458876 1.678870
0.3793 0.4828 0.836046 -0.548659 1.921450
0.3793 0.5172 0.789493 -0.613759 2.180089
0.3793 0.5517 0.749441 -0.662071 2.449705
0.3793 0.5862 0.715300 -0.698818 2.727045
0.3793 0.6207 0.0000 0.0000 0.0000
0.3793 0.6552 0.0000 0.0000 0.0000
0.3793 0.6897 0.0000 0.0000 0.0000
0.3793 0.7241 0.0000 0.0000 0.0000
0.3793 0.7586 0.0000 0.0000 0.0000
0.3793 0.7931 0.0000 0.0000 0.0000
0.3793 0.8276 0.0000 0.0000 0.0000
0.3793 0.8621 0.0000 0.0000 0.0000
0.3793 0.8966 0.0000 0.0000 0.0000
0.3793 0.9310 0.0000 0.0000 0.0000
0.3793 0.9655 0.0000 0.0000 0.0000
0.3793 1.0000 0.0000 0.0000 0.0000

0.4138 0.0000 0.0000 0.0000 0.0000
0.4138 0.0345 0.046574 0.998915 2.701148
0.4138 0.0690 0.104757 0.994498 2.401800
0.4138 0.1034 0.178618 0.983918 2.112933
0.4138 0.1379 0.273560 0.961855 1.839490
0.4138 0.1724 0.395742 0.918362 1.589451
0.4138 0.2069 0.548702 0.836018 1.375639
0.4138 0.2414 0.723422 0.690406 1.217295
0.4138 0.2759 0.884519 0.466504 1.137817
0.4138 0.3103 0.981451 0.191714 1.153622
0.4138 0.3448 0.997537 -0.070148 1.261133
0.4138 0.3793 0.961024 -0.276466 1.439953
0.4138 0.4138 0.905438 -0.424478 1.667293
0.4138 0.4483 0.849113 -0.528211 1.926049
0.4138 0.4828 0.798678 -0.601759 2.205190
0.4138 0.5172 0.755453 -0.655202 2.497890
0.4138 0.5517 0.718898 -0.695116 2.799900
0.4138 0.5862 0.687997 -0.725713 3.108508
0.4138 0.6207 0.0000 0.0000 0.0000
0.4138 0.6552 0.0000 0.0000 0.0000
0.4138 0.6897 0.0000 0.0000 0.0000
0.4138 0.7241 0.0000 0.0000 0.0000
0.4138 0.7586 0.0000 0.0000 0.0000
0.4138 0.7931 0.0000 0.0000 0.0000
0.4138 0.8276 0.0000 0.0000 0.0000
0.4138 0.8621 0.0000 0.0000 0.0000
0.4138 0.8966 0.0000 0.0000 0.0000
0.4138 0.9310 0.0000 0.0000 0.0000
0.4138 0.9655 0.0000 0.0000 0.0000
0.4138 1.0000 0.0000 0.0000 0.0000

0.4483 0.0000 0.0000 0.0000 0.0000
0.4483 0.0345 0.050044 0.998747 2.734818
0.4483 0.0690 0.113505 0.993537 2.411542
0.4483 0.1034 0.195420 0.980720 2.101032
0.4483 0.1379 0.302477 0.953157 1.809869
0.4483 0.1724 0.441771 0.897128 1.549004
0.4483 0.2069 0.614507 0.788911 1.336299
0.4483 0.2414 0.799893 0.600143 1.197693
0.4483 0.2759 0.943820 0.330460 1.160059
0.4483 0.3103 0.999244 0.038874 1.232680
0.4483 0.3448 0.978638 -0.205591 1.398483
0.4483 0.3793 0.924018 -0.382350 1.629265
0.4483 0.4138 0.863697 -0.504011 1.901512
0.4483 0.4483 0.808766 -0.588130 2.199883
0.4483 0.4828 0.761820 -0.647788 2.515097
0.4483 0.5172 0.722461 -0.691412 2.841556
0.4483 0.5517 0.0000 0.0000 0.0000
0.4483 0.5862 0.0000 0.0000 0.0000
0.4483 0.6207 0.0000 0.0000 0.0000
0.4483 0.6552 0.0000 0.0000 0.0000
0.4483 0.6897 0.0000 0.0000 0.0000
0.4483 0.7241 0.0000 0.0000 0.0000
0.4483 0.7586 0.0000 0.0000 0.0000
0.4483 0.7931 0.0000 0.0000 0.0000
0.4483 0.8276 0.0000 0.0000 0.0000
0.4483 0.8621 0.0000 0.0000 0.0000
0.4483 0.8966 0.0000 0.0000 0.0000
0.4483 0.9310 0.0000 0.0000 0.0000
0.4483 0.9655 0.0000 0.0000 0.0000
0.4483 1.0000 0.0000 0.0000 0.0000

0.4828 0.0000 0.0000 0.0000 0.0000
0.4828 0.0345 0.054003 0.998541 2.739074
0.4828 0.0690 0.123668 0.992324 2.392204
0.4828 0.1034 0.215317 0.976544 2.060945
0.4828 0.1379 0.337298 0.941398 1.754165
0.4828 0.1724 0.497344 0.867553 1.487091
0.4828 0.2069 0.690819 0.723028 1.284728
0.4828 0.2414 0.876870 0.480728 1.180830
0.4828 0.2759 0.985124 0.171842 1.201222
0.4828 0.3103 0.993306 -0.115513 1.340244
0.4828 0.3448 0.944189 -0.329404 1.566626
0.4828 0.3793 0.880211 -0.474583 1.848547
0.4828 0.4138 0.820098 -0.572223 2.164411
0.4828 0.4483 0.768751 -0.639548 2.501394
0.4828 0.4828 0.726106 -0.687583 2.852019
0.4828 0.5172 0.0000 0.0000 0.0000
0.4828 0.5517 0.0000 0.0000 0.0000
0.4828 0.5862 0.0000 0.0000 0.0000
0.4828 0.6207 0.0000 0.0000 0.0000
0.4828 0.6552 0.0000 0.0000 0.0000
0.4828 0.6897 0.0000 0.0000 0.0000
0.4828 0.7241 0.0000 0.0000 0.0000
0.4828 0.7586 0.0000 0.0000 0.0000
0.4828 0.7931 0.0000 0.0000 0.0000
0.4828 0.8276 0.0000 0.0000 0.0000
0.4828 0.8621 0.0000 0.0000 0.0000
0.4828 0.8966 0.0000 0.0000 0.0000
0.4828 0.9310 0.0000 0.0000 0.0000
0.4828 0.9655 0.0000 0.0000 0.0000
0.4828 1.0000 0.0000 0.0000 0.0000

0.5172 0.0000 0.0000 0.0000 0.0000
0.5172 0.0345 0.058578 0.998283 2.713935
0.5172 0.0690 0.135652 0.990757 2.343901
0.5172 0.1034 0.239292 0.970948 1.993100
0.5172 0.1379 0.379949 0.925007 1.673670
0.5172 0.1724 0.564896 0.825162 1.407139
0.5172 0.2069 0.776487 0.630133 1.228436
0.5172 0.2414 0.944506 0.328493 1.178226
0.5172 0.2759 1.000000 -0.000000 1.271819
0.5172 0.3103 0.965306 -0.261121 1.482221
0.5172 0.3448 0.899085 -0.437774 1.768214
0.5172 0.3793 0.833086 -0.553144 2.099125
0.5172 0.4138 0.776487 -0.630133 2.456872
0.5172 0.4483 0.729950 -0.683501 2.831300
0.5172 0.4828 0.0000 0.0000 0.0000
0.5172 0.5172 0.0000 0.0000 0.0000
0.5172 0.5517 0.0000 0.0000 0.0000
0.5172 0.5862 0.0000 0.0000 0.0000
0.5172 0.6207 0.0000 0.0000 0.0000
0.5172 0.6552 0.0000 0.0000 0.0000
0.5172 0.6897 0.0000 0.0000 0.0000
0.5172 0.7241 0.0000 0.0000 0.0000
0.5172 0.7586 0.0000 0.0000 0.0000
0.5172 0.7931 0.0000 0.0000 0.0000
0.5172 0.8276 0.0000 0.0000 0.0000
0.5172 0.8621 0.0000 0.0000 0.0000
0.5172 0.8966 0.0000 0.0000 0.0000
0.5172 0.9310 0.0000 0.0000 0.0000
0.5172 0.9655 0.0000 0.0000 0.0000
0.5172 1.0000 0.0000 0.0000 0.0000

0.5517 0.0000 0.0000 0.0000 0.0000
0.5517 0.0345 0.063937 0.997954 2.659425
0.5517 0.0690 0.150023 0.988683 2.266796
0.5517 0.1034 0.268742 0.963212 1.898128
0.5517 0.1379 0.433105 0.901343 1.570387
0.5517 0.1724 0.646745 0.762707 1.314550
0.5517 0.2069 0.865748 0.500479 1.178418
0.5517 0.2414 0.989131 0.147036 1.203328
0.5517 0.2759 0.985293 -0.170876 1.380590
0.5517 0.3103 0.920685 -0.390307 1.662156
0.5517 0.3448 0.848251 -0.529594 2.004543
0.5517 0.3793 0.785330 -0.619078 2.381665
0.5517 0.4138 0.734121 -0.679019 2.779417
0.5517 0.4483 0.0000 0.0000 0.0000
0.5517 0.4828 0.0000 0.0000 0.0000
0.5517 0.5172 0.0000 0.0000 0.0000
0.5517 0.5517 0.0000 0.0000 0.0000
0.5517 0.5862 0.0000 0.0000 0.0000
0.5517 0.6207 0.0000 0.0000 0.0000
0.5517 0.6552 0.0000 0.0000 0.0000
0.5517 0.6897 0.0000 0.0000 0.0000
0.5517 0.7241 0.0000 0.0000 0.0000
0.5517 0.7586 0.0000 0.0000 0.0000
0.5517 0.7931 0.0000 0.0000 0.0000
0.5517 0.8276 0.0000 0.0000 0.0000
0.5517 0.8621 0.0000 0.0000 0.0000
0.5517 0.8966 0.0000 0.0000 0.0000
0.5517 0.9310 0.0000 0.0000 0.0000
0.5517 0.9655 0.0000 0.0000 0.0000
0.5517 1.0000 0.0000 0.0000 0.0000

0.5862 0.0000 0.0000 0.0000 0.0000
0.5862 0.0345 0.070312 0.997525 2.575578
0.5862 0.0690 0.167592 0.985856 2.161125
0.5862 0.1034 0.305730 0.952118 1.777000
0.5862 0.1379 0.500414 0.865786 1.447552
0.5862 0.1724 0.743415 0.668830 1.217986
0.5862 0.2069 0.945023 0.327004 1.149775
0.5862 0.2414 0.998780 -0.049372 1.269205
0.5862 0.2759 0.945023 -0.327004 1.533033
0.5862 0.3103 0.866264 -0.499586 1.881464
0.5862 0.3448 0.795679 -0.605719 2.275968
0.5862 0.3793 0.738776 -0.673951 2.696398
0.5862 0.4138 0.693773 -0.720194 3.132332
0.5862 0.4483 0.0000 0.0000 0.0000
0.5862 0.4828 0.0000 0.0000 0.0000
0.5862 0.5172 0.0000 0.0000 0.0000
0.5862 0.5517 0.0000 0.0000 0.0000
0.5862 0.5862 0.0000 0.0000 0.0000
0.5862 0.6207 0.0000 0.0000 0.0000
0.5862 0.6552 0.0000 0.0000 0.0000
0.5862 0.6897 0.0000 0.0000 0.0000
0.5862 0.7241 0.0000 0.0000 0.0000
0.5862 0.7586 0.0000 0.0000 0.0000
0.5862 0.7931 0.0000 0.0000 0.0000
0.5862 0.8276 0.0000 0.0000 0.0000
0.5862 0.8621 0.0000 0.0000 0.0000
0.5862 0.8966 0.0000 0.0000 0.0000
0.5862 0.9310 0.0000 0.0000 0.0000
0.5862 0.9655 0.0000 0.0000 0.0000
0.5862 1.0000 0.0000 0.0000 0.0000

0.6207 0.0000 0.0000 0.0000 0.0000
0.6207 0.0345 0.078033 0.996951 2.462443
0.6207 0.0690 0.189570 0.981867 2.027247
0.6207 0.1034 0.353375 0.935482 1.631288
0.6207 0.1379 0.586444 0.809990 1.310626
0.6207 0.1724 0.849318 0.527881 1.131214
0.6207 0.2069 0.993441 0.114344 1.160525
0.6207 0.2414 0.970905 -0.239465 1.385373
0.6207 0.2759 0.887962 -0.459916 1.731174
0.6207 0.3103 0.808087 -0.589063 2.140079
0.6207 0.3448 0.744118 -0.668048 2.582282
0.6207 0.3793 0.0000 0.0000 0.0000
0.6207 0.4138 0.0000 0.0000 0.0000
0.6207 0.4483 0.0000 0.0000 0.0000
0.6207 0.4828 0.0000 0.0000 0.0000
0.6207 0.5172 0.0000 0.0000 0.0000
0.6207 0.5517 0.0000 0.0000 0.0000
0.6207 0.5862 0.0000 0.0000 0.0000
0.6207 0.6207 0.0000 0.0000 0.0000
0.6207 0.6552 0.0000 0.0000 0.0000
0.6207 0.6897 0.0000 0.0000 0.0000
0.6207 0.7241 0.0000 0.0000 0.0000
0.6207 0.7586 0.0000 0.0000 0.0000
0.6207 0.7931 0.0000 0.0000 0.0000
0.6207 0.8276 0.0000 0.0000 0.0000
0.6207 0.8621 0.0000 0.0000 0.0000
0.6207 0.8966 0.0000 0.0000 0.0000
0.6207 0.9310 0.0000 0.0000 0.0000
0.6207 0.9655 0.0000 0.0000 0.0000
0.6207 1.0000 0.0000 0.0000 0.0000

0.6552 0.0000 0.0000 0.0000 0.0000
0.6552 0.0345 0.087587 0.996157 2.320094
0.6552 0.0690 0.217835 0.975986 1.865732
0.6552 0.1034 0.416506 0.909133 1.463678
0.6552 0.1379 0.695211 0.718805 1.169201
0.6552 0.1724 0.945426 0.325837 1.074703
0.6552 0.2069 0.993466 -0.114131 1.227282
0.6552 0.2414 0.914262 -0.405124 1.555871
0.6552 0.2759 0.823353 -0.567530 1.974469
0.6552 0.3103 0.750430 -0.660950 2.437129
0.6552 0.3448 0.0000 0.0000 0.0000
0.6552 0.3793 0.0000 0.0000 0.0000
0.6552 0.4138 0.0000 0.0000 0.0000
0.6552 0.4483 0.0000 0.0000 0.0000
0.6552 0.4828 0.0000 0.0000 0.0000
0.6552 0.5172 0.0000 0.0000 0.0000
0.6552 0.5517 0.0000 0.0000 0.0000
0.6552 0.5862 0.0000 0.0000 0.0000
0.6552 0.6207 0.0000 0.0000 0.0000
0.6552 0.6552 0.0000 0.0000 0.0000
0.6552 0.6897 0.0000 0.0000 0.0000
0.6552 0.7241 0.0000 0.0000 0.0000
0.6552 0.7586 0.0000 0.0000 0.0000
0.6552 0.7931 0.0000 0.0000 0.0000
0.6552 0.8276 0.0000 0.0000 0.0000
0.6552 0.8621 0.0000 0.0000 0.0000
0.6552 0.8966 0.0000 0.0000 0.0000
0.6552 0.9310 0.0000 0.0000 0.0000
0.6552 0.9655 0.0000 0.0000 0.0000
0.6552 1.0000 0.0000 0.0000 0.0000

0.6897 0.0000 0.0000 0.0000 0.0000
0.6897 0.0345 0.099723 0.995015 2.148641
0.6897 0.0690 0.255456 0.966821 1.677538
0.6897 0.1034 0.502553 0.864547 1.279082
0.6897 0.1379 0.823802 0.566878 1.040390
0.6897 0.1724 0.997641 0.068650 1.073877
0.6897 0.2069 0.945596 -0.325344 1.359579
0.6897 0.2414 0.842664 -0.538439 1.779927
0.6897 0.2759 0.758127 -0.652107 2.261033
0.6897 0.3103 0.0000 0.0000 0.0000
0.6897 0.3448 0.0000 0.0000 0.0000
0.6897 0.3793 0.0000 0.0000 0.0000
0.6897 0.4138 0.0000 0.0000 0.0000
0.6897 0.4483 0.0000 0.0000 0.0000
0.6897 0.4828 0.0000 0.0000 0.0000
0.6897 0.5172 0.0000 0.0000 0.0000
0.6897 0.5517 0.0000 0.0000 0.0000
0.6897 0.5862 0.0000 0.0000 0.0000
0.6897 0.6207 0.0000 0.0000 0.0000
0.6897 0.6552 0.0000 0.0000 0.0000
0.6897 0.6897 0.0000 0.0000 0.0000
0.6897 0.7241 0.0000 0.0000 0.0000
0.6897 0.7586 0.0000 0.0000 0.0000
0.6897 0.7931 0.0000 0.0000 0.0000
0.6897 0.8276 0.0000 0.0000 0.0000
0.6897 0.8621 0.0000 0.0000 0.0000
0.6897 0.8966 0.0000 0.0000 0.0000
0.6897 0.9310 0.0000 0.0000 0.0000
0.6897 0.9655 0.0000 0.0000 0.0000
0.6897 1.0000 0.0000 0.0000 0.0000

0.7241 0.0000 0.0000 0.0000 0.0000
0.7241 0.0345 0.115655 0.993289 1.948270
0.7241 0.0690 0.307738 0.951471 1.464407
0.7241 0.1034 0.621770 0.783200 1.087189
0.7241 0.1379 0.945749 0.324898 0.953010
0.7241 0.1724 0.979411 -0.201877 1.150319
0.7241 0.2069 0.867820 -0.496879 1.557883
0.7241 0.2414 0.767856 -0.640623 2.054147
0.7241 0.2759 0.0000 0.0000 0.0000
0.7241 0.3103 0.0000 0.0000 0.0000
0.7241 0.3448 0.0000 0.0000 0.0000
0.7241 0.3793 0.0000 0.0000 0.0000
0.7241 0.4138 0.0000 0.0000 0.0000
0.7241 0.4483 0.0000 0.0000 0.0000
0.7241 0.4828 0.0000 0.0000 0.0000
0.7241 0.5172 0.0000 0.0000 0.0000
0.7241 0.5517 0.0000 0.0000 0.0000
0.7241 0.5862 0.0000 0.0000 0.0000
0.7241 0.6207 0.0000 0.0000 0.0000
0.7241 0.6552 0.0000 0.0000 0.0000
0.7241 0.6897 0.0000 0.0000 0.0000
0.7241 0.7241 0.0000 0.0000 0.0000
0.7241 0.7586 0.0000 0.0000 0.0000
0.7241 0.7931 0.0000 0.0000 0.0000
0.7241 0.8276 0.0000 0.0000 0.0000
0.7241 0.8621 0.0000 0.0000 0.0000
0.7241 0.8966 0.0000 0.0000 0.0000
0.7241 0.9310 0.0000 0.0000 0.0000
0.7241 0.9655 0.0000 0.0000 0.0000
0.7241 1.0000 0.0000 0.0000 0.0000

0.7586 0.0000 0.0000 0.0000 0.0000
0.7586 0.0345 0.137489 0.990503 1.719300
0.7586 0.0690 0.384423 0.923157 1.229818
0.7586 0.1034 0.780690 0.624919 0.908371
0.7586 0.1379 1.000000 0.000000 0.945541
0.7586 0.1724 0.901424 -0.432937 1.311177
0.7586 0.2069 0.780690 -0.624919 1.816741
0.7586 0.2414 0.696868 -0.717199 2.374476
0.7586 0.2759 0.0000 0.0000 0.0000
0.7586 0.3103 0.0000 0.0000 0.0000
0.7586 0.3448 0.0000 0.0000 0.0000
0.7586 0.3793 0.0000 0.0000 0.0000
0.7586 0.4138 0.0000 0.0000 0.0000
0.7586 0.4483 0.0000 0.0000 0.0000
0.7586 0.4828 0.0000 0.0000 0.0000
0.7586 0.5172 0.0000 0.0000 0.0000
0.7586 0.5517 0.0000 0.0000 0.0000
0.7586 0.5862 0.0000 0.0000 0.0000
0.7586 0.6207 0.0000 0.0000 0.0000
0.7586 0.6552 0.0000 0.0000 0.0000
0.7586 0.6897 0.0000 0.0000 0.0000
0.7586 0.7241 0.0000 0.0000 0.0000
0.7586 0.7586 0.0000 0.0000 0.0000
0.7586 0.7931 0.0000 0.0000 0.0000
0.7586 0.8276 0.0000 0.0000 0.0000
0.7586 0.8621 0.0000 0.0000 0.0000
0.7586 0.8966 0.0000 0.0000 0.0000
0.7586 0.9310 0.0000 0.0000 0.0000
0.7586 0.9655 0.0000 0.0000 0.0000
0.7586 1.0000 0.0000 0.0000 0.0000

0.7931 0.0000 0.0000 0.0000 0.0000
0.7931 0.0345 0.169210 0.985580 1.462347
0.7931 0.0690 0.504127 0.863629 0.981671
0.7931 0.1034 0.946014 0.324127 0.784693
0.7931 0.1379 0.946014 -0.324127 1.046258
0.7931 0.1724 0.798552 -0.601926 1.549327
0.7931 0.2069 0.0000 0.0000 0.0000
0.7931 0.2414 0.0000 0.0000 0.0000
0.7931 0.2759 0.0000 0.0000 0.0000
0.7931 0.3103 0.0000 0.0000 0.0000
0.7931 0.3448 0.0000 0.0000 0.0000
0.7931 0.3793 0.0000 0.0000 0.0000
0.7931 0.4138 0.0000 0.0000 0.0000
0.7931 0.4483 0.0000 0.0000 0.0000
0.7931 0.4828 0.0000 0.0000 0.0000
0.7931 0.5172 0.0000 0.0000 0.0000
0.7931 0.5517 0.0000 0.0000 0.0000
0.7931 0.5862 0.0000 0.0000 0.0000
0.7931 0.6207 0.0000 0.0000 0.0000
0.7931 0.6552 0.0000 0.0000 0.0000
0.7931 0.6897 0.0000 0.0000 0.0000
0.7931 0.7241 0.0000 0.0000 0.0000
0.7931 0.7586 0.0000 0.0000 0.0000
0.7931 0.7931 0.0000 0.0000 0.0000
0.7931 0.8276 0.0000 0.0000 0.0000
0.7931 0.8621 0.0000 0.0000 0.0000
0.7931 0.8966 0.0000 0.0000 0.0000
0.7931 0.9310 0.0000 0.0000 0.0000
0.7931 0.9655 0.0000 0.0000 0.0000
0.7931 1.0000 0.0000 0.0000 0.0000

0.8276 0.0000 0.0000 0.0000 0.0000
0.8276 0.0345 0.219301 0.975657 1.178754
0.8276 0.0690 0.697738 0.716353 0.740971
0.8276 0.1034 0.993556 -0.113340 0.780535
0.8276 0.1379 0.825214 -0.564820 1.253017
0.8276 0.1724 0.0000 0.0000 0.0000
0.8276 0.2069 0.0000 0.0000 0.0000
0.8276 0.2414 0.0000 0.0000 0.0000
0.8276 0.2759 0.0000 0.0000 0.0000
0.8276 0.3103 0.0000 0.0000 0.0000
0.8276 0.3448 0.0000 0.0000 0.0000
0.8276 0.3793 0.0000 0.0000 0.0000
0.8276 0.4138 0.0000 0.0000 0.0000
0.8276 0.4483 0.0000 0.0000 0.0000
0.8276 0.4828 0.0000 0.0000 0.0000
0.8276 0.5172 0.0000 0.0000 0.0000
0.8276 0.5517 0.0000 0.0000 0.0000
0.8276 0.5862 0.0000 0.0000 0.0000
0.8276 0.6207 0.0000 0.0000 0.0000
0.8276 0.6552 0.0000 0.0000 0.0000
0.8276 0.6897 0.0000 0.0000 0.0000
0.8276 0.7241 0.0000 0.0000 0.0000
0.8276 0.7586 0.0000 0.0000 0.0000
0.8276 0.7931 0.0000 0.0000 0.0000
0.8276 0.8276 0.0000 0.0000 0.0000
0.8276 0.8621 0.0000 0.0000 0.0000
0.8276 0.8966 0.0000 0.0000 0.0000
0.8276 0.9310 0.0000 0.0000 0.0000
0.8276 0.9655 0.0000 0.0000 0.0000
0.8276 1.0000 0.0000 0.0000 0.0000

0.8621 0.0000 0.0000 0.0000 0.0000
0.8621 0.0345 0.309101 0.951029 0.872076
0.8621 0.0690 0.946235 0.323481 0.569753
0.8621 0.1034 0.868864 -0.495052 0.930733
0.8621 0.1379 0.698120 -0.715981 1.544491
0.8621 0.1724 0.0000 0.0000 0.0000
0.8621 0.2069 0.0000 0.0000 0.0000
0.8621 0.2414 0.0000 0.0000 0.0000
0.8621 0.2759 0.0000 0.0000 0.0000
0.8621 0.3103 0.0000 0.0000 0.0000
0.8621 0.3448 0.0000 0.0000 0.0000
0.8621 0.3793 0.0000 0.0000 0.0000
0.8621 0.4138 0.0000 0.0000 0.0000
0.8621 0.4483 0.0000 0.0000 0.0000
0.8621 0.4828 0.0000 0.0000 0.0000
0.8621 0.5172 0.0000 0.0000 0.0000
0.8621 0.5517 0.0000 0.0000 0.0000
0.8621 0.5862 0.0000 0.0000 0.0000
0.8621 0.6207 0.0000 0.0000 0.0000
0.8621 0.6552 0.0000 0.0000 0.0000
0.8621 0.6897 0.0000 0.0000 0.0000
0.8621 0.7241 0.0000 0.0000 0.0000
0.8621 0.7586 0.0000 0.0000 0.0000
0.8621 0.7931 0.0000 0.0000 0.0000
0.8621 0.8276 0.0000 0.0000 0.0000
0.8621 0.8621 0.0000 0.0000 0.0000
0.8621 0.8966 0.0000 0.0000 0.0000
0.8621 0.9310 0.0000 0.0000 0.0000
0.8621 0.9655 0.0000 0.0000 0.0000
0.8621 1.0000 0.0000 0.0000 0.0000

0.8966 0.0000 0.0000 0.0000 0.0000
0.8966 0.0345 0.505335 0.862923 0.555312
0.8966 0.0690 0.946332 -0.323196 0.593065
0.8966 0.1034 0.0000 0.0000 0.0000
0.8966 0.1379 0.0000 0.0000 0.0000
0.8966 0.1724 0.0000 0.0000 0.0000
0.8966 0.2069 0.0000 0.0000 0.0000
0.8966 0.2414 0.0000 0.0000 0.0000
0.8966 0.2759 0.0000 0.0000 0.0000
0.8966 0.3103 0.0000 0.0000 0.0000
0.8966 0.3448 0.0000 0.0000 0.0000
0.8966 0.3793 0.0000 0.0000 0.0000
0.8966 0.4138 0.0000 0.0000 0.0000
0.8966 0.4483 0.0000 0.0000 0.0000
0.8966 0.4828 0.0000 0.0000 0.0000
0.8966 0.5172 0.0000 0.0000 0.0000
0.8966 0.5517 0.0000 0.0000 0.0000
0.8966 0.5862 0.0000 0.0000 0.0000
0.8966 0.6207 0.0000 0.0000 0.0000
0.8966 0.6552 0.0000 0.0000 0.0000
0.8966 0.6897 0.0000 0.0000 0.0000
0.8966 0.7241 0.0000 0.0000 0.0000
0.8966 0.7586 0.0000 0.0000 0.0000
0.8966 0.7931 0.0000 0.0000 0.0000
0.8966 0.8276 0.0000 0.0000 0.0000
0.8966 0.8621 0.0000 0.0000 0.0000
0.8966 0.8966 0.0000 0.0000 0.0000
0.8966 0.9310 0.0000 0.0000 0.0000
0.8966 0.9655 0.0000 0.0000 0.0000
0.8966 1.0000 0.0000 0.0000 0.0000

0.9310 0.0000 0.0000 0.0000 0.0000
0.9310 0.0345 0.946422 0.322933 0.308189
0.9310 0.0690 0.698797 -0.715320 0.834796
0.9310 0.1034 0.0000 0.0000 0.0000
0.9310 0.1379 0.0000 0.0000 0.0000
0.9310 0.1724 0.0000 0.0000 0.0000
0.9310 0.2069 0.0000 0.0000 0.0000
0.9310 0.2414 0.0000 0.0000 0.0000
0.9310 0.2759 0.0000 0.0000 0.0000
0.9310 0.3103 0.0000 0.0000 0.0000
0.9310 0.3448 0.0000 0.0000 0.0000
0.9310 0.3793 0.0000 0.0000 0.0000
0.9310 0.4138 0.0000 0.0000 0.0000
0.9310 0.4483 0.0000 0.0000 0.0000
0.9310 0.4828 0.0000 0.0000 0.0000
0.9310 0.5172 0.0000 0.0000 0.0000
0.9310 0.5517 0.0000 0.0000 0.0000
0.9310 0.5862 0.0000 0.0000 0.0000
0.9310 0.6207 0.0000 0.0000 0.0000
0.9310 0.6552 0.0000 0.0000 0.0000
0.9310 0.6897 0.0000 0.0000 0.0000
0.9310 0.7241 0.0000 0.0000 0.0000
0.9310 0.7586 0.0000 0.0000 0.0000
0.9310 0.7931 0.0000 0.0000 0.0000
0.9310 0.8276 0.0000 0.0000 0.0000
0.9310 0.8621 0.0000 0.0000 0.0000
0.9310 0.8966 0.0000 0.0000 0.0000
0.9310 0.9310 0.0000 0.0000 0.0000
0.9310 0.9655 0.0000 0.0000 0.0000
0.9310 1.0000 0.0000 0.0000 0.0000

0.9655 0.0000 0.0000 0.0000 0.0000
0.9655 0.0345 0.0000 0.0000 0.0000
0.9655 0.0690 0.0000 0.0000 0.0000
0.9655 0.1034 0.0000 0.0000 0.0000
0.9655 0.1379 0.0000 0.0000 0.0000
0.9655 0.1724 0.0000 0.0000 0.0000
0.9655 0.2069 0.0000 0.0000 0.0000
0.9655 0.2414 0.0000 0.0000 0.0000
0.9655 0.2759 0.0000 0.0000 0.0000
0.9655 0.3103 0.0000 0.0000 0.0000
0.9655 0.3448 0.0000 0.0000 0.0000
0.9655 0.3793 0.0000 0.0000 0.0000
0.9655 0.4138 0.0000 0.0000 0.0000
0.9655 0.4483 0.0000 0.0000 0.0000
0.9655 0.4828 0.0000 0.0000 0.0000
0.9655 0.5172 0.0000 0.0000 0.0000
0.9655 0.5517 0.0000 0.0000 0.0000
0.9655 0.5862 0.0000 0.0000 0.0000
0.9655 0.6207 0.0000 0.0000 0.0000
0.9655 0.6552 0.0000 0.0000 0.0000
0.9655 0.6897 0.0000 0.0000 0.0000
0.9655 0.7241 0.0000 0.0000 0.0000
0.9655 0.7586 0.0000 0.0000 0.0000
0.9655 0.7931 0.0000 0.0000 0.0000
0.9655 0.8276 0.0000 0.0000 0.0000
0.9655 0.8621 0.0000 0.0000 0.0000
0.9655 0.8966 0.0000 0.0000 0.0000
0.9655 0.9310 0.0000 0.0000 0.0000
0.9655 0.9655 0.0000 0.0000 0.0000
0.9655 1.0000 0.0000 0.0000 0.0000

1.0000 0.0000 0.0000 0.0000 0.0000
1.0000 0.0345 0.0000 0.0000 0.0000
1.0000 0.0690 0.0000 0.0000 0.0000
1.0000 0.1034 0.0000 0.0000 0.0000
1.0000 0.1379 0.0000 0.0000 0.0000
1.0000 0.1724 0.0000 0.0000 0.0000
1.0000 0.2069 0.0000 0.0000 0.0000
1.0000 0.2414 0.0000 0.0000 0.0000
1.0000 0.2759 0.0000 0.0000 0.0000
1.0000 0.3103 0.0000 0.0000 0.0000
1.0000 0.3448 0.0000 0.0000 0.0000
1.0000 0.3793 0.0000 0.0000 0.0000
1.0000 0.4138 0.0000 0.0000 0.0000
1.0000 0.4483 0.0000 0.0000 0.0000
1.0000 0.4828 0.0000 0.0000 0.0000
1.0000 0.5172 0.0000 0.0000 0.0000
1.0000 0.5517 0.0000 0.0000 0.0000
1.0000 0.5862 0.0000 0.0000 0.0000
1.0000 0.6207 0.0000 0.0000 0.0000
1.0000 0.6552 0.0000 0.0000 0.0000
1.0000 0.6897 0.0000 0.0000 0.0000
1.0000 0.7241 0.0000 0.0000 0.0000
1.0000 0.7586 0.0000 0.0000 0.0000
1.0000 0.7931 0.0000 0.0000 0.0000
1.0000 0.8276 0.0000 0.0000 0.0000
1.0000 0.8621 0.0000 0.0000 0.0000
1.0000 0.8966 0.0000 0.0000 0.0000
1.0000 0.9310 0.0000 0.0000 0.0000
1.0000 0.9655 0.0000 0.0000 0.0000
1.0000 1.0000 0.0000 0.0000 0.0000

