0.0000 0.0000 0.000000 0.000000 0.000000
0.0000 0.0345 -1.000000 0.000000 0.006897
0.0000 0.0690 -1.000000 0.000000 0.013793
0.0000 0.1034 -1.000000 0.000000 0.020690
0.0000 0.1379 -1.000000 0.000000 0.027586
0.0000 0.1724 -1.000000 0.000000 0.034483
0.0000 0.2069 -1.000000 0.000000 0.041379
0.0000 0.2414 -1.000000 0.000000 0.048276
0.0000 0.2759 -1.000000 0.000000 0.055172
0.0000 0.3103 -1.000000 0.000000 0.062069
0.0000 0.3448 -1.000000 0.000000 0.068966
0.0000 0.3793 -1.000000 0.000000 0.075862
0.0000 0.4138 -1.000000 0.000000 0.082759
0.0000 0.4483 -1.000000 0.000000 0.089655
0.0000 0.4828 -1.000000 0.000000 0.096552
0.0000 0.5172 -1.000000 0.000000 0.103448
0.0000 0.5517 -1.000000 0.000000 0.110345
0.0000 0.5862 -1.000000 -0.000000 0.117241
0.0000 0.6207 -1.000000 -0.000000 0.124138
0.0000 0.6552 -1.000000 -0.000000 0.131034
0.0000 0.6897 -1.000000 -0.000000 0.137931
0.0000 0.7241 -1.000000 -0.000000 0.144828
0.0000 0.7586 -1.000000 -0.000000 0.151724
0.0000 0.7931 -1.000000 -0.000000 0.158621
0.0000 0.8276 -1.000000 -0.000000 0.165517
0.0000 0.8621 -1.000000 -0.000000 0.172414
0.0000 0.8966 -1.000000 -0.000000 0.179310
0.0000 0.9310 -1.000000 -0.000000 0.186207
0.0000 0.9655 -1.000000 -0.000000 0.193103
0.0000 1.0000 -1.000000 -0.000000 0.200000

0.0345 0.0000 0.000000 1.000000 0.546017
0.0345 0.0345 0.015097 0.999886 0.511949
0.0345 0.0690 0.032337 0.999477 0.478015
0.0345 0.1034 0.052194 0.998637 0.444244
0.0345 0.1379 0.075279 0.997162 0.410678
0.0345 0.1724 0.102405 0.994743 0.377370
0.0345 0.2069 0.134651 0.990893 0.344397
0.0345 0.2414 0.173481 0.984837 0.311863
0.0345 0.2759 0.220887 0.975299 0.279923
0.0345 0.3103 0.279578 0.960123 0.248804
0.0345 0.3448 0.353147 0.935568 0.218858
0.0345 0.3793 0.445966 0.895050 0.190638
0.0345 0.4138 0.561995 0.827141 0.165031
0.0345 0.4483 0.700444 0.713707 0.143446
0.0345 0.4828 0.845798 0.533503 0.127932
0.0345 0.5172 0.959303 0.282379 0.120852
0.0345 0.5517 1.000000 0.000000 0.123662
0.0345 0.5862 0.967886 -0.251388 0.135751
0.0345 0.6207 0.897778 -0.440448 0.154960
0.0345 0.6552 0.820323 -0.571901 0.179014
0.0345 0.6897 0.749569 -0.661927 0.206222
0.0345 0.7241 0.689214 -0.724558 0.235496
0.0345 0.7586 0.638865 -0.769319 0.266153
0.0345 0.7931 0.596993 -0.802247 0.297767
0.0345 0.8276 0.561995 -0.827141 0.330063
0.0345 0.8621 0.532500 -0.846430 0.362859
0.0345 0.8966 0.507414 -0.861703 0.396030
0.0345 0.9310 0.485878 -0.874027 0.429491
0.0345 0.9655 0.467227 -0.884137 0.463177
0.0345 1.0000 0.0000 0.0000 0.0000

0.0690 0.0000 0.000000 1.000000 1.053032
0.0690 0.0345 0.022694 0.999742 0.985034
0.0690 0.0690 0.048723 0.998812 0.917618
0.0690 0.1034 0.078812 0.996889 0.850923
0.0690 0.1379 0.113888 0.993494 0.785132
0.0690 0.1724 0.155132 0.987894 0.720494
0.0690 0.2069 0.204041 0.978962 0.657349
0.0690 0.2414 0.262476 0.964939 0.596170
0.0690 0.2759 0.332635 0.943056 0.537631
0.0690 0.3103 0.416807 0.908995 0.482691
0.0690 0.3448 0.516596 0.856230 0.432724
0.0690 0.3793 0.631075 0.775722 0.389649
0.0690 0.4138 0.753569 0.657369 0.355975
0.0690 0.4483 0.868637 0.495450 0.334555
0.0690 0.4828 0.954738 0.297449 0.327798
0.0690 0.5172 0.996217 0.086904 0.336589
0.0690 0.5517 0.994107 -0.108400 0.359790
0.0690 0.5862 0.962405 -0.271618 0.394869
0.0690 0.6207 0.916604 -0.399796 0.438988
0.0690 0.6552 0.867315 -0.497759 0.489709
0.0690 0.6897 0.820051 -0.572291 0.545194
0.0690 0.7241 0.777052 -0.629436 0.604131
0.0690 0.7586 0.738872 -0.673846 0.665603
0.0690 0.7931 0.705310 -0.708899 0.728970
0.0690 0.8276 0.675887 -0.737005 0.793777
0.0690 0.8621 0.650062 -0.759881 0.859700
0.0690 0.8966 0.627321 -0.778761 0.926500
0.0690 0.9310 0.607210 -0.794541 0.994000
0.0690 0.9655 0.0000 0.0000 0.0000
0.0690 1.0000 0.0000 0.0000 0.0000

0.1034 0.0000 0.000000 1.000000 1.521046
0.1034 0.0345 0.026058 0.999660 1.419150
0.1034 0.0690 0.056099 0.998425 1.318366
0.1034 0.1034 0.091011 0.995850 1.218971
0.1034 0.1379 0.131914 0.991261 1.121333
0.1034 0.1724 0.180221 0.983626 1.025955
0.1034 0.2069 0.237677 0.971344 0.933529
0.1034 0.2414 0.306333 0.951925 0.845024
0.1034 0.2759 0.388336 0.921518 0.761810
0.1034 0.3103 0.485290 0.874353 0.685813
0.1034 0.3448 0.596741 0.802434 0.619696
0.1034 0.3793 0.717516 0.696542 0.566925
0.1034 0.4138 0.834930 0.550356 0.531491
0.1034 0.4483 0.929913 0.367779 0.516970
0.1034 0.4828 0.985937 0.167116 0.525101
0.1034 0.5172 0.999653 -0.026357 0.554890
0.1034 0.5517 0.981003 -0.193993 0.603134
0.1034 0.5862 0.944161 -0.329483 0.665836
0.1034 0.6207 0.900330 -0.435208 0.739325
0.1034 0.6552 0.856109 -0.516795 0.820708
0.1034 0.6897 0.814653 -0.579949 0.907866
0.1034 0.7241 0.777128 -0.629342 0.999289
0.1034 0.7586 0.743716 -0.668496 1.093907
0.1034 0.7931 0.714160 -0.699983 1.190959
0.1034 0.8276 0.688051 -0.725662 1.289896
0.1034 0.8621 0.664953 -0.746885 1.390316
0.1034 0.8966 0.644455 -0.764642 1.491919
0.1034 0.9310 0.0000 0.0000 0.0000
0.1034 0.9655 0.0000 0.0000 0.0000
0.1034 1.0000 0.0000 0.0000 0.0000

0.1379 0.0000 0.000000 1.000000 1.950060
0.1379 0.0345 0.028444 0.999595 1.814289
0.1379 0.0690 0.061427 0.998112 1.680224
0.1379 0.1034 0.099990 0.994988 1.548307
0.1379 0.1379 0.145455 0.989365 1.419136
0.1379 0.1724 0.199474 0.979903 1.293535
0.1379 0.2069 0.264044 0.964511 1.172651
0.1379 0.2414 0.341400 0.939918 1.058103
0.1379 0.2759 0.433575 0.901117 0.952180
0.1379 0.3103 0.541262 0.840854 0.858082
0.1379 0.3448 0.661521 0.749927 0.780100
0.1379 0.3793 0.784639 0.619953 0.723464
0.1379 0.4138 0.893051 0.449955 0.693424
0.1379 0.4483 0.967442 0.253092 0.693445
0.1379 0.4828 0.998546 0.053904 0.723525
0.1379 0.5172 0.992160 -0.124973 0.780195
0.1379 0.5517 0.962107 -0.272671 0.858203
0.1379 0.5862 0.921212 -0.389062 0.952321
0.1379 0.6207 0.877758 -0.479104 1.058258
0.1379 0.6552 0.836022 -0.548696 1.172816
0.1379 0.6897 0.797789 -0.602937 1.293707
0.1379 0.7241 0.763545 -0.645754 1.419313
0.1379 0.7586 0.733176 -0.680039 1.548489
0.1379 0.7931 0.706328 -0.707885 1.680410
0.1379 0.8276 0.682580 -0.730811 1.814478
0.1379 0.8621 0.661521 -0.749927 1.950250
0.1379 0.8966 0.0000 0.0000 0.0000
0.1379 0.9310 0.0000 0.0000 0.0000
0.1379 0.9655 0.0000 0.0000 0.0000
0.1379 1.0000 0.0000 0.0000 0.0000

0.1724 0.0000 0.000000 1.000000 2.340071
0.1724 0.0345 0.030515 0.999534 2.170452
0.1724 0.0690 0.066125 0.997811 2.003195
0.1724 0.1034 0.108047 0.994146 1.838946
0.1724 0.1379 0.157825 0.987467 1.678588
0.1724 0.1724 0.217385 0.976086 1.523350
0.1724 0.2069 0.289014 0.957325 1.374967
0.1724 0.2414 0.375120 0.926976 1.235911
0.1724 0.2759 0.477470 0.878648 1.109693
0.1724 0.3103 0.595372 0.803450 1.001182
0.1724 0.3448 0.722501 0.691370 0.916686
0.1724 0.3793 0.843911 0.536483 0.863287
0.1724 0.4138 0.938458 0.345393 0.846887
0.1724 0.4483 0.990129 0.140158 0.869582
0.1724 0.4828 0.998621 -0.052505 0.928510
0.1724 0.5172 0.976475 -0.215631 1.017394
0.1724 0.5517 0.938458 -0.345393 1.129183
0.1724 0.5862 0.895163 -0.445738 1.257783
0.1724 0.6207 0.852411 -0.522873 1.398566
0.1724 0.6552 0.812798 -0.582545 1.548211
0.1724 0.6897 0.777180 -0.629279 1.704385
0.1724 0.7241 0.745581 -0.666415 1.865450
0.1724 0.7586 0.717686 -0.696367 2.030241
0.1724 0.7931 0.693067 -0.720874 2.197921
0.1724 0.8276 0.671292 -0.741193 2.367876
0.1724 0.8621 0.0000 0.0000 0.0000
0.1724 0.8966 0.0000 0.0000 0.0000
0.1724 0.9310 0.0000 0.0000 0.0000
0.1724 0.9655 0.0000 0.0000 0.0000
0.1724 1.0000 0.0000 0.0000 0.0000

0.2069 0.0000 0.000000 1.000000 2.691082
0.2069 0.0345 0.032503 0.999472 2.487640
0.2069 0.0690 0.070700 0.997498 2.287293
0.2069 0.1034 0.116010 0.993248 2.090931
0.2069 0.1379 0.170242 0.985402 1.899790
0.2069 0.1724 0.235648 0.971839 1.715615
0.2069 0.2069 0.314838 0.949145 1.540907
0.2069 0.2414 0.410358 0.911925 1.379268
0.2069 0.2759 0.523410 0.852081 1.235836
0.2069 0.3103 0.651107 0.758986 1.117643
0.2069 0.3448 0.782438 0.622729 1.033387
0.2069 0.3793 0.896812 0.442411 0.991754
0.2069 0.4138 0.972127 0.234454 0.998093
0.2069 0.4483 0.999613 0.027817 1.051537
0.2069 0.4828 0.988193 -0.153212 1.145510
0.2069 0.5172 0.954200 -0.299170 1.271056
0.2069 0.5517 0.911168 -0.412035 1.419824
0.2069 0.5862 0.867068 -0.498189 1.585289
0.2069 0.6207 0.825645 -0.564191 1.762756
0.2069 0.6552 0.788254 -0.615350 1.948949
0.2069 0.6897 0.755103 -0.655607 2.141593
0.2069 0.7241 0.725913 -0.687787 2.339095
0.2069 0.7586 0.700240 -0.713908 2.540322
0.2069 0.7931 0.677618 -0.735414 2.744455
0.2069 0.8276 0.0000 0.0000 0.0000
0.2069 0.8621 0.0000 0.0000 0.0000
0.2069 0.8966 0.0000 0.0000 0.0000
0.2069 0.9310 0.0000 0.0000 0.0000
0.2069 0.9655 0.0000 0.0000 0.0000
0.2069 1.0000 0.0000 0.0000 0.0000

0.2414 0.0000 0.000000 1.000000 3.003092
0.2414 0.0345 0.034522 0.999404 2.765858
0.2414 0.0690 0.075404 0.997153 2.532537
0.2414 0.1034 0.124308 0.992244 2.304318
0.2414 0.1379 0.183365 0.983045 2.082878
0.2414 0.1724 0.255213 0.966885 1.870626
0.2414 0.2069 0.342828 0.939398 1.671068
0.2414 0.2414 0.448778 0.893643 1.489314
0.2414 0.2759 0.573175 0.819433 1.332669
0.2414 0.3103 0.709655 0.704549 1.210918
0.2414 0.3448 0.840995 0.541043 1.135341
0.2414 0.3793 0.941662 0.336559 1.115365
0.2414 0.4138 0.992978 0.118300 1.153882
0.2414 0.4483 0.996616 -0.082200 1.245475
0.2414 0.4828 0.968924 -0.247359 1.379615
0.2414 0.5172 0.926849 -0.375434 1.545261
0.2414 0.5517 0.881333 -0.472496 1.733403
0.2414 0.5862 0.837774 -0.546017 1.937499
0.2414 0.6207 0.798260 -0.602313 2.153017
0.2414 0.6552 0.763257 -0.646095 2.376853
0.2414 0.6897 0.732540 -0.680724 2.606863
0.2414 0.7241 0.705641 -0.708570 2.841550
0.2414 0.7586 0.682046 -0.731309 3.079844
0.2414 0.7931 0.0000 0.0000 0.0000
0.2414 0.8276 0.0000 0.0000 0.0000
0.2414 0.8621 0.0000 0.0000 0.0000
0.2414 0.8966 0.0000 0.0000 0.0000
0.2414 0.9310 0.0000 0.0000 0.0000
0.2414 0.9655 0.0000 0.0000 0.0000
0.2414 1.0000 0.0000 0.0000 0.0000

0.2759 0.0000 0.000000 1.000000 3.276100
0.2759 0.0345 0.036640 0.999329 3.005110
0.2759 0.0690 0.080401 0.996763 2.738950
0.2759 0.1034 0.133238 0.991084 2.479179
0.2759 0.1379 0.197676 0.980267 2.228031
0.2759 0.1724 0.276821 0.960922 1.988777
0.2759 0.2069 0.374036 0.927414 1.766255
0.2759 0.2414 0.491672 0.870780 1.567607
0.2759 0.2759 0.627832 0.778349 1.403013
0.2759 0.3103 0.770808 0.637068 1.285617
0.2759 0.3448 0.895893 0.444270 1.229020
0.2759 0.3793 0.975525 0.219890 1.241565
0.2759 0.4138 1.000000 0.000000 1.321284
0.2759 0.4483 0.982293 -0.187352 1.457194
0.2759 0.4828 0.942614 -0.333885 1.635344
0.2759 0.5172 0.895893 -0.444270 1.843530
0.2759 0.5517 0.849952 -0.526860 2.072720
0.2759 0.5862 0.807972 -0.589221 2.316689
0.2759 0.6207 0.770808 -0.637068 2.571233
0.2759 0.6552 0.738320 -0.674450 2.833505
0.2759 0.6897 0.710014 -0.704187 3.101543
0.2759 0.7241 0.685319 -0.728243 3.373975
0.2759 0.7586 0.0000 0.0000 0.0000
0.2759 0.7931 0.0000 0.0000 0.0000
0.2759 0.8276 0.0000 0.0000 0.0000
0.2759 0.8621 0.0000 0.0000 0.0000
0.2759 0.8966 0.0000 0.0000 0.0000
0.2759 0.9310 0.0000 0.0000 0.0000
0.2759 0.9655 0.0000 0.0000 0.0000
0.2759 1.0000 0.0000 0.0000 0.0000

0.3103 0.0000 0.000000 1.000000 3.510107
0.3103 0.0345 0.038913 0.999243 3.205401
0.3103 0.0690 0.085828 0.996310 2.906564
0.3103 0.1034 0.143063 0.989714 2.615609
0.3103 0.1379 0.213630 0.976915 2.335485
0.3103 0.1724 0.301200 0.953561 2.070592
0.3103 0.2069 0.409504 0.912308 1.827563
0.3103 0.2414 0.540203 0.841534 1.616293
0.3103 0.2759 0.687836 0.725867 1.450724
0.3103 0.3103 0.832904 0.553417 1.347804
0.3103 0.3448 0.943338 0.331832 1.322245
0.3103 0.3793 0.995430 0.095497 1.378357
0.3103 0.4138 0.993196 -0.116457 1.507044
0.3103 0.4483 0.958445 -0.285277 1.691826
0.3103 0.4828 0.911147 -0.412082 1.916546
0.3103 0.5172 0.862673 -0.505762 2.168825
0.3103 0.5517 0.817874 -0.575397 2.440130
0.3103 0.5862 0.778209 -0.628005 2.724783
0.3103 0.6207 0.743682 -0.668534 3.019012
0.3103 0.6552 0.713772 -0.700378 3.320272
0.3103 0.6897 0.687836 -0.725867 3.626811
0.3103 0.7241 0.0000 0.0000 0.0000
0.3103 0.7586 0.0000 0.0000 0.0000
0.3103 0.7931 0.0000 0.0000 0.0000
0.3103 0.8276 0.0000 0.0000 0.0000
0.3103 0.8621 0.0000 0.0000 0.0000
0.3103 0.8966 0.0000 0.0000 0.0000
0.3103 0.9310 0.0000 0.0000 0.0000
0.3103 0.9655 0.0000 0.0000 0.0000
0.3103 1.0000 0.0000 0.0000 0.0000

0.3448 0.0000 0.000000 1.000000 3.705113
0.3448 0.0345 0.041393 0.999143 3.366738
0.3448 0.0690 0.091821 0.995776 3.035415
0.3448 0.1034 0.154059 0.988062 2.713729
0.3448 0.1379 0.231727 0.972781 2.405549
0.3448 0.1724 0.329174 0.944269 2.116781
0.3448 0.2069 0.450388 0.892833 1.856507
0.3448 0.2414 0.595415 0.803418 1.638362
0.3448 0.2759 0.752736 0.658323 1.481082
0.3448 0.3103 0.892524 0.451000 1.405252
0.3448 0.3448 0.978674 0.205421 1.423947
0.3448 0.3793 0.999495 -0.031787 1.533712
0.3448 0.4138 0.973866 -0.227125 1.717172
0.3448 0.4483 0.927305 -0.374306 1.953675
0.3448 0.4828 0.876315 -0.481738 2.226380
0.3448 0.5172 0.828335 -0.560233 2.523579
0.3448 0.5517 0.785783 -0.618502 2.837586
0.3448 0.5862 0.748905 -0.662678 3.163399
0.3448 0.6207 0.717165 -0.696904 3.497721
0.3448 0.6552 0.689832 -0.723970 3.838329
0.3448 0.6897 0.0000 0.0000 0.0000
0.3448 0.7241 0.0000 0.0000 0.0000
0.3448 0.7586 0.0000 0.0000 0.0000
0.3448 0.7931 0.0000 0.0000 0.0000
0.3448 0.8276 0.0000 0.0000 0.0000
0.3448 0.8621 0.0000 0.0000 0.0000
0.3448 0.8966 0.0000 0.0000 0.0000
0.3448 0.9310 0.0000 0.0000 0.0000
0.3448 0.9655 0.0000 0.0000 0.0000
0.3448 1.0000 0.0000 0.0000 0.0000

0.3793 0.0000 0.000000 1.000000 3.861118
0.3793 0.0345 0.044132 0.999026 3.489131
0.3793 0.0690 0.098532 0.995134 3.125554
0.3793 0.1034 0.166547 0.986034 2.773697
0.3793 0.1379 0.252573 0.967578 2.438638
0.3793 0.1724 0.361748 0.932276 2.128324
0.3793 0.2069 0.498001 0.867176 1.855216
0.3793 0.2414 0.658037 0.752986 1.638029
0.3793 0.2759 0.820569 0.571547 1.501234
0.3793 0.3103 0.944369 0.328888 1.467488
0.3793 0.3448 0.997583 0.069484 1.543564
0.3793 0.3793 0.987701 -0.156354 1.714909
0.3793 0.4138 0.944369 -0.328888 1.956651
0.3793 0.4483 0.891196 -0.453618 2.246176
0.3793 0.4828 0.839679 -0.543082 2.567369
0.3793 0.5172 0.793794 -0.608187 2.909761
0.3793 0.5517 0.754198 -0.656647 3.266694
0.3793 0.5862 0.720363 -0.693597 3.633885
0.3793 0.6207 0.691453 -0.722421 4.008516
0.3793 0.6552 0.0000 0.0000 0.0000
0.3793 0.6897 0.0000 0.0000 0.0000
0.3793 0.7241 0.0000 0.0000 0.0000
0.3793 0.7586 0.0000 0.0000 0.0000
0.3793 0.7931 0.0000 0.0000 0.0000
0.3793 0.8276 0.0000 0.0000 0.0000
0.3793 0.8621 0.0000 0.0000 0.0000
0.3793 0.8966 0.0000 0.0000 0.0000
0.3793 0.9310 0.0000 0.0000 0.0000
0.3793 0.9655 0.0000 0.0000 0.0000
0.3793 1.0000 0.0000 0.0000 0.0000

0.4138 0.0000 0.000000 1.000000 3.978122
0.4138 0.0345 0.047195 0.998886 3.572590
0.4138 0.0690 0.106142 0.994351 3.177044
0.4138 0.1034 0.180929 0.983496 2.795724
0.4138 0.1379 0.276939 0.960888 2.435323
0.4138 0.1724 0.400191 0.916432 2.106604
0.4138 0.2069 0.553799 0.832651 1.826752
0.4138 0.2414 0.727985 0.685593 1.621273
0.4138 0.2759 0.887053 0.461668 1.520620
0.4138 0.3103 0.981924 0.189275 1.545414
0.4138 0.3448 0.997601 -0.069227 1.690143
0.4138 0.3793 0.961988 -0.273092 1.927983
0.4138 0.4138 0.907584 -0.419870 2.229331
0.4138 0.4483 0.852236 -0.523158 2.571958
0.4138 0.4828 0.802496 -0.596657 2.941476
0.4138 0.5172 0.759740 -0.650226 3.328942
0.4138 0.5517 0.723495 -0.690330 3.728765
0.4138 0.5862 0.692796 -0.721133 4.137364
0.4138 0.6207 0.0000 0.0000 0.0000
0.4138 0.6552 0.0000 0.0000 0.0000
0.4138 0.6897 0.0000 0.0000 0.0000
0.4138 0.7241 0.0000 0.0000 0.0000
0.4138 0.7586 0.0000 0.0000 0.0000
0.4138 0.7931 0.0000 0.0000 0.0000
0.4138 0.8276 0.0000 0.0000 0.0000
0.4138 0.8621 0.0000 0.0000 0.0000
0.4138 0.8966 0.0000 0.0000 0.0000
0.4138 0.9310 0.0000 0.0000 0.0000
0.4138 0.9655 0.0000 0.0000 0.0000
0.4138 1.0000 0.0000 0.0000 0.0000

0.4483 0.0000 0.000000 1.000000 4.056124
0.4483 0.0345 0.050657 0.998716 3.617129
0.4483 0.0690 0.114882 0.993379 3.189967
0.4483 0.1034 0.197728 0.980257 2.780096
0.4483 0.1379 0.305849 0.952080 2.396405
0.4483 0.1724 0.446125 0.894971 2.053621
0.4483 0.2069 0.619175 0.785253 1.775597
0.4483 0.2414 0.803392 0.595450 1.596530
0.4483 0.2759 0.945066 0.326879 1.551081
0.4483 0.3103 0.999262 0.038403 1.650326
0.4483 0.3448 0.979138 -0.203198 1.871384
0.4483 0.3793 0.925652 -0.378376 2.177467
0.4483 0.4138 0.866357 -0.499425 2.537996
0.4483 0.4483 0.812164 -0.583430 2.932962
0.4483 0.4828 0.765708 -0.643189 3.350208
0.4483 0.5172 0.726665 -0.686992 3.782366
0.4483 0.5517 0.693927 -0.720045 4.224864
0.4483 0.5862 0.0000 0.0000 0.0000
0.4483 0.6207 0.0000 0.0000 0.0000
0.4483 0.6552 0.0000 0.0000 0.0000
0.4483 0.6897 0.0000 0.0000 0.0000
0.4483 0.7241 0.0000 0.0000 0.0000
0.4483 0.7586 0.0000 0.0000 0.0000
0.4483 0.7931 0.0000 0.0000 0.0000
0.4483 0.8276 0.0000 0.0000 0.0000
0.4483 0.8621 0.0000 0.0000 0.0000
0.4483 0.8966 0.0000 0.0000 0.0000
0.4483 0.9310 0.0000 0.0000 0.0000
0.4483 0.9655 0.0000 0.0000 0.0000
0.4483 1.0000 0.0000 0.0000 0.0000

0.4828 0.0000 0.000000 1.000000 4.095125
0.4828 0.0345 0.054616 0.998507 3.622768
0.4828 0.0690 0.125052 0.992150 3.164436
0.4828 0.1034 0.217651 0.976027 2.727211
0.4828 0.1379 0.340691 0.940175 2.323042
0.4828 0.1724 0.501583 0.865110 1.972354
0.4828 0.2069 0.694893 0.719114 1.708405
0.4828 0.2414 0.879144 0.476555 1.575416
0.4828 0.2759 0.985450 0.169966 1.606249
0.4828 0.3103 0.993454 -0.114231 1.792471
0.4828 0.3448 0.945337 -0.326096 2.093008
0.4828 0.3793 0.882436 -0.470433 2.466420
0.4828 0.4138 0.823117 -0.567872 2.884543
0.4828 0.4483 0.772291 -0.635269 3.330580
0.4828 0.4828 0.729975 -0.683474 3.794700
0.4828 0.5172 0.0000 0.0000 0.0000
0.4828 0.5517 0.0000 0.0000 0.0000
0.4828 0.5862 0.0000 0.0000 0.0000
0.4828 0.6207 0.0000 0.0000 0.0000
0.4828 0.6552 0.0000 0.0000 0.0000
0.4828 0.6897 0.0000 0.0000 0.0000
0.4828 0.7241 0.0000 0.0000 0.0000
0.4828 0.7586 0.0000 0.0000 0.0000
0.4828 0.7931 0.0000 0.0000 0.0000
0.4828 0.8276 0.0000 0.0000 0.0000
0.4828 0.8621 0.0000 0.0000 0.0000
0.4828 0.8966 0.0000 0.0000 0.0000
0.4828 0.9310 0.0000 0.0000 0.0000
0.4828 0.9655 0.0000 0.0000 0.0000
0.4828 1.0000 0.0000 0.0000 0.0000

0.5172 0.0000 0.000000 1.000000 4.095125
0.5172 0.0345 0.059196 0.998246 3.589529
0.5172 0.0690 0.137060 0.990563 3.100605
0.5172 0.1034 0.241676 0.970357 2.637641
0.5172 0.1379 0.383381 0.923590 2.216960
0.5172 0.1724 0.568945 0.822376 1.867361
0.5172 0.2069 0.779718 0.626131 1.635092
0.5172 0.2414 0.945570 0.325420 1.573016
0.5172 0.2759 1.000000 -0.000000 1.699881
0.5172 0.3103 0.965992 -0.258571 1.979691
0.5172 0.3448 0.900885 -0.434058 2.358627
0.5172 0.3793 0.835753 -0.549105 2.796682
0.5172 0.4138 0.779718 -0.626131 3.270184
0.5172 0.4483 0.733527 -0.679660 3.765785
0.5172 0.4828 0.0000 0.0000 0.0000
0.5172 0.5172 0.0000 0.0000 0.0000
0.5172 0.5517 0.0000 0.0000 0.0000
0.5172 0.5862 0.0000 0.0000 0.0000
0.5172 0.6207 0.0000 0.0000 0.0000
0.5172 0.6552 0.0000 0.0000 0.0000
0.5172 0.6897 0.0000 0.0000 0.0000
0.5172 0.7241 0.0000 0.0000 0.0000
0.5172 0.7586 0.0000 0.0000 0.0000
0.5172 0.7931 0.0000 0.0000 0.0000
0.5172 0.8276 0.0000 0.0000 0.0000
0.5172 0.8621 0.0000 0.0000 0.0000
0.5172 0.8966 0.0000 0.0000 0.0000
0.5172 0.9310 0.0000 0.0000 0.0000
0.5172 0.9655 0.0000 0.0000 0.0000
0.5172 1.0000 0.0000 0.0000 0.0000

0.5517 0.0000 0.000000 1.000000 4.056124
0.5517 0.0345 0.064567 0.997913 3.517447
0.5517 0.0690 0.151473 0.988461 2.998691
0.5517 0.1034 0.271206 0.962521 2.512229
0.5517 0.1379 0.436576 0.899667 2.080833
0.5517 0.1724 0.650444 0.759555 1.745813
0.5517 0.2069 0.867870 0.496791 1.570124
0.5517 0.2414 0.989340 0.145626 1.606904
0.5517 0.2759 0.985573 -0.169250 1.843480
0.5517 0.3103 0.922055 -0.387059 2.216783
0.5517 0.3448 0.850580 -0.525846 2.670067
0.5517 0.3793 0.788280 -0.615316 3.169198
0.5517 0.4138 0.737443 -0.675410 3.695647
0.5517 0.4483 0.696453 -0.717602 4.239247
0.5517 0.4828 0.0000 0.0000 0.0000
0.5517 0.5172 0.0000 0.0000 0.0000
0.5517 0.5517 0.0000 0.0000 0.0000
0.5517 0.5862 0.0000 0.0000 0.0000
0.5517 0.6207 0.0000 0.0000 0.0000
0.5517 0.6552 0.0000 0.0000 0.0000
0.5517 0.6897 0.0000 0.0000 0.0000
0.5517 0.7241 0.0000 0.0000 0.0000
0.5517 0.7586 0.0000 0.0000 0.0000
0.5517 0.7931 0.0000 0.0000 0.0000
0.5517 0.8276 0.0000 0.0000 0.0000
0.5517 0.8621 0.0000 0.0000 0.0000
0.5517 0.8966 0.0000 0.0000 0.0000
0.5517 0.9310 0.0000 0.0000 0.0000
0.5517 0.9655 0.0000 0.0000 0.0000
0.5517 1.0000 0.0000 0.0000 0.0000

0.5862 0.0000 0.000000 1.000000 3.978122
0.5862 0.0345 0.070962 0.997479 3.406567
0.5862 0.0690 0.169105 0.985598 2.859011
0.5862 0.1034 0.308301 0.951289 2.352275
0.5862 0.1379 0.503886 0.863770 1.918972
0.5862 0.1724 0.746481 0.665407 1.619171
0.5862 0.2069 0.945950 0.324312 1.533291
0.5862 0.2414 0.998803 -0.048919 1.694181
0.5862 0.2759 0.945950 -0.324312 2.044387
0.5862 0.3103 0.868252 -0.496124 2.505753
0.5862 0.3448 0.798367 -0.602172 3.027883
0.5862 0.3793 0.741869 -0.670545 3.584321
0.5862 0.4138 0.697093 -0.716981 4.161327
0.5862 0.4483 0.0000 0.0000 0.0000
0.5862 0.4828 0.0000 0.0000 0.0000
0.5862 0.5172 0.0000 0.0000 0.0000
0.5862 0.5517 0.0000 0.0000 0.0000
0.5862 0.5862 0.0000 0.0000 0.0000
0.5862 0.6207 0.0000 0.0000 0.0000
0.5862 0.6552 0.0000 0.0000 0.0000
0.5862 0.6897 0.0000 0.0000 0.0000
0.5862 0.7241 0.0000 0.0000 0.0000
0.5862 0.7586 0.0000 0.0000 0.0000
0.5862 0.7931 0.0000 0.0000 0.0000
0.5862 0.8276 0.0000 0.0000 0.0000
0.5862 0.8621 0.0000 0.0000 0.0000
0.5862 0.8966 0.0000 0.0000 0.0000
0.5862 0.9310 0.0000 0.0000 0.0000
0.5862 0.9655 0.0000 0.0000 0.0000
0.5862 1.0000 0.0000 0.0000 0.0000

0.6207 0.0000 0.000000 1.000000 3.861118
0.6207 0.0345 0.078712 0.996897 3.256954
0.6207 0.0690 0.191169 0.981557 2.682045
0.6207 0.1034 0.356078 0.934456 2.159878
0.6207 0.1379 0.589797 0.807551 1.738642
0.6207 0.1724 0.851371 0.524564 1.505581
0.6207 0.2069 0.993553 0.113365 1.548149
0.6207 0.2414 0.971386 -0.237504 1.847391
0.6207 0.2759 0.889590 -0.456761 2.305436
0.6207 0.3103 0.810521 -0.585710 2.846631
0.6207 0.3448 0.747004 -0.664820 3.431863
0.6207 0.3793 0.697660 -0.716429 4.042047
0.6207 0.4138 0.0000 0.0000 0.0000
0.6207 0.4483 0.0000 0.0000 0.0000
0.6207 0.4828 0.0000 0.0000 0.0000
0.6207 0.5172 0.0000 0.0000 0.0000
0.6207 0.5517 0.0000 0.0000 0.0000
0.6207 0.5862 0.0000 0.0000 0.0000
0.6207 0.6207 0.0000 0.0000 0.0000
0.6207 0.6552 0.0000 0.0000 0.0000
0.6207 0.6897 0.0000 0.0000 0.0000
0.6207 0.7241 0.0000 0.0000 0.0000
0.6207 0.7586 0.0000 0.0000 0.0000
0.6207 0.7931 0.0000 0.0000 0.0000
0.6207 0.8276 0.0000 0.0000 0.0000
0.6207 0.8621 0.0000 0.0000 0.0000
0.6207 0.8966 0.0000 0.0000 0.0000
0.6207 0.9310 0.0000 0.0000 0.0000
0.6207 0.9655 0.0000 0.0000 0.0000
0.6207 1.0000 0.0000 0.0000 0.0000

0.6552 0.0000 0.000000 1.000000 3.705113
0.6552 0.0345 0.088307 0.996093 3.068707
0.6552 0.0690 0.219551 0.975601 2.468554
0.6552 0.1034 0.419350 0.907825 1.938622
0.6552 0.1379 0.698167 0.715935 1.552563
0.6552 0.1724 0.946248 0.323443 1.431903
0.6552 0.2069 0.993571 -0.113206 1.636441
0.6552 0.2414 0.915491 -0.402339 2.072012
0.6552 0.2759 0.825529 -0.564359 2.626067
0.6552 0.3103 0.753125 -0.657878 3.238352
0.6552 0.3448 0.698167 -0.715935 3.881406
0.6552 0.3793 0.0000 0.0000 0.0000
0.6552 0.4138 0.0000 0.0000 0.0000
0.6552 0.4483 0.0000 0.0000 0.0000
0.6552 0.4828 0.0000 0.0000 0.0000
0.6552 0.5172 0.0000 0.0000 0.0000
0.6552 0.5517 0.0000 0.0000 0.0000
0.6552 0.5862 0.0000 0.0000 0.0000
0.6552 0.6207 0.0000 0.0000 0.0000
0.6552 0.6552 0.0000 0.0000 0.0000
0.6552 0.6897 0.0000 0.0000 0.0000
0.6552 0.7241 0.0000 0.0000 0.0000
0.6552 0.7586 0.0000 0.0000 0.0000
0.6552 0.7931 0.0000 0.0000 0.0000
0.6552 0.8276 0.0000 0.0000 0.0000
0.6552 0.8621 0.0000 0.0000 0.0000
0.6552 0.8966 0.0000 0.0000 0.0000
0.6552 0.9310 0.0000 0.0000 0.0000
0.6552 0.9655 0.0000 0.0000 0.0000
0.6552 1.0000 0.0000 0.0000 0.0000

0.6897 0.0000 0.000000 1.000000 3.510107
0.6897 0.0345 0.100498 0.994937 2.841975
0.6897 0.0690 0.257329 0.966324 2.219821
0.6897 0.1034 0.505493 0.862831 1.695054
0.6897 0.1379 0.825863 0.563870 1.383339
0.6897 0.1724 0.997677 0.068118 1.431387
0.6897 0.2069 0.946373 -0.323075 1.810780
0.6897 0.2414 0.844566 -0.535451 2.367235
0.6897 0.2759 0.760641 -0.649173 3.003913
0.6897 0.3103 0.0000 0.0000 0.0000
0.6897 0.3448 0.0000 0.0000 0.0000
0.6897 0.3793 0.0000 0.0000 0.0000
0.6897 0.4138 0.0000 0.0000 0.0000
0.6897 0.4483 0.0000 0.0000 0.0000
0.6897 0.4828 0.0000 0.0000 0.0000
0.6897 0.5172 0.0000 0.0000 0.0000
0.6897 0.5517 0.0000 0.0000 0.0000
0.6897 0.5862 0.0000 0.0000 0.0000
0.6897 0.6207 0.0000 0.0000 0.0000
0.6897 0.6552 0.0000 0.0000 0.0000
0.6897 0.6897 0.0000 0.0000 0.0000
0.6897 0.7241 0.0000 0.0000 0.0000
0.6897 0.7586 0.0000 0.0000 0.0000
0.6897 0.7931 0.0000 0.0000 0.0000
0.6897 0.8276 0.0000 0.0000 0.0000
0.6897 0.8621 0.0000 0.0000 0.0000
0.6897 0.8966 0.0000 0.0000 0.0000
0.6897 0.9310 0.0000 0.0000 0.0000
0.6897 0.9655 0.0000 0.0000 0.0000
0.6897 1.0000 0.0000 0.0000 0.0000

0.7241 0.0000 0.000000 1.000000 3.276100
0.7241 0.0345 0.116507 0.993190 2.577003
0.7241 0.0690 0.309816 0.950797 1.938171
0.7241 0.1034 0.624605 0.780941 1.442054
0.7241 0.1379 0.946487 0.322743 1.268852
0.7241 0.1724 0.979706 -0.200442 1.532286
0.7241 0.2069 0.869406 -0.494098 2.072020
0.7241 0.2414 0.770193 -0.637811 2.728752
0.7241 0.2759 0.699033 -0.715090 3.436038
0.7241 0.3103 0.0000 0.0000 0.0000
0.7241 0.3448 0.0000 0.0000 0.0000
0.7241 0.3793 0.0000 0.0000 0.0000
0.7241 0.4138 0.0000 0.0000 0.0000
0.7241 0.4483 0.0000 0.0000 0.0000
0.7241 0.4828 0.0000 0.0000 0.0000
0.7241 0.5172 0.0000 0.0000 0.0000
0.7241 0.5517 0.0000 0.0000 0.0000
0.7241 0.5862 0.0000 0.0000 0.0000
0.7241 0.6207 0.0000 0.0000 0.0000
0.7241 0.6552 0.0000 0.0000 0.0000
0.7241 0.6897 0.0000 0.0000 0.0000
0.7241 0.7241 0.0000 0.0000 0.0000
0.7241 0.7586 0.0000 0.0000 0.0000
0.7241 0.7931 0.0000 0.0000 0.0000
0.7241 0.8276 0.0000 0.0000 0.0000
0.7241 0.8621 0.0000 0.0000 0.0000
0.7241 0.8966 0.0000 0.0000 0.0000
0.7241 0.9310 0.0000 0.0000 0.0000
0.7241 0.9655 0.0000 0.0000 0.0000
0.7241 1.0000 0.0000 0.0000 0.0000

0.7586 0.0000 0.000000 1.000000 3.003092
0.7586 0.0345 0.138449 0.990370 2.274220
0.7586 0.0690 0.386751 0.922184 1.628249
0.7586 0.1034 0.782845 0.622216 1.206611
0.7586 0.1379 1.000000 0.000000 1.259453
0.7586 0.1724 0.902616 -0.430447 1.744171
0.7586 0.2069 0.782845 -0.622216 2.413222
0.7586 0.2414 0.699406 -0.714725 3.151308
0.7586 0.2759 0.0000 0.0000 0.0000
0.7586 0.3103 0.0000 0.0000 0.0000
0.7586 0.3448 0.0000 0.0000 0.0000
0.7586 0.3793 0.0000 0.0000 0.0000
0.7586 0.4138 0.0000 0.0000 0.0000
0.7586 0.4483 0.0000 0.0000 0.0000
0.7586 0.4828 0.0000 0.0000 0.0000
0.7586 0.5172 0.0000 0.0000 0.0000
0.7586 0.5517 0.0000 0.0000 0.0000
0.7586 0.5862 0.0000 0.0000 0.0000
0.7586 0.6207 0.0000 0.0000 0.0000
0.7586 0.6552 0.0000 0.0000 0.0000
0.7586 0.6897 0.0000 0.0000 0.0000
0.7586 0.7241 0.0000 0.0000 0.0000
0.7586 0.7586 0.0000 0.0000 0.0000
0.7586 0.7931 0.0000 0.0000 0.0000
0.7586 0.8276 0.0000 0.0000 0.0000
0.7586 0.8621 0.0000 0.0000 0.0000
0.7586 0.8966 0.0000 0.0000 0.0000
0.7586 0.9310 0.0000 0.0000 0.0000
0.7586 0.9655 0.0000 0.0000 0.0000
0.7586 1.0000 0.0000 0.0000 0.0000

0.7931 0.0000 0.000000 1.000000 2.691082
0.7931 0.0345 0.170327 0.985388 1.934450
0.7931 0.0690 0.506676 0.862136 1.300588
0.7931 0.1034 0.946683 0.322166 1.044136
0.7931 0.1379 0.946683 -0.322166 1.392182
0.7931 0.1724 0.800506 -0.599325 2.058003
0.7931 0.2069 0.0000 0.0000 0.0000
0.7931 0.2414 0.0000 0.0000 0.0000
0.7931 0.2759 0.0000 0.0000 0.0000
0.7931 0.3103 0.0000 0.0000 0.0000
0.7931 0.3448 0.0000 0.0000 0.0000
0.7931 0.3793 0.0000 0.0000 0.0000
0.7931 0.4138 0.0000 0.0000 0.0000
0.7931 0.4483 0.0000 0.0000 0.0000
0.7931 0.4828 0.0000 0.0000 0.0000
0.7931 0.5172 0.0000 0.0000 0.0000
0.7931 0.5517 0.0000 0.0000 0.0000
0.7931 0.5862 0.0000 0.0000 0.0000
0.7931 0.6207 0.0000 0.0000 0.0000
0.7931 0.6552 0.0000 0.0000 0.0000
0.7931 0.6897 0.0000 0.0000 0.0000
0.7931 0.7241 0.0000 0.0000 0.0000
0.7931 0.7586 0.0000 0.0000 0.0000
0.7931 0.7931 0.0000 0.0000 0.0000
0.7931 0.8276 0.0000 0.0000 0.0000
0.7931 0.8621 0.0000 0.0000 0.0000
0.7931 0.8966 0.0000 0.0000 0.0000
0.7931 0.9310 0.0000 0.0000 0.0000
0.7931 0.9655 0.0000 0.0000 0.0000
0.7931 1.0000 0.0000 0.0000 0.0000

0.8276 0.0000 0.000000 1.000000 2.340071
0.8276 0.0345 0.220659 0.975351 1.559486
0.8276 0.0690 0.700057 0.714087 0.983103
0.8276 0.1034 0.993638 -0.112617 1.038952
0.8276 0.1379 0.826916 -0.562326 1.664567
0.8276 0.1724 0.700057 -0.714087 2.457759
0.8276 0.2069 0.0000 0.0000 0.0000
0.8276 0.2414 0.0000 0.0000 0.0000
0.8276 0.2759 0.0000 0.0000 0.0000
0.8276 0.3103 0.0000 0.0000 0.0000
0.8276 0.3448 0.0000 0.0000 0.0000
0.8276 0.3793 0.0000 0.0000 0.0000
0.8276 0.4138 0.0000 0.0000 0.0000
0.8276 0.4483 0.0000 0.0000 0.0000
0.8276 0.4828 0.0000 0.0000 0.0000
0.8276 0.5172 0.0000 0.0000 0.0000
0.8276 0.5517 0.0000 0.0000 0.0000
0.8276 0.5862 0.0000 0.0000 0.0000
0.8276 0.6207 0.0000 0.0000 0.0000
0.8276 0.6552 0.0000 0.0000 0.0000
0.8276 0.6897 0.0000 0.0000 0.0000
0.8276 0.7241 0.0000 0.0000 0.0000
0.8276 0.7586 0.0000 0.0000 0.0000
0.8276 0.7931 0.0000 0.0000 0.0000
0.8276 0.8276 0.0000 0.0000 0.0000
0.8276 0.8621 0.0000 0.0000 0.0000
0.8276 0.8966 0.0000 0.0000 0.0000
0.8276 0.9310 0.0000 0.0000 0.0000
0.8276 0.9655 0.0000 0.0000 0.0000
0.8276 1.0000 0.0000 0.0000 0.0000

0.8621 0.0000 0.000000 1.000000 1.950060
0.8621 0.0345 0.310844 0.950461 1.154081
0.8621 0.0690 0.946847 0.321683 0.757756
0.8621 0.1034 0.870183 -0.492729 1.236773
0.8621 0.1379 0.700343 -0.713807 2.048937
0.8621 0.1724 0.0000 0.0000 0.0000
0.8621 0.2069 0.0000 0.0000 0.0000
0.8621 0.2414 0.0000 0.0000 0.0000
0.8621 0.2759 0.0000 0.0000 0.0000
0.8621 0.3103 0.0000 0.0000 0.0000
0.8621 0.3448 0.0000 0.0000 0.0000
0.8621 0.3793 0.0000 0.0000 0.0000
0.8621 0.4138 0.0000 0.0000 0.0000
0.8621 0.4483 0.0000 0.0000 0.0000
0.8621 0.4828 0.0000 0.0000 0.0000
0.8621 0.5172 0.0000 0.0000 0.0000
0.8621 0.5517 0.0000 0.0000 0.0000
0.8621 0.5862 0.0000 0.0000 0.0000
0.8621 0.6207 0.0000 0.0000 0.0000
0.8621 0.6552 0.0000 0.0000 0.0000
0.8621 0.6897 0.0000 0.0000 0.0000
0.8621 0.7241 0.0000 0.0000 0.0000
0.8621 0.7586 0.0000 0.0000 0.0000
0.8621 0.7931 0.0000 0.0000 0.0000
0.8621 0.8276 0.0000 0.0000 0.0000
0.8621 0.8621 0.0000 0.0000 0.0000
0.8621 0.8966 0.0000 0.0000 0.0000
0.8621 0.9310 0.0000 0.0000 0.0000
0.8621 0.9655 0.0000 0.0000 0.0000
0.8621 1.0000 0.0000 0.0000 0.0000

0.8966 0.0000 0.000000 1.000000 1.521046
0.8966 0.0345 0.507585 0.861602 0.735571
0.8966 0.0690 0.946920 -0.321470 0.788589
0.8966 0.1034 0.0000 0.0000 0.0000
0.8966 0.1379 0.0000 0.0000 0.0000
0.8966 0.1724 0.0000 0.0000 0.0000
0.8966 0.2069 0.0000 0.0000 0.0000
0.8966 0.2414 0.0000 0.0000 0.0000
0.8966 0.2759 0.0000 0.0000 0.0000
0.8966 0.3103 0.0000 0.0000 0.0000
0.8966 0.3448 0.0000 0.0000 0.0000
0.8966 0.3793 0.0000 0.0000 0.0000
0.8966 0.4138 0.0000 0.0000 0.0000
0.8966 0.4483 0.0000 0.0000 0.0000
0.8966 0.4828 0.0000 0.0000 0.0000
0.8966 0.5172 0.0000 0.0000 0.0000
0.8966 0.5517 0.0000 0.0000 0.0000
0.8966 0.5862 0.0000 0.0000 0.0000
0.8966 0.6207 0.0000 0.0000 0.0000
0.8966 0.6552 0.0000 0.0000 0.0000
0.8966 0.6897 0.0000 0.0000 0.0000
0.8966 0.7241 0.0000 0.0000 0.0000
0.8966 0.7586 0.0000 0.0000 0.0000
0.8966 0.7931 0.0000 0.0000 0.0000
0.8966 0.8276 0.0000 0.0000 0.0000
0.8966 0.8621 0.0000 0.0000 0.0000
0.8966 0.8966 0.0000 0.0000 0.0000
0.8966 0.9310 0.0000 0.0000 0.0000
0.8966 0.9655 0.0000 0.0000 0.0000
0.8966 1.0000 0.0000 0.0000 0.0000

0.9310 0.0000 0.000000 1.000000 1.053032
0.9310 0.0345 0.946987 0.321273 0.409711
0.9310 0.0690 0.700851 -0.713308 1.107199
0.9310 0.1034 0.0000 0.0000 0.0000
0.9310 0.1379 0.0000 0.0000 0.0000
0.9310 0.1724 0.0000 0.0000 0.0000
0.9310 0.2069 0.0000 0.0000 0.0000
0.9310 0.2414 0.0000 0.0000 0.0000
0.9310 0.2759 0.0000 0.0000 0.0000
0.9310 0.3103 0.0000 0.0000 0.0000
0.9310 0.3448 0.0000 0.0000 0.0000
0.9310 0.3793 0.0000 0.0000 0.0000
0.9310 0.4138 0.0000 0.0000 0.0000
0.9310 0.4483 0.0000 0.0000 0.0000
0.9310 0.4828 0.0000 0.0000 0.0000
0.9310 0.5172 0.0000 0.0000 0.0000
0.9310 0.5517 0.0000 0.0000 0.0000
0.9310 0.5862 0.0000 0.0000 0.0000
0.9310 0.6207 0.0000 0.0000 0.0000
0.9310 0.6552 0.0000 0.0000 0.0000
0.9310 0.6897 0.0000 0.0000 0.0000
0.9310 0.7241 0.0000 0.0000 0.0000
0.9310 0.7586 0.0000 0.0000 0.0000
0.9310 0.7931 0.0000 0.0000 0.0000
0.9310 0.8276 0.0000 0.0000 0.0000
0.9310 0.8621 0.0000 0.0000 0.0000
0.9310 0.8966 0.0000 0.0000 0.0000
0.9310 0.9310 0.0000 0.0000 0.0000
0.9310 0.9655 0.0000 0.0000 0.0000
0.9310 1.0000 0.0000 0.0000 0.0000

0.9655 0.0000 0.000000 1.000000 0.546017
0.9655 0.0345 0.0000 0.0000 0.0000
0.9655 0.0690 0.0000 0.0000 0.0000
0.9655 0.1034 0.0000 0.0000 0.0000
0.9655 0.1379 0.0000 0.0000 0.0000
0.9655 0.1724 0.0000 0.0000 0.0000
0.9655 0.2069 0.0000 0.0000 0.0000
0.9655 0.2414 0.0000 0.0000 0.0000
0.9655 0.2759 0.0000 0.0000 0.0000
0.9655 0.3103 0.0000 0.0000 0.0000
0.9655 0.3448 0.0000 0.0000 0.0000
0.9655 0.3793 0.0000 0.0000 0.0000
0.9655 0.4138 0.0000 0.0000 0.0000
0.9655 0.4483 0.0000 0.0000 0.0000
0.9655 0.4828 0.0000 0.0000 0.0000
0.9655 0.5172 0.0000 0.0000 0.0000
0.9655 0.5517 0.0000 0.0000 0.0000
0.9655 0.5862 0.0000 0.0000 0.0000
0.9655 0.6207 0.0000 0.0000 0.0000
0.9655 0.6552 0.0000 0.0000 0.0000
0.9655 0.6897 0.0000 0.0000 0.0000
0.9655 0.7241 0.0000 0.0000 0.0000
0.9655 0.7586 0.0000 0.0000 0.0000
0.9655 0.7931 0.0000 0.0000 0.0000
0.9655 0.8276 0.0000 0.0000 0.0000
0.9655 0.8621 0.0000 0.0000 0.0000
0.9655 0.8966 0.0000 0.0000 0.0000
0.9655 0.9310 0.0000 0.0000 0.0000
0.9655 0.9655 0.0000 0.0000 0.0000
0.9655 1.0000 0.0000 0.0000 0.0000

1.0000 0.0000 0.000000 0.000000 0.000000
1.0000 0.0345 0.0000 0.0000 0.0000
1.0000 0.0690 0.0000 0.0000 0.0000
1.0000 0.1034 0.0000 0.0000 0.0000
1.0000 0.1379 0.0000 0.0000 0.0000
1.0000 0.1724 0.0000 0.0000 0.0000
1.0000 0.2069 0.0000 0.0000 0.0000
1.0000 0.2414 0.0000 0.0000 0.0000
1.0000 0.2759 0.0000 0.0000 0.0000
1.0000 0.3103 0.0000 0.0000 0.0000
1.0000 0.3448 0.0000 0.0000 0.0000
1.0000 0.3793 0.0000 0.0000 0.0000
1.0000 0.4138 0.0000 0.0000 0.0000
1.0000 0.4483 0.0000 0.0000 0.0000
1.0000 0.4828 0.0000 0.0000 0.0000
1.0000 0.5172 0.0000 0.0000 0.0000
1.0000 0.5517 0.0000 0.0000 0.0000
1.0000 0.5862 0.0000 0.0000 0.0000
1.0000 0.6207 0.0000 0.0000 0.0000
1.0000 0.6552 0.0000 0.0000 0.0000
1.0000 0.6897 0.0000 0.0000 0.0000
1.0000 0.7241 0.0000 0.0000 0.0000
1.0000 0.7586 0.0000 0.0000 0.0000
1.0000 0.7931 0.0000 0.0000 0.0000
1.0000 0.8276 0.0000 0.0000 0.0000
1.0000 0.8621 0.0000 0.0000 0.0000
1.0000 0.8966 0.0000 0.0000 0.0000
1.0000 0.9310 0.0000 0.0000 0.0000
1.0000 0.9655 0.0000 0.0000 0.0000
1.0000 1.0000 0.0000 0.0000 0.0000

