0.0000 0.0000 0.0000 0.0000 0.0000
0.0000 0.0345 0.0000 0.0000 0.0000
0.0000 0.0690 0.0000 0.0000 0.0000
0.0000 0.1034 0.0000 0.0000 0.0000
0.0000 0.1379 0.0000 0.0000 0.0000
0.0000 0.1724 0.0000 0.0000 0.0000
0.0000 0.2069 0.0000 0.0000 0.0000
0.0000 0.2414 0.0000 0.0000 0.0000
0.0000 0.2759 0.0000 0.0000 0.0000
0.0000 0.3103 0.0000 0.0000 0.0000
0.0000 0.3448 0.0000 0.0000 0.0000
0.0000 0.3793 0.0000 0.0000 0.0000
0.0000 0.4138 0.0000 0.0000 0.0000
0.0000 0.4483 0.0000 0.0000 0.0000
0.0000 0.4828 0.0000 0.0000 0.0000
0.0000 0.5172 0.0000 0.0000 0.0000
0.0000 0.5517 0.0000 0.0000 0.0000
0.0000 0.5862 0.0000 0.0000 0.0000
0.0000 0.6207 0.0000 0.0000 0.0000
0.0000 0.6552 0.0000 0.0000 0.0000
0.0000 0.6897 0.0000 0.0000 0.0000
0.0000 0.7241 0.0000 0.0000 0.0000
0.0000 0.7586 0.0000 0.0000 0.0000
0.0000 0.7931 0.0000 0.0000 0.0000
0.0000 0.8276 0.0000 0.0000 0.0000
0.0000 0.8621 0.0000 0.0000 0.0000
0.0000 0.8966 0.0000 0.0000 0.0000
0.0000 0.9310 0.0000 0.0000 0.0000
0.0000 0.9655 0.0000 0.0000 0.0000
0.0000 1.0000 0.0000 0.0000 0.0000

0.0345 0.0000 0.0000 0.0000 0.0000
0.0345 0.0345 -0.032787 0.999462 0.112427
0.0345 0.0690 -0.070122 0.997538 0.105134
0.0345 0.1034 -0.112828 0.993615 0.098010
0.0345 0.1379 -0.161858 0.986814 0.091094
0.0345 0.1724 -0.218272 0.975888 0.084438
0.0345 0.2069 -0.283155 0.959074 0.078107
0.0345 0.2414 -0.357433 0.933939 0.072189
0.0345 0.2759 -0.441508 0.897257 0.066791
0.0345 0.3103 -0.534642 0.845079 0.062051
0.0345 0.3448 -0.634128 0.773228 0.058128
0.0345 0.3793 -0.734556 0.678548 0.055199
0.0345 0.4138 -0.827919 0.560848 0.053427
0.0345 0.4483 -0.905378 0.424607 0.052927
0.0345 0.4828 -0.960346 0.278810 0.053736
0.0345 0.5172 -0.990947 0.134257 0.055796
0.0345 0.5517 -1.000000 0.000000 0.058977
0.0345 0.5862 -0.992930 -0.118699 0.063110
0.0345 0.6207 -0.975441 -0.220261 0.068020
0.0345 0.6552 -0.952180 -0.305538 0.073553
0.0345 0.6897 -0.926401 -0.376537 0.079579
0.0345 0.7241 -0.900159 -0.435561 0.085994
0.0345 0.7586 -0.874641 -0.484772 0.092717
0.0345 0.7931 -0.850468 -0.526026 0.099686
0.0345 0.8276 -0.827919 -0.560848 0.106854
0.0345 0.8621 -0.807067 -0.590460 0.114182
0.0345 0.8966 -0.787876 -0.615834 0.121641
0.0345 0.9310 -0.770254 -0.637737 0.129210
0.0345 0.9655 0.0000 0.0000 0.0000
0.0345 1.0000 0.0000 0.0000 0.0000

0.0690 0.0000 0.0000 0.0000 0.0000
0.0690 0.0345 -0.002200 0.999998 0.216172
0.0690 0.0690 -0.004728 0.999989 0.201191
0.0690 0.1034 -0.007663 0.999971 0.186212
0.0690 0.1379 -0.011110 0.999938 0.171235
0.0690 0.1724 -0.015219 0.999884 0.156261
0.0690 0.2069 -0.020198 0.999796 0.141289
0.0690 0.2414 -0.026356 0.999653 0.126322
0.0690 0.2759 -0.034168 0.999416 0.111361
0.0690 0.3103 -0.044401 0.999014 0.096409
0.0690 0.3448 -0.058380 0.998294 0.081471
0.0690 0.3793 -0.078609 0.996906 0.066556
0.0690 0.4138 -0.110431 0.993884 0.051684
0.0690 0.4483 -0.167533 0.985867 0.036907
0.0690 0.4828 -0.297066 0.954857 0.022415
0.0690 0.5172 -0.743294 0.668965 0.009598
0.0690 0.5517 -0.664364 -0.747409 0.011455
0.0690 0.5862 -0.324813 -0.945778 0.024893
0.0690 0.6207 -0.216930 -0.976187 0.039465
0.0690 0.6552 -0.166531 -0.986036 0.054265
0.0690 0.6897 -0.137568 -0.990492 0.069147
0.0690 0.7241 -0.118811 -0.992917 0.084068
0.0690 0.7586 -0.105685 -0.994400 0.099009
0.0690 0.7931 -0.095991 -0.995382 0.113963
0.0690 0.8276 -0.088540 -0.996073 0.128925
0.0690 0.8621 -0.082635 -0.996580 0.143893
0.0690 0.8966 -0.077841 -0.996966 0.158865
0.0690 0.9310 0.0000 0.0000 0.0000
0.0690 0.9655 0.0000 0.0000 0.0000
0.0690 1.0000 0.0000 0.0000 0.0000

0.1034 0.0000 0.0000 0.0000 0.0000
0.1034 0.0345 0.008782 0.999961 0.311427
0.1034 0.0690 0.018927 0.999821 0.288994
0.1034 0.1034 0.030775 0.999526 0.266595
0.1034 0.1379 0.044789 0.998996 0.244240
0.1034 0.1724 0.061611 0.998100 0.221944
0.1034 0.2069 0.082159 0.996619 0.199724
0.1034 0.2414 0.107786 0.994174 0.177610
0.1034 0.2759 0.140566 0.990071 0.155648
0.1034 0.3103 0.183806 0.982963 0.133911
0.1034 0.3448 0.243033 0.970018 0.112530
0.1034 0.3793 0.327867 0.944724 0.091754
0.1034 0.4138 0.455111 0.890435 0.072110
0.1034 0.4483 0.648466 0.761243 0.054826
0.1034 0.4828 0.893315 0.449432 0.042860
0.1034 0.5172 0.996952 -0.078022 0.041148
0.1034 0.5517 0.862416 -0.506201 0.050738
0.1034 0.5862 0.694563 -0.719432 0.066937
0.1034 0.6207 0.571793 -0.820398 0.086093
0.1034 0.6552 0.487346 -0.873209 0.106622
0.1034 0.6897 0.427767 -0.903889 0.127866
0.1034 0.7241 0.384107 -0.923289 0.149520
0.1034 0.7586 0.350971 -0.936386 0.171428
0.1034 0.7931 0.325063 -0.945692 0.193505
0.1034 0.8276 0.304296 -0.952578 0.215699
0.1034 0.8621 0.287302 -0.957840 0.237976
0.1034 0.8966 0.0000 0.0000 0.0000
0.1034 0.9310 0.0000 0.0000 0.0000
0.1034 0.9655 0.0000 0.0000 0.0000
0.1034 1.0000 0.0000 0.0000 0.0000

0.1379 0.0000 0.0000 0.0000 0.0000
0.1379 0.0345 0.014933 0.999889 0.398142
0.1379 0.0690 0.032283 0.999479 0.368325
0.1379 0.1034 0.052669 0.998612 0.338639
0.1379 0.1379 0.076932 0.997036 0.309121
0.1379 0.1724 0.106233 0.994341 0.279824
0.1379 0.2069 0.142218 0.989835 0.250825
0.1379 0.2414 0.187260 0.982310 0.222243
0.1379 0.2759 0.244839 0.969564 0.194260
0.1379 0.3103 0.320066 0.947395 0.167177
0.1379 0.3448 0.420124 0.907467 0.141513
0.1379 0.3793 0.553306 0.832978 0.118196
0.1379 0.4138 0.721387 0.692532 0.098898
0.1379 0.4483 0.894977 0.446112 0.086359
0.1379 0.4828 0.994752 0.102317 0.083673
0.1379 0.5172 0.972387 -0.233373 0.091712
0.1379 0.5517 0.879905 -0.475149 0.108108
0.1379 0.5862 0.779077 -0.626928 0.129731
0.1379 0.6207 0.693109 -0.720833 0.154399
0.1379 0.6552 0.624535 -0.780997 0.180872
0.1379 0.6897 0.570396 -0.821370 0.208462
0.1379 0.7241 0.527288 -0.849687 0.236780
0.1379 0.7586 0.492470 -0.870329 0.265593
0.1379 0.7931 0.463917 -0.885879 0.294756
0.1379 0.8276 0.440157 -0.897921 0.324173
0.1379 0.8621 0.0000 0.0000 0.0000
0.1379 0.8966 0.0000 0.0000 0.0000
0.1379 0.9310 0.0000 0.0000 0.0000
0.1379 0.9655 0.0000 0.0000 0.0000
0.1379 1.0000 0.0000 0.0000 0.0000

0.1724 0.0000 0.0000 0.0000 0.0000
0.1724 0.0345 0.019222 0.999815 0.476307
0.1724 0.0690 0.041698 0.999130 0.439145
0.1724 0.1034 0.068285 0.997666 0.402247
0.1724 0.1379 0.100148 0.994973 0.365691
0.1724 0.1724 0.138896 0.990307 0.329592
0.1724 0.2069 0.186778 0.982402 0.294118
0.1724 0.2414 0.246953 0.969027 0.259524
0.1724 0.2759 0.323787 0.946130 0.226217
0.1724 0.3103 0.422885 0.906183 0.194856
0.1724 0.3448 0.549748 0.835331 0.166545
0.1724 0.3793 0.703775 0.710423 0.143105
0.1724 0.4138 0.863372 0.504568 0.127256
0.1724 0.4483 0.975657 0.219303 0.121995
0.1724 0.4828 0.996533 -0.083198 0.128627
0.1724 0.5172 0.943667 -0.330896 0.145535
0.1724 0.5517 0.863372 -0.504568 0.169675
0.1724 0.5862 0.784422 -0.620227 0.198424
0.1724 0.6207 0.716349 -0.697742 0.230061
0.1724 0.6552 0.660068 -0.751206 0.263548
0.1724 0.6897 0.613941 -0.789352 0.298262
0.1724 0.7241 0.575970 -0.817471 0.333822
0.1724 0.7586 0.544423 -0.838811 0.369982
0.1724 0.7931 0.517932 -0.855422 0.406583
0.1724 0.8276 0.0000 0.0000 0.0000
0.1724 0.8621 0.0000 0.0000 0.0000
0.1724 0.8966 0.0000 0.0000 0.0000
0.1724 0.9310 0.0000 0.0000 0.0000
0.1724 0.9655 0.0000 0.0000 0.0000
0.1724 1.0000 0.0000 0.0000 0.0000

0.2069 0.0000 0.0000 0.0000 0.0000
0.2069 0.0345 0.022652 0.999743 0.545919
0.2069 0.0690 0.049323 0.998783 0.501443
0.2069 0.1034 0.081109 0.996705 0.457393
0.2069 0.1379 0.119508 0.992833 0.413906
0.2069 0.1724 0.166580 0.986028 0.371179
0.2069 0.2069 0.225176 0.974318 0.329509
0.2069 0.2414 0.299164 0.954202 0.289352
0.2069 0.2759 0.393463 0.919341 0.251434
0.2069 0.3103 0.513044 0.858362 0.216933
0.2069 0.3448 0.658684 0.752420 0.187741
0.2069 0.3793 0.816137 0.577859 0.166674
0.2069 0.4138 0.944986 0.327111 0.157034
0.2069 0.4483 0.999203 0.039909 0.160889
0.2069 0.4828 0.976124 -0.217214 0.177362
0.2069 0.5172 0.911922 -0.410365 0.203409
0.2069 0.5517 0.838812 -0.544421 0.235881
0.2069 0.5862 0.771502 -0.636227 0.272489
0.2069 0.6207 0.713938 -0.700209 0.311781
0.2069 0.6552 0.665868 -0.746069 0.352860
0.2069 0.6897 0.625869 -0.779929 0.395170
0.2069 0.7241 0.592422 -0.805628 0.438355
0.2069 0.7586 0.564224 -0.825622 0.482179
0.2069 0.7931 0.0000 0.0000 0.0000
0.2069 0.8276 0.0000 0.0000 0.0000
0.2069 0.8621 0.0000 0.0000 0.0000
0.2069 0.8966 0.0000 0.0000 0.0000
0.2069 0.9310 0.0000 0.0000 0.0000
0.2069 0.9655 0.0000 0.0000 0.0000
0.2069 1.0000 0.0000 0.0000 0.0000

0.2414 0.0000 0.0000 0.0000 0.0000
0.2414 0.0345 0.025663 0.999671 0.606978
0.2414 0.0690 0.056111 0.998425 0.555215
0.2414 0.1034 0.092705 0.995694 0.504073
0.2414 0.1379 0.137311 0.990528 0.453763
0.2414 0.1724 0.192498 0.981297 0.404594
0.2414 0.2069 0.261765 0.965132 0.357039
0.2414 0.2414 0.349660 0.936876 0.311836
0.2414 0.2759 0.461242 0.887274 0.270170
0.2414 0.3103 0.599268 0.800549 0.233936
0.2414 0.3448 0.756070 0.654491 0.206022
0.2414 0.3793 0.901201 0.433402 0.190128
0.2414 0.4138 0.987394 0.158284 0.189307
0.2414 0.4483 0.993898 -0.110303 0.203740
0.2414 0.4828 0.945756 -0.324878 0.230581
0.2414 0.5172 0.878049 -0.478570 0.266102
0.2414 0.5517 0.811006 -0.585038 0.307306
0.2414 0.5862 0.751844 -0.659341 0.352206
0.2414 0.6207 0.701730 -0.712443 0.399556
0.2414 0.6552 0.659761 -0.751475 0.448582
0.2414 0.6897 0.624579 -0.780962 0.498790
0.2414 0.7241 0.594902 -0.803798 0.549857
0.2414 0.7586 0.0000 0.0000 0.0000
0.2414 0.7931 0.0000 0.0000 0.0000
0.2414 0.8276 0.0000 0.0000 0.0000
0.2414 0.8621 0.0000 0.0000 0.0000
0.2414 0.8966 0.0000 0.0000 0.0000
0.2414 0.9310 0.0000 0.0000 0.0000
0.2414 0.9655 0.0000 0.0000 0.0000
0.2414 1.0000 0.0000 0.0000 0.0000

0.2759 0.0000 0.0000 0.0000 0.0000
0.2759 0.0345 0.028488 0.999594 0.659483
0.2759 0.0690 0.062576 0.998040 0.600463
0.2759 0.1034 0.103931 0.994584 0.542295
0.2759 0.1379 0.154855 0.987937 0.485283
0.2759 0.1724 0.218512 0.975834 0.429889
0.2759 0.2069 0.299137 0.954210 0.376827
0.2759 0.2414 0.401886 0.915690 0.327232
0.2759 0.2759 0.531207 0.847242 0.282935
0.2759 0.3103 0.685094 0.728455 0.246805
0.2759 0.3448 0.843046 0.537842 0.222849
0.2759 0.3793 0.960432 0.278514 0.215173
0.2759 0.4138 1.000000 0.000000 0.225446
0.2759 0.4483 0.971190 -0.238306 0.251478
0.2759 0.4828 0.909972 -0.414671 0.289042
0.2759 0.5172 0.843046 -0.537842 0.334273
0.2759 0.5517 0.781833 -0.623487 0.384474
0.2759 0.5862 0.729283 -0.684212 0.437939
0.2759 0.6207 0.685094 -0.728455 0.493609
0.2759 0.6552 0.648049 -0.761598 0.550816
0.2759 0.6897 0.616856 -0.787076 0.609127
0.2759 0.7241 0.0000 0.0000 0.0000
0.2759 0.7586 0.0000 0.0000 0.0000
0.2759 0.7931 0.0000 0.0000 0.0000
0.2759 0.8276 0.0000 0.0000 0.0000
0.2759 0.8621 0.0000 0.0000 0.0000
0.2759 0.8966 0.0000 0.0000 0.0000
0.2759 0.9310 0.0000 0.0000 0.0000
0.2759 0.9655 0.0000 0.0000 0.0000
0.2759 1.0000 0.0000 0.0000 0.0000

0.3103 0.0000 0.0000 0.0000 0.0000
0.3103 0.0345 0.031272 0.999511 0.703436
0.3103 0.0690 0.069045 0.997614 0.637192
0.3103 0.1034 0.115358 0.993324 0.572071
0.3103 0.1379 0.173038 0.984915 0.508503
0.3103 0.1724 0.245975 0.969276 0.447151
0.3103 0.2069 0.339239 0.940700 0.389064
0.3103 0.2414 0.458363 0.888765 0.335942
0.3103 0.2759 0.605747 0.795657 0.290519
0.3103 0.3103 0.770606 0.637312 0.256913
0.3103 0.3448 0.916044 0.401079 0.240137
0.3103 0.3793 0.992946 0.118568 0.243693
0.3103 0.4138 0.989517 -0.144416 0.266768
0.3103 0.4483 0.937716 -0.347403 0.304963
0.3103 0.4828 0.871414 -0.490549 0.353410
0.3103 0.5172 0.807791 -0.589469 0.408477
0.3103 0.5517 0.752325 -0.658792 0.467833
0.3103 0.5862 0.705535 -0.708675 0.530037
0.3103 0.6207 0.666374 -0.745618 0.594197
0.3103 0.6552 0.633513 -0.773732 0.659742
0.3103 0.6897 0.0000 0.0000 0.0000
0.3103 0.7241 0.0000 0.0000 0.0000
0.3103 0.7586 0.0000 0.0000 0.0000
0.3103 0.7931 0.0000 0.0000 0.0000
0.3103 0.8276 0.0000 0.0000 0.0000
0.3103 0.8621 0.0000 0.0000 0.0000
0.3103 0.8966 0.0000 0.0000 0.0000
0.3103 0.9310 0.0000 0.0000 0.0000
0.3103 0.9655 0.0000 0.0000 0.0000
0.3103 1.0000 0.0000 0.0000 0.0000

0.3448 0.0000 0.0000 0.0000 0.0000
0.3448 0.0345 0.034119 0.999418 0.738837
0.3448 0.0690 0.075767 0.997126 0.665409
0.3448 0.1034 0.127437 0.991847 0.593423
0.3448 0.1379 0.192620 0.981273 0.523477
0.3448 0.1724 0.276097 0.961130 0.456508
0.3448 0.2069 0.383844 0.923398 0.394037
0.3448 0.2414 0.521194 0.853438 0.338562
0.3448 0.2759 0.685768 0.727820 0.294071
0.3448 0.3103 0.852486 0.522751 0.266131
0.3448 0.3448 0.969057 0.246835 0.260130
0.3448 0.3793 0.999256 -0.038565 0.277495
0.3448 0.4138 0.962206 -0.272322 0.314379
0.3448 0.4483 0.898047 -0.439900 0.364909
0.3448 0.4828 0.831878 -0.554959 0.424237
0.3448 0.5172 0.772982 -0.634428 0.489172
0.3448 0.5517 0.723123 -0.690719 0.557760
0.3448 0.5862 0.681509 -0.731809 0.628806
0.3448 0.6207 0.646762 -0.762692 0.701565
0.3448 0.6552 0.0000 0.0000 0.0000
0.3448 0.6897 0.0000 0.0000 0.0000
0.3448 0.7241 0.0000 0.0000 0.0000
0.3448 0.7586 0.0000 0.0000 0.0000
0.3448 0.7931 0.0000 0.0000 0.0000
0.3448 0.8276 0.0000 0.0000 0.0000
0.3448 0.8621 0.0000 0.0000 0.0000
0.3448 0.8966 0.0000 0.0000 0.0000
0.3448 0.9310 0.0000 0.0000 0.0000
0.3448 0.9655 0.0000 0.0000 0.0000
0.3448 1.0000 0.0000 0.0000 0.0000

0.3793 0.0000 0.0000 0.0000 0.0000
0.3793 0.0345 0.037115 0.999311 0.765688
0.3793 0.0690 0.082959 0.996553 0.685120
0.3793 0.1034 0.140598 0.990067 0.606380
0.3793 0.1379 0.214366 0.976754 0.530282
0.3793 0.1724 0.310148 0.950688 0.458145
0.3793 0.2069 0.434800 0.900527 0.392160
0.3793 0.2414 0.592100 0.805865 0.335973
0.3793 0.2759 0.770067 0.637963 0.295232
0.3793 0.3103 0.923875 0.382693 0.276841
0.3793 0.3448 0.996586 0.082562 0.285159
0.3793 0.3793 0.982732 -0.185033 0.318097
0.3793 0.4138 0.923875 -0.382693 0.369122
0.3793 0.4483 0.855446 -0.517893 0.431870
0.3793 0.4828 0.792606 -0.609734 0.501964
0.3793 0.5172 0.739128 -0.673565 0.576731
0.3793 0.5517 0.694646 -0.719351 0.654573
0.3793 0.5862 0.657736 -0.753248 0.734512
0.3793 0.6207 0.0000 0.0000 0.0000
0.3793 0.6552 0.0000 0.0000 0.0000
0.3793 0.6897 0.0000 0.0000 0.0000
0.3793 0.7241 0.0000 0.0000 0.0000
0.3793 0.7586 0.0000 0.0000 0.0000
0.3793 0.7931 0.0000 0.0000 0.0000
0.3793 0.8276 0.0000 0.0000 0.0000
0.3793 0.8621 0.0000 0.0000 0.0000
0.3793 0.8966 0.0000 0.0000 0.0000
0.3793 0.9310 0.0000 0.0000 0.0000
0.3793 0.9655 0.0000 0.0000 0.0000
0.3793 1.0000 0.0000 0.0000 0.0000

0.4138 0.0000 0.0000 0.0000 0.0000
0.4138 0.0345 0.040344 0.999186 0.783991
0.4138 0.0690 0.090844 0.995865 0.696339
0.4138 0.1034 0.155303 0.987867 0.610980
0.4138 0.1379 0.239149 0.970983 0.529025
0.4138 0.1724 0.349625 0.936890 0.452328
0.4138 0.2069 0.494137 0.869384 0.384052
0.4138 0.2414 0.671990 0.740560 0.329474
0.4138 0.2759 0.854075 0.520151 0.296265
0.4138 0.3103 0.975492 0.220036 0.291813
0.4138 0.3448 0.996719 -0.080937 0.317331
0.4138 0.3793 0.949007 -0.315255 0.366614
0.4138 0.4138 0.879407 -0.476070 0.431595
0.4138 0.4483 0.812175 -0.583413 0.506267
0.4138 0.4828 0.754431 -0.656379 0.586941
0.4138 0.5172 0.706575 -0.707638 0.671457
0.4138 0.5517 0.667161 -0.744913 0.758533
0.4138 0.5862 0.634536 -0.772893 0.847380
0.4138 0.6207 0.0000 0.0000 0.0000
0.4138 0.6552 0.0000 0.0000 0.0000
0.4138 0.6897 0.0000 0.0000 0.0000
0.4138 0.7241 0.0000 0.0000 0.0000
0.4138 0.7586 0.0000 0.0000 0.0000
0.4138 0.7931 0.0000 0.0000 0.0000
0.4138 0.8276 0.0000 0.0000 0.0000
0.4138 0.8621 0.0000 0.0000 0.0000
0.4138 0.8966 0.0000 0.0000 0.0000
0.4138 0.9310 0.0000 0.0000 0.0000
0.4138 0.9655 0.0000 0.0000 0.0000
0.4138 1.0000 0.0000 0.0000 0.0000

0.4483 0.0000 0.0000 0.0000 0.0000
0.4483 0.0345 0.043892 0.999036 0.793750
0.4483 0.0690 0.099672 0.995020 0.699082
0.4483 0.1034 0.172110 0.985078 0.607278
0.4483 0.1379 0.268069 0.963400 0.519859
0.4483 0.1724 0.396400 0.918078 0.439449
0.4483 0.2069 0.563994 0.825779 0.370637
0.4483 0.2414 0.759805 0.650150 0.320972
0.4483 0.2759 0.928695 0.370844 0.300116
0.4483 0.3103 0.999017 0.044325 0.313864
0.4483 0.3448 0.972478 -0.232996 0.358255
0.4483 0.3793 0.904354 -0.426783 0.423766
0.4483 0.4138 0.832487 -0.554044 0.502198
0.4483 0.4483 0.769726 -0.638374 0.588408
0.4483 0.4828 0.717874 -0.696173 0.679441
0.4483 0.5172 0.675537 -0.737326 0.773596
0.4483 0.5517 0.0000 0.0000 0.0000
0.4483 0.5862 0.0000 0.0000 0.0000
0.4483 0.6207 0.0000 0.0000 0.0000
0.4483 0.6552 0.0000 0.0000 0.0000
0.4483 0.6897 0.0000 0.0000 0.0000
0.4483 0.7241 0.0000 0.0000 0.0000
0.4483 0.7586 0.0000 0.0000 0.0000
0.4483 0.7931 0.0000 0.0000 0.0000
0.4483 0.8276 0.0000 0.0000 0.0000
0.4483 0.8621 0.0000 0.0000 0.0000
0.4483 0.8966 0.0000 0.0000 0.0000
0.4483 0.9310 0.0000 0.0000 0.0000
0.4483 0.9655 0.0000 0.0000 0.0000
0.4483 1.0000 0.0000 0.0000 0.0000

0.4828 0.0000 0.0000 0.0000 0.0000
0.4828 0.0345 0.047864 0.998854 0.794966
0.4828 0.0690 0.109754 0.993959 0.693368
0.4828 0.1034 0.191736 0.981447 0.595350
0.4828 0.1379 0.302579 0.953124 0.503008
0.4828 0.1724 0.452865 0.891579 0.420102
0.4828 0.2069 0.646123 0.763233 0.353338
0.4828 0.2414 0.850378 0.526172 0.313213
0.4828 0.2759 0.981166 0.193167 0.310243
0.4828 0.3103 0.991496 -0.130134 0.345386
0.4828 0.3448 0.930468 -0.366372 0.408933
0.4828 0.3793 0.854264 -0.519839 0.489953
0.4828 0.4138 0.785636 -0.618689 0.581184
0.4828 0.4483 0.729012 -0.684501 0.678520
0.4828 0.4828 0.683231 -0.730203 0.779677
0.4828 0.5172 0.0000 0.0000 0.0000
0.4828 0.5517 0.0000 0.0000 0.0000
0.4828 0.5862 0.0000 0.0000 0.0000
0.4828 0.6207 0.0000 0.0000 0.0000
0.4828 0.6552 0.0000 0.0000 0.0000
0.4828 0.6897 0.0000 0.0000 0.0000
0.4828 0.7241 0.0000 0.0000 0.0000
0.4828 0.7586 0.0000 0.0000 0.0000
0.4828 0.7931 0.0000 0.0000 0.0000
0.4828 0.8276 0.0000 0.0000 0.0000
0.4828 0.8621 0.0000 0.0000 0.0000
0.4828 0.8966 0.0000 0.0000 0.0000
0.4828 0.9310 0.0000 0.0000 0.0000
0.4828 0.9655 0.0000 0.0000 0.0000
0.4828 1.0000 0.0000 0.0000 0.0000

0.5172 0.0000 0.0000 0.0000 0.0000
0.5172 0.0345 0.052385 0.998627 0.787645
0.5172 0.0690 0.121492 0.992592 0.679229
0.5172 0.1034 0.215157 0.976579 0.575305
0.5172 0.1379 0.344692 0.938716 0.478808
0.5172 0.1724 0.521998 0.852947 0.395216
0.5172 0.2069 0.740423 0.672142 0.334353
0.5172 0.2414 0.931954 0.362576 0.309911
0.5172 0.2759 1.000000 0.000000 0.330083
0.5172 0.3103 0.957140 -0.289625 0.387972
0.5172 0.3448 0.878186 -0.478320 0.469837
0.5172 0.3793 0.802793 -0.596258 0.565357
0.5172 0.4138 0.740423 -0.672142 0.668706
0.5172 0.4483 0.690538 -0.723296 0.776765
0.5172 0.4828 0.0000 0.0000 0.0000
0.5172 0.5172 0.0000 0.0000 0.0000
0.5172 0.5517 0.0000 0.0000 0.0000
0.5172 0.5862 0.0000 0.0000 0.0000
0.5172 0.6207 0.0000 0.0000 0.0000
0.5172 0.6552 0.0000 0.0000 0.0000
0.5172 0.6897 0.0000 0.0000 0.0000
0.5172 0.7241 0.0000 0.0000 0.0000
0.5172 0.7586 0.0000 0.0000 0.0000
0.5172 0.7931 0.0000 0.0000 0.0000
0.5172 0.8276 0.0000 0.0000 0.0000
0.5172 0.8621 0.0000 0.0000 0.0000
0.5172 0.8966 0.0000 0.0000 0.0000
0.5172 0.9310 0.0000 0.0000 0.0000
0.5172 0.9655 0.0000 0.0000 0.0000
0.5172 1.0000 0.0000 0.0000 0.0000

0.5517 0.0000 0.0000 0.0000 0.0000
0.5517 0.0345 0.057620 0.998339 0.771794
0.5517 0.0690 0.135436 0.990786 0.656705
0.5517 0.1034 0.243762 0.969835 0.547306
0.5517 0.1379 0.397250 0.917711 0.447788
0.5517 0.1724 0.607040 0.794671 0.366293
0.5517 0.2069 0.841617 0.540075 0.317039
0.5517 0.2414 0.986657 0.162810 0.315506
0.5517 0.2759 0.981969 -0.189042 0.362300
0.5517 0.3103 0.904819 -0.425797 0.442340
0.5517 0.3448 0.821907 -0.569621 0.541069
0.5517 0.3793 0.752554 -0.658531 0.650026
0.5517 0.4138 0.697717 -0.716373 0.764852
0.5517 0.4483 0.0000 0.0000 0.0000
0.5517 0.4828 0.0000 0.0000 0.0000
0.5517 0.5172 0.0000 0.0000 0.0000
0.5517 0.5517 0.0000 0.0000 0.0000
0.5517 0.5862 0.0000 0.0000 0.0000
0.5517 0.6207 0.0000 0.0000 0.0000
0.5517 0.6552 0.0000 0.0000 0.0000
0.5517 0.6897 0.0000 0.0000 0.0000
0.5517 0.7241 0.0000 0.0000 0.0000
0.5517 0.7586 0.0000 0.0000 0.0000
0.5517 0.7931 0.0000 0.0000 0.0000
0.5517 0.8276 0.0000 0.0000 0.0000
0.5517 0.8621 0.0000 0.0000 0.0000
0.5517 0.8966 0.0000 0.0000 0.0000
0.5517 0.9310 0.0000 0.0000 0.0000
0.5517 0.9655 0.0000 0.0000 0.0000
0.5517 1.0000 0.0000 0.0000 0.0000

0.5862 0.0000 0.0000 0.0000 0.0000
0.5862 0.0345 0.063795 0.997963 0.747420
0.5862 0.0690 0.152371 0.988323 0.625857
0.5862 0.1034 0.279598 0.960117 0.511605
0.5862 0.1379 0.464267 0.885696 0.410810
0.5862 0.1724 0.709934 0.704268 0.335815
0.5862 0.2069 0.934303 0.356480 0.306205
0.5862 0.2414 0.998518 -0.054426 0.334265
0.5862 0.2759 0.934303 -0.356480 0.408273
0.5862 0.3103 0.843835 -0.536603 0.508550
0.5862 0.3448 0.765931 -0.642923 0.622528
0.5862 0.3793 0.705026 -0.709182 0.743937
0.5862 0.4138 0.657924 -0.753085 0.869669
0.5862 0.4483 0.0000 0.0000 0.0000
0.5862 0.4828 0.0000 0.0000 0.0000
0.5862 0.5172 0.0000 0.0000 0.0000
0.5862 0.5517 0.0000 0.0000 0.0000
0.5862 0.5862 0.0000 0.0000 0.0000
0.5862 0.6207 0.0000 0.0000 0.0000
0.5862 0.6552 0.0000 0.0000 0.0000
0.5862 0.6897 0.0000 0.0000 0.0000
0.5862 0.7241 0.0000 0.0000 0.0000
0.5862 0.7586 0.0000 0.0000 0.0000
0.5862 0.7931 0.0000 0.0000 0.0000
0.5862 0.8276 0.0000 0.0000 0.0000
0.5862 0.8621 0.0000 0.0000 0.0000
0.5862 0.8966 0.0000 0.0000 0.0000
0.5862 0.9310 0.0000 0.0000 0.0000
0.5862 0.9655 0.0000 0.0000 0.0000
0.5862 1.0000 0.0000 0.0000 0.0000

0.6207 0.0000 0.0000 0.0000 0.0000
0.6207 0.0345 0.071223 0.997460 0.714538
0.6207 0.0690 0.173462 0.984841 0.586779
0.6207 0.1034 0.325803 0.945438 0.468613
0.6207 0.1379 0.551129 0.834420 0.369364
0.6207 0.1724 0.826423 0.563049 0.307904
0.6207 0.2069 0.992135 0.125176 0.307772
0.6207 0.2414 0.965341 -0.260990 0.369033
0.6207 0.2759 0.869615 -0.493730 0.468178
0.6207 0.3103 0.781225 -0.624250 0.586292
0.6207 0.3448 0.712746 -0.701422 0.714024
0.6207 0.3793 0.0000 0.0000 0.0000
0.6207 0.4138 0.0000 0.0000 0.0000
0.6207 0.4483 0.0000 0.0000 0.0000
0.6207 0.4828 0.0000 0.0000 0.0000
0.6207 0.5172 0.0000 0.0000 0.0000
0.6207 0.5517 0.0000 0.0000 0.0000
0.6207 0.5862 0.0000 0.0000 0.0000
0.6207 0.6207 0.0000 0.0000 0.0000
0.6207 0.6552 0.0000 0.0000 0.0000
0.6207 0.6897 0.0000 0.0000 0.0000
0.6207 0.7241 0.0000 0.0000 0.0000
0.6207 0.7586 0.0000 0.0000 0.0000
0.6207 0.7931 0.0000 0.0000 0.0000
0.6207 0.8276 0.0000 0.0000 0.0000
0.6207 0.8621 0.0000 0.0000 0.0000
0.6207 0.8966 0.0000 0.0000 0.0000
0.6207 0.9310 0.0000 0.0000 0.0000
0.6207 0.9655 0.0000 0.0000 0.0000
0.6207 1.0000 0.0000 0.0000 0.0000

0.6552 0.0000 0.0000 0.0000 0.0000
0.6552 0.0345 0.080370 0.996765 0.673165
0.6552 0.0690 0.200521 0.979689 0.539616
0.6552 0.1034 0.387334 0.921940 0.419036
0.6552 0.1379 0.663549 0.748133 0.326139
0.6552 0.1724 0.936075 0.351800 0.288985
0.6552 0.2069 0.992244 -0.124303 0.327151
0.6552 0.2414 0.900395 -0.435073 0.420611
0.6552 0.2759 0.799367 -0.600843 0.541451
0.6552 0.3103 0.721229 -0.692697 0.675126
0.6552 0.3448 0.0000 0.0000 0.0000
0.6552 0.3793 0.0000 0.0000 0.0000
0.6552 0.4138 0.0000 0.0000 0.0000
0.6552 0.4483 0.0000 0.0000 0.0000
0.6552 0.4828 0.0000 0.0000 0.0000
0.6552 0.5172 0.0000 0.0000 0.0000
0.6552 0.5517 0.0000 0.0000 0.0000
0.6552 0.5862 0.0000 0.0000 0.0000
0.6552 0.6207 0.0000 0.0000 0.0000
0.6552 0.6552 0.0000 0.0000 0.0000
0.6552 0.6897 0.0000 0.0000 0.0000
0.6552 0.7241 0.0000 0.0000 0.0000
0.6552 0.7586 0.0000 0.0000 0.0000
0.6552 0.7931 0.0000 0.0000 0.0000
0.6552 0.8276 0.0000 0.0000 0.0000
0.6552 0.8621 0.0000 0.0000 0.0000
0.6552 0.8966 0.0000 0.0000 0.0000
0.6552 0.9310 0.0000 0.0000 0.0000
0.6552 0.9655 0.0000 0.0000 0.0000
0.6552 1.0000 0.0000 0.0000 0.0000

0.6897 0.0000 0.0000 0.0000 0.0000
0.6897 0.0345 0.091946 0.995764 0.623330
0.6897 0.0690 0.236527 0.971625 0.484619
0.6897 0.1034 0.472113 0.881538 0.364189
0.6897 0.1379 0.801195 0.598403 0.286136
0.6897 0.1724 0.997222 0.074481 0.287362
0.6897 0.2069 0.936808 -0.349845 0.367073
0.6897 0.2414 0.821718 -0.569894 0.488232
0.6897 0.2759 0.730954 -0.682426 0.627265
0.6897 0.3103 0.0000 0.0000 0.0000
0.6897 0.3448 0.0000 0.0000 0.0000
0.6897 0.3793 0.0000 0.0000 0.0000
0.6897 0.4138 0.0000 0.0000 0.0000
0.6897 0.4483 0.0000 0.0000 0.0000
0.6897 0.4828 0.0000 0.0000 0.0000
0.6897 0.5172 0.0000 0.0000 0.0000
0.6897 0.5517 0.0000 0.0000 0.0000
0.6897 0.5862 0.0000 0.0000 0.0000
0.6897 0.6207 0.0000 0.0000 0.0000
0.6897 0.6552 0.0000 0.0000 0.0000
0.6897 0.6897 0.0000 0.0000 0.0000
0.6897 0.7241 0.0000 0.0000 0.0000
0.6897 0.7586 0.0000 0.0000 0.0000
0.6897 0.7931 0.0000 0.0000 0.0000
0.6897 0.8276 0.0000 0.0000 0.0000
0.6897 0.8621 0.0000 0.0000 0.0000
0.6897 0.8966 0.0000 0.0000 0.0000
0.6897 0.9310 0.0000 0.0000 0.0000
0.6897 0.9655 0.0000 0.0000 0.0000
0.6897 1.0000 0.0000 0.0000 0.0000

0.7241 0.0000 0.0000 0.0000 0.0000
0.7241 0.0345 0.107105 0.994248 0.565082
0.7241 0.0690 0.286676 0.958028 0.422241
0.7241 0.1034 0.591969 0.805961 0.306722
0.7241 0.1379 0.937460 0.348094 0.258243
0.7241 0.1724 0.976070 -0.217458 0.310035
0.7241 0.2069 0.850336 -0.526240 0.427054
0.7241 0.2414 0.742641 -0.669690 0.570481
0.7241 0.2759 0.0000 0.0000 0.0000
0.7241 0.3103 0.0000 0.0000 0.0000
0.7241 0.3448 0.0000 0.0000 0.0000
0.7241 0.3793 0.0000 0.0000 0.0000
0.7241 0.4138 0.0000 0.0000 0.0000
0.7241 0.4483 0.0000 0.0000 0.0000
0.7241 0.4828 0.0000 0.0000 0.0000
0.7241 0.5172 0.0000 0.0000 0.0000
0.7241 0.5517 0.0000 0.0000 0.0000
0.7241 0.5862 0.0000 0.0000 0.0000
0.7241 0.6207 0.0000 0.0000 0.0000
0.7241 0.6552 0.0000 0.0000 0.0000
0.7241 0.6897 0.0000 0.0000 0.0000
0.7241 0.7241 0.0000 0.0000 0.0000
0.7241 0.7586 0.0000 0.0000 0.0000
0.7241 0.7931 0.0000 0.0000 0.0000
0.7241 0.8276 0.0000 0.0000 0.0000
0.7241 0.8621 0.0000 0.0000 0.0000
0.7241 0.8966 0.0000 0.0000 0.0000
0.7241 0.9310 0.0000 0.0000 0.0000
0.7241 0.9655 0.0000 0.0000 0.0000
0.7241 1.0000 0.0000 0.0000 0.0000

0.7586 0.0000 0.0000 0.0000 0.0000
0.7586 0.0345 0.127850 0.991793 0.498502
0.7586 0.0690 0.360692 0.932685 0.353397
0.7586 0.1034 0.757458 0.652884 0.252424
0.7586 0.1379 1.000000 0.000000 0.254935
0.7586 0.1724 0.888246 -0.459369 0.358761
0.7586 0.2069 0.757458 -0.652884 0.504849
0.7586 0.2414 0.669931 -0.742423 0.665943
0.7586 0.2759 0.0000 0.0000 0.0000
0.7586 0.3103 0.0000 0.0000 0.0000
0.7586 0.3448 0.0000 0.0000 0.0000
0.7586 0.3793 0.0000 0.0000 0.0000
0.7586 0.4138 0.0000 0.0000 0.0000
0.7586 0.4483 0.0000 0.0000 0.0000
0.7586 0.4828 0.0000 0.0000 0.0000
0.7586 0.5172 0.0000 0.0000 0.0000
0.7586 0.5517 0.0000 0.0000 0.0000
0.7586 0.5862 0.0000 0.0000 0.0000
0.7586 0.6207 0.0000 0.0000 0.0000
0.7586 0.6552 0.0000 0.0000 0.0000
0.7586 0.6897 0.0000 0.0000 0.0000
0.7586 0.7241 0.0000 0.0000 0.0000
0.7586 0.7586 0.0000 0.0000 0.0000
0.7586 0.7931 0.0000 0.0000 0.0000
0.7586 0.8276 0.0000 0.0000 0.0000
0.7586 0.8621 0.0000 0.0000 0.0000
0.7586 0.8966 0.0000 0.0000 0.0000
0.7586 0.9310 0.0000 0.0000 0.0000
0.7586 0.9655 0.0000 0.0000 0.0000
0.7586 1.0000 0.0000 0.0000 0.0000

0.7931 0.0000 0.0000 0.0000 0.0000
0.7931 0.0345 0.157980 0.987442 0.423752
0.7931 0.0690 0.477841 0.878446 0.280194
0.7931 0.1034 0.938571 0.345087 0.213977
0.7931 0.1379 0.938571 -0.345087 0.285302
0.7931 0.1724 0.777489 -0.628896 0.430515
0.7931 0.2069 0.0000 0.0000 0.0000
0.7931 0.2414 0.0000 0.0000 0.0000
0.7931 0.2759 0.0000 0.0000 0.0000
0.7931 0.3103 0.0000 0.0000 0.0000
0.7931 0.3448 0.0000 0.0000 0.0000
0.7931 0.3793 0.0000 0.0000 0.0000
0.7931 0.4138 0.0000 0.0000 0.0000
0.7931 0.4483 0.0000 0.0000 0.0000
0.7931 0.4828 0.0000 0.0000 0.0000
0.7931 0.5172 0.0000 0.0000 0.0000
0.7931 0.5517 0.0000 0.0000 0.0000
0.7931 0.5862 0.0000 0.0000 0.0000
0.7931 0.6207 0.0000 0.0000 0.0000
0.7931 0.6552 0.0000 0.0000 0.0000
0.7931 0.6897 0.0000 0.0000 0.0000
0.7931 0.7241 0.0000 0.0000 0.0000
0.7931 0.7586 0.0000 0.0000 0.0000
0.7931 0.7931 0.0000 0.0000 0.0000
0.7931 0.8276 0.0000 0.0000 0.0000
0.7931 0.8621 0.0000 0.0000 0.0000
0.7931 0.8966 0.0000 0.0000 0.0000
0.7931 0.9310 0.0000 0.0000 0.0000
0.7931 0.9655 0.0000 0.0000 0.0000
0.7931 1.0000 0.0000 0.0000 0.0000

0.8276 0.0000 0.0000 0.0000 0.0000
0.8276 0.0345 0.205624 0.978631 0.341179
0.8276 0.0690 0.673241 0.739424 0.208409
0.8276 0.1034 0.992636 -0.121135 0.212025
0.8276 0.1379 0.806840 -0.590771 0.347799
0.8276 0.1724 0.0000 0.0000 0.0000
0.8276 0.2069 0.0000 0.0000 0.0000
0.8276 0.2414 0.0000 0.0000 0.0000
0.8276 0.2759 0.0000 0.0000 0.0000
0.8276 0.3103 0.0000 0.0000 0.0000
0.8276 0.3448 0.0000 0.0000 0.0000
0.8276 0.3793 0.0000 0.0000 0.0000
0.8276 0.4138 0.0000 0.0000 0.0000
0.8276 0.4483 0.0000 0.0000 0.0000
0.8276 0.4828 0.0000 0.0000 0.0000
0.8276 0.5172 0.0000 0.0000 0.0000
0.8276 0.5517 0.0000 0.0000 0.0000
0.8276 0.5862 0.0000 0.0000 0.0000
0.8276 0.6207 0.0000 0.0000 0.0000
0.8276 0.6552 0.0000 0.0000 0.0000
0.8276 0.6897 0.0000 0.0000 0.0000
0.8276 0.7241 0.0000 0.0000 0.0000
0.8276 0.7586 0.0000 0.0000 0.0000
0.8276 0.7931 0.0000 0.0000 0.0000
0.8276 0.8276 0.0000 0.0000 0.0000
0.8276 0.8621 0.0000 0.0000 0.0000
0.8276 0.8966 0.0000 0.0000 0.0000
0.8276 0.9310 0.0000 0.0000 0.0000
0.8276 0.9655 0.0000 0.0000 0.0000
0.8276 1.0000 0.0000 0.0000 0.0000

0.8621 0.0000 0.0000 0.0000 0.0000
0.8621 0.0345 0.291462 0.956582 0.251714
0.8621 0.0690 0.939482 0.342599 0.156182
0.8621 0.1034 0.854546 -0.519376 0.257558
0.8621 0.1379 0.674684 -0.738107 0.434959
0.8621 0.1724 0.0000 0.0000 0.0000
0.8621 0.2069 0.0000 0.0000 0.0000
0.8621 0.2414 0.0000 0.0000 0.0000
0.8621 0.2759 0.0000 0.0000 0.0000
0.8621 0.3103 0.0000 0.0000 0.0000
0.8621 0.3448 0.0000 0.0000 0.0000
0.8621 0.3793 0.0000 0.0000 0.0000
0.8621 0.4138 0.0000 0.0000 0.0000
0.8621 0.4483 0.0000 0.0000 0.0000
0.8621 0.4828 0.0000 0.0000 0.0000
0.8621 0.5172 0.0000 0.0000 0.0000
0.8621 0.5517 0.0000 0.0000 0.0000
0.8621 0.5862 0.0000 0.0000 0.0000
0.8621 0.6207 0.0000 0.0000 0.0000
0.8621 0.6552 0.0000 0.0000 0.0000
0.8621 0.6897 0.0000 0.0000 0.0000
0.8621 0.7241 0.0000 0.0000 0.0000
0.8621 0.7586 0.0000 0.0000 0.0000
0.8621 0.7931 0.0000 0.0000 0.0000
0.8621 0.8276 0.0000 0.0000 0.0000
0.8621 0.8621 0.0000 0.0000 0.0000
0.8621 0.8966 0.0000 0.0000 0.0000
0.8621 0.9310 0.0000 0.0000 0.0000
0.8621 0.9655 0.0000 0.0000 0.0000
0.8621 1.0000 0.0000 0.0000 0.0000

0.8966 0.0000 0.0000 0.0000 0.0000
0.8966 0.0345 0.482206 0.876058 0.158802
0.8966 0.0690 0.939879 -0.341509 0.162948
0.8966 0.1034 0.0000 0.0000 0.0000
0.8966 0.1379 0.0000 0.0000 0.0000
0.8966 0.1724 0.0000 0.0000 0.0000
0.8966 0.2069 0.0000 0.0000 0.0000
0.8966 0.2414 0.0000 0.0000 0.0000
0.8966 0.2759 0.0000 0.0000 0.0000
0.8966 0.3103 0.0000 0.0000 0.0000
0.8966 0.3448 0.0000 0.0000 0.0000
0.8966 0.3793 0.0000 0.0000 0.0000
0.8966 0.4138 0.0000 0.0000 0.0000
0.8966 0.4483 0.0000 0.0000 0.0000
0.8966 0.4828 0.0000 0.0000 0.0000
0.8966 0.5172 0.0000 0.0000 0.0000
0.8966 0.5517 0.0000 0.0000 0.0000
0.8966 0.5862 0.0000 0.0000 0.0000
0.8966 0.6207 0.0000 0.0000 0.0000
0.8966 0.6552 0.0000 0.0000 0.0000
0.8966 0.6897 0.0000 0.0000 0.0000
0.8966 0.7241 0.0000 0.0000 0.0000
0.8966 0.7586 0.0000 0.0000 0.0000
0.8966 0.7931 0.0000 0.0000 0.0000
0.8966 0.8276 0.0000 0.0000 0.0000
0.8966 0.8621 0.0000 0.0000 0.0000
0.8966 0.8966 0.0000 0.0000 0.0000
0.8966 0.9310 0.0000 0.0000 0.0000
0.8966 0.9655 0.0000 0.0000 0.0000
0.8966 1.0000 0.0000 0.0000 0.0000

0.9310 0.0000 0.0000 0.0000 0.0000
0.9310 0.0345 0.940243 0.340505 0.084857
0.9310 0.0690 0.677231 -0.735770 0.235624
0.9310 0.1034 0.0000 0.0000 0.0000
0.9310 0.1379 0.0000 0.0000 0.0000
0.9310 0.1724 0.0000 0.0000 0.0000
0.9310 0.2069 0.0000 0.0000 0.0000
0.9310 0.2414 0.0000 0.0000 0.0000
0.9310 0.2759 0.0000 0.0000 0.0000
0.9310 0.3103 0.0000 0.0000 0.0000
0.9310 0.3448 0.0000 0.0000 0.0000
0.9310 0.3793 0.0000 0.0000 0.0000
0.9310 0.4138 0.0000 0.0000 0.0000
0.9310 0.4483 0.0000 0.0000 0.0000
0.9310 0.4828 0.0000 0.0000 0.0000
0.9310 0.5172 0.0000 0.0000 0.0000
0.9310 0.5517 0.0000 0.0000 0.0000
0.9310 0.5862 0.0000 0.0000 0.0000
0.9310 0.6207 0.0000 0.0000 0.0000
0.9310 0.6552 0.0000 0.0000 0.0000
0.9310 0.6897 0.0000 0.0000 0.0000
0.9310 0.7241 0.0000 0.0000 0.0000
0.9310 0.7586 0.0000 0.0000 0.0000
0.9310 0.7931 0.0000 0.0000 0.0000
0.9310 0.8276 0.0000 0.0000 0.0000
0.9310 0.8621 0.0000 0.0000 0.0000
0.9310 0.8966 0.0000 0.0000 0.0000
0.9310 0.9310 0.0000 0.0000 0.0000
0.9310 0.9655 0.0000 0.0000 0.0000
0.9310 1.0000 0.0000 0.0000 0.0000

0.9655 0.0000 0.0000 0.0000 0.0000
0.9655 0.0345 0.0000 0.0000 0.0000
0.9655 0.0690 0.0000 0.0000 0.0000
0.9655 0.1034 0.0000 0.0000 0.0000
0.9655 0.1379 0.0000 0.0000 0.0000
0.9655 0.1724 0.0000 0.0000 0.0000
0.9655 0.2069 0.0000 0.0000 0.0000
0.9655 0.2414 0.0000 0.0000 0.0000
0.9655 0.2759 0.0000 0.0000 0.0000
0.9655 0.3103 0.0000 0.0000 0.0000
0.9655 0.3448 0.0000 0.0000 0.0000
0.9655 0.3793 0.0000 0.0000 0.0000
0.9655 0.4138 0.0000 0.0000 0.0000
0.9655 0.4483 0.0000 0.0000 0.0000
0.9655 0.4828 0.0000 0.0000 0.0000
0.9655 0.5172 0.0000 0.0000 0.0000
0.9655 0.5517 0.0000 0.0000 0.0000
0.9655 0.5862 0.0000 0.0000 0.0000
0.9655 0.6207 0.0000 0.0000 0.0000
0.9655 0.6552 0.0000 0.0000 0.0000
0.9655 0.6897 0.0000 0.0000 0.0000
0.9655 0.7241 0.0000 0.0000 0.0000
0.9655 0.7586 0.0000 0.0000 0.0000
0.9655 0.7931 0.0000 0.0000 0.0000
0.9655 0.8276 0.0000 0.0000 0.0000
0.9655 0.8621 0.0000 0.0000 0.0000
0.9655 0.8966 0.0000 0.0000 0.0000
0.9655 0.9310 0.0000 0.0000 0.0000
0.9655 0.9655 0.0000 0.0000 0.0000
0.9655 1.0000 0.0000 0.0000 0.0000

1.0000 0.0000 0.0000 0.0000 0.0000
1.0000 0.0345 0.0000 0.0000 0.0000
1.0000 0.0690 0.0000 0.0000 0.0000
1.0000 0.1034 0.0000 0.0000 0.0000
1.0000 0.1379 0.0000 0.0000 0.0000
1.0000 0.1724 0.0000 0.0000 0.0000
1.0000 0.2069 0.0000 0.0000 0.0000
1.0000 0.2414 0.0000 0.0000 0.0000
1.0000 0.2759 0.0000 0.0000 0.0000
1.0000 0.3103 0.0000 0.0000 0.0000
1.0000 0.3448 0.0000 0.0000 0.0000
1.0000 0.3793 0.0000 0.0000 0.0000
1.0000 0.4138 0.0000 0.0000 0.0000
1.0000 0.4483 0.0000 0.0000 0.0000
1.0000 0.4828 0.0000 0.0000 0.0000
1.0000 0.5172 0.0000 0.0000 0.0000
1.0000 0.5517 0.0000 0.0000 0.0000
1.0000 0.5862 0.0000 0.0000 0.0000
1.0000 0.6207 0.0000 0.0000 0.0000
1.0000 0.6552 0.0000 0.0000 0.0000
1.0000 0.6897 0.0000 0.0000 0.0000
1.0000 0.7241 0.0000 0.0000 0.0000
1.0000 0.7586 0.0000 0.0000 0.0000
1.0000 0.7931 0.0000 0.0000 0.0000
1.0000 0.8276 0.0000 0.0000 0.0000
1.0000 0.8621 0.0000 0.0000 0.0000
1.0000 0.8966 0.0000 0.0000 0.0000
1.0000 0.9310 0.0000 0.0000 0.0000
1.0000 0.9655 0.0000 0.0000 0.0000
1.0000 1.0000 0.0000 0.0000 0.0000

