0.0000 0.0000 0.0000 0.0000 0.0000
0.0000 0.0345 0.0000 0.0000 0.0000
0.0000 0.0690 0.0000 0.0000 0.0000
0.0000 0.1034 0.0000 0.0000 0.0000
0.0000 0.1379 0.0000 0.0000 0.0000
0.0000 0.1724 0.0000 0.0000 0.0000
0.0000 0.2069 0.0000 0.0000 0.0000
0.0000 0.2414 0.0000 0.0000 0.0000
0.0000 0.2759 0.0000 0.0000 0.0000
0.0000 0.3103 0.0000 0.0000 0.0000
0.0000 0.3448 0.0000 0.0000 0.0000
0.0000 0.3793 0.0000 0.0000 0.0000
0.0000 0.4138 0.0000 0.0000 0.0000
0.0000 0.4483 0.0000 0.0000 0.0000
0.0000 0.4828 0.0000 0.0000 0.0000
0.0000 0.5172 0.0000 0.0000 0.0000
0.0000 0.5517 0.0000 0.0000 0.0000
0.0000 0.5862 0.0000 0.0000 0.0000
0.0000 0.6207 0.0000 0.0000 0.0000
0.0000 0.6552 0.0000 0.0000 0.0000
0.0000 0.6897 0.0000 0.0000 0.0000
0.0000 0.7241 0.0000 0.0000 0.0000
0.0000 0.7586 0.0000 0.0000 0.0000
0.0000 0.7931 0.0000 0.0000 0.0000
0.0000 0.8276 0.0000 0.0000 0.0000
0.0000 0.8621 0.0000 0.0000 0.0000
0.0000 0.8966 0.0000 0.0000 0.0000
0.0000 0.9310 0.0000 0.0000 0.0000
0.0000 0.9655 0.0000 0.0000 0.0000
0.0000 1.0000 0.0000 0.0000 0.0000

0.0345 0.0000 0.0000 0.0000 0.0000
0.0345 0.0345 0.008113 0.999967 0.337110
0.0345 0.0690 0.017382 0.999849 0.314673
0.0345 0.1034 0.028072 0.999606 0.292267
0.0345 0.1379 0.040531 0.999178 0.269901
0.0345 0.1724 0.055231 0.998474 0.247584
0.0345 0.2069 0.072822 0.997345 0.225331
0.0345 0.2414 0.094229 0.995551 0.203163
0.0345 0.2759 0.120802 0.992677 0.181112
0.0345 0.3103 0.154582 0.987980 0.159227
0.0345 0.3448 0.198775 0.980045 0.137585
0.0345 0.3793 0.258617 0.965980 0.116324
0.0345 0.4138 0.342940 0.939357 0.095696
0.0345 0.4483 0.466454 0.884546 0.076220
0.0345 0.4828 0.648466 0.761243 0.059044
0.0345 0.5172 0.877020 0.480454 0.046775
0.0345 0.5517 1.000000 0.000000 0.043757
0.0345 0.5862 0.900334 -0.435200 0.051639
0.0345 0.6207 0.738485 -0.674269 0.066660
0.0345 0.6552 0.610453 -0.792052 0.085120
0.0345 0.6897 0.519804 -0.854286 0.105226
0.0345 0.7241 0.455111 -0.890435 0.126193
0.0345 0.7586 0.407483 -0.913213 0.147654
0.0345 0.7931 0.371270 -0.928525 0.169422
0.0345 0.8276 0.342940 -0.939357 0.191393
0.0345 0.8621 0.320235 -0.947338 0.213503
0.0345 0.8966 0.301662 -0.953415 0.235713
0.0345 0.9310 0.286206 -0.958168 0.257998
0.0345 0.9655 0.0000 0.0000 0.0000
0.0345 1.0000 0.0000 0.0000 0.0000

0.0690 0.0000 0.0000 0.0000 0.0000
0.0690 0.0345 0.019065 0.999818 0.648632
0.0690 0.0690 0.040943 0.999161 0.604074
0.0690 0.1034 0.066265 0.997802 0.559851
0.0690 0.1379 0.095853 0.995396 0.516050
0.0690 0.1724 0.130780 0.991411 0.472788
0.0690 0.2069 0.172461 0.985016 0.430228
0.0690 0.2414 0.222758 0.974874 0.388599
0.0690 0.2759 0.284088 0.958798 0.348236
0.0690 0.3103 0.359442 0.933167 0.309635
0.0690 0.3448 0.452075 0.891980 0.273543
0.0690 0.3793 0.564224 0.825622 0.241090
0.0690 0.4138 0.693642 0.720320 0.213936
0.0690 0.4483 0.827313 0.561741 0.194317
0.0690 0.4828 0.937593 0.347734 0.184651
0.0690 0.5172 0.994651 0.103291 0.186491
0.0690 0.5517 0.991680 -0.128728 0.199520
0.0690 0.5862 0.947930 -0.318479 0.221774
0.0690 0.6207 0.887496 -0.460815 0.250809
0.0690 0.6552 0.825697 -0.564115 0.284558
0.0690 0.6897 0.769190 -0.639020 0.321539
0.0690 0.7241 0.719844 -0.694136 0.360760
0.0690 0.7586 0.677493 -0.735530 0.401565
0.0690 0.7931 0.641291 -0.767298 0.443517
0.0690 0.8276 0.610278 -0.792188 0.486319
0.0690 0.8621 0.583571 -0.812062 0.529765
0.0690 0.8966 0.560426 -0.828204 0.573709
0.0690 0.9310 0.0000 0.0000 0.0000
0.0690 0.9655 0.0000 0.0000 0.0000
0.0690 1.0000 0.0000 0.0000 0.0000

0.1034 0.0000 0.0000 0.0000 0.0000
0.1034 0.0345 0.023539 0.999723 0.934504
0.1034 0.0690 0.050689 0.998714 0.867941
0.1034 0.1034 0.082273 0.996610 0.802125
0.1034 0.1379 0.119349 0.992852 0.737255
0.1034 0.1724 0.163283 0.986579 0.673606
0.1034 0.2069 0.215819 0.976433 0.611559
0.1034 0.2414 0.279131 0.960253 0.551653
0.1034 0.2759 0.355755 0.934579 0.494668
0.1034 0.3103 0.448182 0.893942 0.441737
0.1034 0.3448 0.557618 0.830098 0.394493
0.1034 0.3793 0.681208 0.732090 0.355213
0.1034 0.4138 0.807791 0.589469 0.326782
0.1034 0.4483 0.916044 0.401079 0.312178
0.1034 0.4828 0.982846 0.184426 0.313342
0.1034 0.5172 0.999574 -0.029177 0.330105
0.1034 0.5517 0.976866 -0.213854 0.360297
0.1034 0.5862 0.932809 -0.360370 0.400896
0.1034 0.6207 0.881692 -0.471825 0.449088
0.1034 0.6552 0.831431 -0.555628 0.502693
0.1034 0.6897 0.785404 -0.618983 0.560161
0.1034 0.7241 0.744579 -0.667534 0.620418
0.1034 0.7586 0.708846 -0.705363 0.682726
0.1034 0.7931 0.677691 -0.735347 0.746572
0.1034 0.8276 0.650502 -0.759505 0.811593
0.1034 0.8621 0.626692 -0.779267 0.877529
0.1034 0.8966 0.0000 0.0000 0.0000
0.1034 0.9310 0.0000 0.0000 0.0000
0.1034 0.9655 0.0000 0.0000 0.0000
0.1034 1.0000 0.0000 0.0000 0.0000

0.1379 0.0000 0.0000 0.0000 0.0000
0.1379 0.0345 0.026474 0.999649 1.194711
0.1379 0.0690 0.057184 0.998364 1.106210
0.1379 0.1034 0.093124 0.995655 1.018934
0.1379 0.1379 0.135568 0.990768 0.933229
0.1379 0.1724 0.186147 0.982522 0.849569
0.1379 0.2069 0.246901 0.969041 0.768624
0.1379 0.2414 0.320250 0.947333 0.691346
0.1379 0.2759 0.408703 0.912667 0.619110
0.1379 0.3103 0.513927 0.857834 0.553894
0.1379 0.3448 0.634536 0.772893 0.498459
0.1379 0.3793 0.762338 0.647179 0.456385
0.1379 0.4138 0.879407 0.476070 0.431595
0.1379 0.4483 0.962692 0.270600 0.427112
0.1379 0.4828 0.998322 0.057905 0.443550
0.1379 0.5172 0.990966 -0.134116 0.478760
0.1379 0.5517 0.956630 -0.291305 0.529007
0.1379 0.5862 0.910628 -0.413226 0.590464
0.1379 0.6207 0.862600 -0.505886 0.660007
0.1379 0.6552 0.817237 -0.576302 0.735345
0.1379 0.6897 0.776293 -0.630373 0.814874
0.1379 0.7241 0.740084 -0.672515 0.897478
0.1379 0.7586 0.708316 -0.705895 0.982384
0.1379 0.7931 0.680485 -0.732762 1.069042
0.1379 0.8276 0.656057 -0.754712 1.157059
0.1379 0.8621 0.0000 0.0000 0.0000
0.1379 0.8966 0.0000 0.0000 0.0000
0.1379 0.9310 0.0000 0.0000 0.0000
0.1379 0.9655 0.0000 0.0000 0.0000
0.1379 1.0000 0.0000 0.0000 0.0000

0.1724 0.0000 0.0000 0.0000 0.0000
0.1724 0.0345 0.028869 0.999583 1.429252
0.1724 0.0690 0.062569 0.998041 1.318874
0.1724 0.1034 0.102276 0.994756 1.210270
0.1724 0.1379 0.149499 0.988762 1.103964
0.1724 0.1724 0.206160 0.978518 1.000688
0.1724 0.2069 0.274617 0.961554 0.901484
0.1724 0.2414 0.357519 0.933906 0.807853
0.1724 0.2759 0.457199 0.889364 0.721968
0.1724 0.3103 0.574017 0.818843 0.646921
0.1724 0.3448 0.703043 0.711147 0.586883
0.1724 0.3793 0.830004 0.557757 0.546822
0.1724 0.4138 0.931954 0.362576 0.531276
0.1724 0.4483 0.988989 0.147987 0.542357
0.1724 0.4828 0.998459 -0.055493 0.578537
0.1724 0.5172 0.973821 -0.227318 0.635544
0.1724 0.5517 0.931954 -0.362576 0.708368
0.1724 0.5862 0.884902 -0.465777 0.792661
0.1724 0.6207 0.839051 -0.544053 0.885152
0.1724 0.6552 0.797075 -0.603881 0.983531
0.1724 0.6897 0.759720 -0.650250 1.086200
0.1724 0.7241 0.726872 -0.686773 1.192051
0.1724 0.7586 0.698088 -0.716012 1.300306
0.1724 0.7931 0.672845 -0.739784 1.410413
0.1724 0.8276 0.0000 0.0000 0.0000
0.1724 0.8621 0.0000 0.0000 0.0000
0.1724 0.8966 0.0000 0.0000 0.0000
0.1724 0.9310 0.0000 0.0000 0.0000
0.1724 0.9655 0.0000 0.0000 0.0000
0.1724 1.0000 0.0000 0.0000 0.0000

0.2069 0.0000 0.0000 0.0000 0.0000
0.2069 0.0345 0.031067 0.999517 1.638127
0.2069 0.0690 0.067588 0.997713 1.505941
0.2069 0.1034 0.110944 0.993827 1.376153
0.2069 0.1379 0.162917 0.986640 1.249512
0.2069 0.1724 0.225769 0.974181 1.127079
0.2069 0.2069 0.302213 0.953241 1.010384
0.2069 0.2414 0.395097 0.918640 0.901659
0.2069 0.2759 0.506296 0.862360 0.804143
0.2069 0.3103 0.634044 0.773297 0.722388
0.2069 0.3448 0.768457 0.639902 0.662260
0.2069 0.3793 0.888616 0.458653 0.629980
0.2069 0.4138 0.969607 0.244667 0.629844
0.2069 0.4483 0.999576 0.029103 0.661874
0.2069 0.4828 0.987097 -0.160123 0.721798
0.2069 0.5172 0.950182 -0.311695 0.803401
0.2069 0.5517 0.903931 -0.427678 0.900808
0.2069 0.5862 0.857056 -0.515223 1.009456
0.2069 0.6207 0.813477 -0.581598 1.126095
0.2069 0.6552 0.774492 -0.632584 1.248489
0.2069 0.6897 0.740190 -0.672397 1.375100
0.2069 0.7241 0.710182 -0.704019 1.504865
0.2069 0.7586 0.683931 -0.729546 1.637035
0.2069 0.7931 0.0000 0.0000 0.0000
0.2069 0.8276 0.0000 0.0000 0.0000
0.2069 0.8621 0.0000 0.0000 0.0000
0.2069 0.8966 0.0000 0.0000 0.0000
0.2069 0.9310 0.0000 0.0000 0.0000
0.2069 0.9655 0.0000 0.0000 0.0000
0.2069 1.0000 0.0000 0.0000 0.0000

0.2414 0.0000 0.0000 0.0000 0.0000
0.2414 0.0345 0.033230 0.999448 1.821339
0.2414 0.0690 0.072595 0.997362 1.667420
0.2414 0.1034 0.119720 0.992808 1.516615
0.2414 0.1379 0.176716 0.984262 1.369955
0.2414 0.1724 0.246245 0.969208 1.228923
0.2414 0.2069 0.331423 0.943482 1.095696
0.2414 0.2414 0.435203 0.900332 0.973481
0.2414 0.2759 0.558493 0.829510 0.866951
0.2414 0.3103 0.696082 0.717963 0.782535
0.2414 0.3448 0.831396 0.555680 0.727970
0.2414 0.3793 0.937460 0.348094 0.710169
0.2414 0.4138 0.992427 0.122835 0.731820
0.2414 0.4483 0.996349 -0.085376 0.789685
0.2414 0.4828 0.966581 -0.256362 0.876621
0.2414 0.5172 0.921710 -0.387879 0.984960
0.2414 0.5517 0.873631 -0.486590 1.108445
0.2414 0.5862 0.828039 -0.560670 1.242567
0.2414 0.6207 0.787015 -0.616933 1.384239
0.2414 0.6552 0.750925 -0.660388 1.531366
0.2414 0.6897 0.719436 -0.694559 1.682519
0.2414 0.7241 0.691994 -0.721903 1.836702
0.2414 0.7586 0.0000 0.0000 0.0000
0.2414 0.7931 0.0000 0.0000 0.0000
0.2414 0.8276 0.0000 0.0000 0.0000
0.2414 0.8621 0.0000 0.0000 0.0000
0.2414 0.8966 0.0000 0.0000 0.0000
0.2414 0.9310 0.0000 0.0000 0.0000
0.2414 0.9655 0.0000 0.0000 0.0000
0.2414 1.0000 0.0000 0.0000 0.0000

0.2759 0.0000 0.0000 0.0000 0.0000
0.2759 0.0345 0.035451 0.999371 1.978890
0.2759 0.0690 0.077806 0.996969 1.803326
0.2759 0.1034 0.128984 0.991647 1.631704
0.2759 0.1379 0.191495 0.981494 1.465407
0.2759 0.1724 0.268489 0.963283 1.306472
0.2759 0.2069 0.363516 0.931588 1.157932
0.2759 0.2414 0.479421 0.877585 1.024322
0.2759 0.2759 0.615239 0.788340 0.912225
0.2759 0.3103 0.760347 0.649517 0.830399
0.2759 0.3448 0.889918 0.456121 0.788326
0.2759 0.3793 0.973919 0.226898 0.792366
0.2759 0.4138 1.000000 0.000000 0.841855
0.2759 0.4483 0.981118 -0.193409 0.929561
0.2759 0.4828 0.939048 -0.343787 1.045915
0.2759 0.5172 0.889918 -0.456121 1.182489
0.2759 0.5517 0.842012 -0.539459 1.333084
0.2759 0.5862 0.798565 -0.601909 1.493464
0.2759 0.6207 0.760347 -0.649517 1.660797
0.2759 0.6552 0.727117 -0.686513 1.833180
0.2759 0.6897 0.698294 -0.715811 2.009313
0.2759 0.7241 0.0000 0.0000 0.0000
0.2759 0.7586 0.0000 0.0000 0.0000
0.2759 0.7931 0.0000 0.0000 0.0000
0.2759 0.8276 0.0000 0.0000 0.0000
0.2759 0.8621 0.0000 0.0000 0.0000
0.2759 0.8966 0.0000 0.0000 0.0000
0.2759 0.9310 0.0000 0.0000 0.0000
0.2759 0.9655 0.0000 0.0000 0.0000
0.2759 1.0000 0.0000 0.0000 0.0000

0.3103 0.0000 0.0000 0.0000 0.0000
0.3103 0.0345 0.037799 0.999285 2.110783
0.3103 0.0690 0.083385 0.996517 1.913680
0.3103 0.1034 0.139042 0.990286 1.721478
0.3103 0.1379 0.207774 0.978177 1.536018
0.3103 0.1724 0.293318 0.956015 1.360060
0.3103 0.2069 0.399662 0.916662 1.197800
0.3103 0.2414 0.529097 0.848561 1.055574
0.3103 0.2759 0.677231 0.735770 0.942496
0.3103 0.3103 0.825368 0.564596 0.870005
0.3103 0.3448 0.940243 0.340505 0.848568
0.3103 0.3793 0.995158 0.098289 0.881916
0.3103 0.4138 0.992793 -0.119845 0.964382
0.3103 0.4483 0.956117 -0.292984 1.084823
0.3103 0.4828 0.906548 -0.422103 1.232151
0.3103 0.5172 0.856139 -0.516746 1.397892
0.3103 0.5517 0.809883 -0.586592 1.576247
0.3103 0.5862 0.769177 -0.639036 1.763394
0.3103 0.6207 0.733922 -0.679234 1.956811
0.3103 0.6552 0.703511 -0.710684 2.154812
0.3103 0.6897 0.0000 0.0000 0.0000
0.3103 0.7241 0.0000 0.0000 0.0000
0.3103 0.7586 0.0000 0.0000 0.0000
0.3103 0.7931 0.0000 0.0000 0.0000
0.3103 0.8276 0.0000 0.0000 0.0000
0.3103 0.8621 0.0000 0.0000 0.0000
0.3103 0.8966 0.0000 0.0000 0.0000
0.3103 0.9310 0.0000 0.0000 0.0000
0.3103 0.9655 0.0000 0.0000 0.0000
0.3103 1.0000 0.0000 0.0000 0.0000

0.3448 0.0000 0.0000 0.0000 0.0000
0.3448 0.0345 0.040332 0.999186 2.217024
0.3448 0.0690 0.089484 0.995988 1.998505
0.3448 0.1034 0.150196 0.988656 1.786015
0.3448 0.1379 0.226089 0.974107 1.581985
0.3448 0.1724 0.321611 0.946872 1.390146
0.3448 0.2069 0.441103 0.897457 1.216279
0.3448 0.2414 0.585417 0.810732 1.069188
0.3448 0.2759 0.744179 0.667980 0.961245
0.3448 0.3103 0.887719 0.460386 0.906544
0.3448 0.3448 0.977574 0.210594 0.914687
0.3448 0.3793 0.999468 -0.032623 0.984115
0.3448 0.4138 0.972528 -0.232786 1.103319
0.3448 0.4483 0.923858 -0.382736 1.258230
0.3448 0.4828 0.870939 -0.491392 1.437349
0.3448 0.5172 0.821484 -0.570232 1.632729
0.3448 0.5517 0.777883 -0.628409 1.839194
0.3448 0.5862 0.740281 -0.672298 2.053404
0.3448 0.6207 0.708048 -0.706165 2.273169
0.3448 0.6552 0.0000 0.0000 0.0000
0.3448 0.6897 0.0000 0.0000 0.0000
0.3448 0.7241 0.0000 0.0000 0.0000
0.3448 0.7586 0.0000 0.0000 0.0000
0.3448 0.7931 0.0000 0.0000 0.0000
0.3448 0.8276 0.0000 0.0000 0.0000
0.3448 0.8621 0.0000 0.0000 0.0000
0.3448 0.8966 0.0000 0.0000 0.0000
0.3448 0.9310 0.0000 0.0000 0.0000
0.3448 0.9655 0.0000 0.0000 0.0000
0.3448 1.0000 0.0000 0.0000 0.0000

0.3793 0.0000 0.0000 0.0000 0.0000
0.3793 0.0345 0.043109 0.999070 2.297617
0.3793 0.0690 0.096265 0.995356 2.057833
0.3793 0.1034 0.162783 0.986662 1.825418
0.3793 0.1379 0.247069 0.968998 1.603579
0.3793 0.1724 0.354413 0.935089 1.397363
0.3793 0.2069 0.489229 0.872155 1.214753
0.3793 0.2414 0.649240 0.760583 1.067927
0.3793 0.2759 0.814196 0.580591 0.973218
0.3793 0.3103 0.941921 0.335835 0.946405
0.3793 0.3448 0.997467 0.071128 0.993003
0.3793 0.3793 0.987121 -0.159978 1.103752
0.3793 0.4138 0.941921 -0.335835 1.261873
0.3793 0.4483 0.886817 -0.462121 1.451972
0.3793 0.4828 0.833784 -0.552091 1.663119
0.3793 0.5172 0.786823 -0.617179 1.888267
0.3793 0.5517 0.746494 -0.665392 2.122964
0.3793 0.5862 0.712168 -0.702009 2.364370
0.3793 0.6207 0.0000 0.0000 0.0000
0.3793 0.6552 0.0000 0.0000 0.0000
0.3793 0.6897 0.0000 0.0000 0.0000
0.3793 0.7241 0.0000 0.0000 0.0000
0.3793 0.7586 0.0000 0.0000 0.0000
0.3793 0.7931 0.0000 0.0000 0.0000
0.3793 0.8276 0.0000 0.0000 0.0000
0.3793 0.8621 0.0000 0.0000 0.0000
0.3793 0.8966 0.0000 0.0000 0.0000
0.3793 0.9310 0.0000 0.0000 0.0000
0.3793 0.9655 0.0000 0.0000 0.0000
0.3793 1.0000 0.0000 0.0000 0.0000

0.4138 0.0000 0.0000 0.0000 0.0000
0.4138 0.0345 0.046196 0.998932 2.352571
0.4138 0.0690 0.103915 0.994586 2.091705
0.4138 0.1034 0.177213 0.984173 1.839821
0.4138 0.1379 0.271502 0.962438 1.601166
0.4138 0.1724 0.393026 0.919527 1.382606
0.4138 0.2069 0.545576 0.838062 1.195216
0.4138 0.2414 0.720604 0.693347 1.055727
0.4138 0.2759 0.882941 0.469485 0.984711
0.4138 0.3103 0.981154 0.193225 0.996909
0.4138 0.3448 0.997496 -0.070720 1.089529
0.4138 0.3793 0.960420 -0.278554 1.244748
0.4138 0.4138 0.904100 -0.427321 1.442497
0.4138 0.4483 0.847172 -0.531319 1.667715
0.4138 0.4828 0.796311 -0.604888 1.910714
0.4138 0.5172 0.752801 -0.658248 2.165515
0.4138 0.5517 0.716059 -0.698040 2.428407
0.4138 0.5862 0.685037 -0.728508 2.697024
0.4138 0.6207 0.0000 0.0000 0.0000
0.4138 0.6552 0.0000 0.0000 0.0000
0.4138 0.6897 0.0000 0.0000 0.0000
0.4138 0.7241 0.0000 0.0000 0.0000
0.4138 0.7586 0.0000 0.0000 0.0000
0.4138 0.7931 0.0000 0.0000 0.0000
0.4138 0.8276 0.0000 0.0000 0.0000
0.4138 0.8621 0.0000 0.0000 0.0000
0.4138 0.8966 0.0000 0.0000 0.0000
0.4138 0.9310 0.0000 0.0000 0.0000
0.4138 0.9655 0.0000 0.0000 0.0000
0.4138 1.0000 0.0000 0.0000 0.0000

0.4483 0.0000 0.0000 0.0000 0.0000
0.4483 0.0345 0.049671 0.998766 2.381894
0.4483 0.0690 0.112668 0.993633 2.100174
0.4483 0.1034 0.194016 0.980998 1.829411
0.4483 0.1379 0.300423 0.953806 1.575265
0.4483 0.1724 0.439110 0.898433 1.347173
0.4483 0.2069 0.611640 0.791136 1.160600
0.4483 0.2414 0.797727 0.603019 1.038176
0.4483 0.2759 0.943043 0.332671 1.003658
0.4483 0.3103 0.999233 0.039166 1.065621
0.4483 0.3448 0.978326 -0.207071 1.209326
0.4483 0.3793 0.923000 -0.384801 1.409997
0.4483 0.4138 0.862046 -0.506831 1.646941
0.4483 0.4483 0.806663 -0.591012 1.906683
0.4483 0.4828 0.759418 -0.650603 2.181093
0.4483 0.5172 0.719868 -0.694111 2.465277
0.4483 0.5517 0.0000 0.0000 0.0000
0.4483 0.5862 0.0000 0.0000 0.0000
0.4483 0.6207 0.0000 0.0000 0.0000
0.4483 0.6552 0.0000 0.0000 0.0000
0.4483 0.6897 0.0000 0.0000 0.0000
0.4483 0.7241 0.0000 0.0000 0.0000
0.4483 0.7586 0.0000 0.0000 0.0000
0.4483 0.7931 0.0000 0.0000 0.0000
0.4483 0.8276 0.0000 0.0000 0.0000
0.4483 0.8621 0.0000 0.0000 0.0000
0.4483 0.8966 0.0000 0.0000 0.0000
0.4483 0.9310 0.0000 0.0000 0.0000
0.4483 0.9655 0.0000 0.0000 0.0000
0.4483 1.0000 0.0000 0.0000 0.0000

0.4828 0.0000 0.0000 0.0000 0.0000
0.4828 0.0345 0.053631 0.998561 2.385597
0.4828 0.0690 0.122826 0.992428 2.083313
0.4828 0.1034 0.213898 0.976856 1.794444
0.4828 0.1379 0.335231 0.942136 1.526624
0.4828 0.1724 0.494752 0.869034 1.293001
0.4828 0.2069 0.688312 0.725415 1.115275
0.4828 0.2414 0.875459 0.483292 1.023007
0.4828 0.2759 0.984921 0.173002 1.039213
0.4828 0.3103 0.993213 -0.116306 1.159354
0.4828 0.3448 0.943475 -0.331444 1.356082
0.4828 0.3793 0.878830 -0.477134 1.601415
0.4828 0.4138 0.818230 -0.574890 1.876385
0.4828 0.4483 0.766566 -0.642166 2.169753
0.4828 0.4828 0.723722 -0.690092 2.474985
0.4828 0.5172 0.0000 0.0000 0.0000
0.4828 0.5517 0.0000 0.0000 0.0000
0.4828 0.5862 0.0000 0.0000 0.0000
0.4828 0.6207 0.0000 0.0000 0.0000
0.4828 0.6552 0.0000 0.0000 0.0000
0.4828 0.6897 0.0000 0.0000 0.0000
0.4828 0.7241 0.0000 0.0000 0.0000
0.4828 0.7586 0.0000 0.0000 0.0000
0.4828 0.7931 0.0000 0.0000 0.0000
0.4828 0.8276 0.0000 0.0000 0.0000
0.4828 0.8621 0.0000 0.0000 0.0000
0.4828 0.8966 0.0000 0.0000 0.0000
0.4828 0.9310 0.0000 0.0000 0.0000
0.4828 0.9655 0.0000 0.0000 0.0000
0.4828 1.0000 0.0000 0.0000 0.0000

0.5172 0.0000 0.0000 0.0000 0.0000
0.5172 0.0345 0.058203 0.998305 2.363698
0.5172 0.0690 0.134796 0.990873 2.041222
0.5172 0.1034 0.237841 0.971304 1.735289
0.5172 0.1379 0.377857 0.925864 1.456364
0.5172 0.1724 0.562416 0.826854 1.223065
0.5172 0.2069 0.774494 0.632581 1.065787
0.5172 0.2414 0.943846 0.330387 1.020315
0.5172 0.2759 1.000000 0.000000 1.100594
0.5172 0.3103 0.964879 -0.262694 1.283237
0.5172 0.3448 0.897969 -0.440059 1.532061
0.5172 0.3793 0.831437 -0.555619 1.820123
0.5172 0.4138 0.774494 -0.632581 2.131575
0.5172 0.4483 0.727747 -0.685846 2.457539
0.5172 0.4828 0.0000 0.0000 0.0000
0.5172 0.5172 0.0000 0.0000 0.0000
0.5172 0.5517 0.0000 0.0000 0.0000
0.5172 0.5862 0.0000 0.0000 0.0000
0.5172 0.6207 0.0000 0.0000 0.0000
0.5172 0.6552 0.0000 0.0000 0.0000
0.5172 0.6897 0.0000 0.0000 0.0000
0.5172 0.7241 0.0000 0.0000 0.0000
0.5172 0.7586 0.0000 0.0000 0.0000
0.5172 0.7931 0.0000 0.0000 0.0000
0.5172 0.8276 0.0000 0.0000 0.0000
0.5172 0.8621 0.0000 0.0000 0.0000
0.5172 0.8966 0.0000 0.0000 0.0000
0.5172 0.9310 0.0000 0.0000 0.0000
0.5172 0.9655 0.0000 0.0000 0.0000
0.5172 1.0000 0.0000 0.0000 0.0000

0.5517 0.0000 0.0000 0.0000 0.0000
0.5517 0.0345 0.063554 0.997978 2.316216
0.5517 0.0690 0.149142 0.988816 1.974040
0.5517 0.1034 0.267243 0.963629 1.652492
0.5517 0.1379 0.430987 0.902358 1.366218
0.5517 0.1724 0.644476 0.764625 1.142058
0.5517 0.2069 0.864437 0.502742 1.021745
0.5517 0.2414 0.989002 0.147905 1.041899
0.5517 0.2759 0.985118 -0.171878 1.195436
0.5517 0.3103 0.919835 -0.392305 1.440314
0.5517 0.3448 0.846813 -0.531891 1.738350
0.5517 0.3793 0.783511 -0.621378 2.066675
0.5517 0.4138 0.732077 -0.681222 2.412954
0.5517 0.4483 0.0000 0.0000 0.0000
0.5517 0.4828 0.0000 0.0000 0.0000
0.5517 0.5172 0.0000 0.0000 0.0000
0.5517 0.5517 0.0000 0.0000 0.0000
0.5517 0.5862 0.0000 0.0000 0.0000
0.5517 0.6207 0.0000 0.0000 0.0000
0.5517 0.6552 0.0000 0.0000 0.0000
0.5517 0.6897 0.0000 0.0000 0.0000
0.5517 0.7241 0.0000 0.0000 0.0000
0.5517 0.7586 0.0000 0.0000 0.0000
0.5517 0.7931 0.0000 0.0000 0.0000
0.5517 0.8276 0.0000 0.0000 0.0000
0.5517 0.8621 0.0000 0.0000 0.0000
0.5517 0.8966 0.0000 0.0000 0.0000
0.5517 0.9310 0.0000 0.0000 0.0000
0.5517 0.9655 0.0000 0.0000 0.0000
0.5517 1.0000 0.0000 0.0000 0.0000

0.5862 0.0000 0.0000 0.0000 0.0000
0.5862 0.0345 0.069917 0.997553 2.243183
0.5862 0.0690 0.166673 0.986012 1.881973
0.5862 0.1034 0.304165 0.952619 1.546896
0.5862 0.1379 0.498294 0.867008 1.258993
0.5862 0.1724 0.741530 0.670919 1.057523
0.5862 0.2069 0.944448 0.328659 0.996373
0.5862 0.2414 0.998767 -0.049652 1.099215
0.5862 0.2759 0.944448 -0.328659 1.328497
0.5862 0.3103 0.865037 -0.501708 1.631761
0.5862 0.3448 0.794023 -0.607888 1.975222
0.5862 0.3793 0.736874 -0.676030 2.341253
0.5862 0.4138 0.691734 -0.722152 2.720762
0.5862 0.4483 0.0000 0.0000 0.0000
0.5862 0.4828 0.0000 0.0000 0.0000
0.5862 0.5172 0.0000 0.0000 0.0000
0.5862 0.5517 0.0000 0.0000 0.0000
0.5862 0.5862 0.0000 0.0000 0.0000
0.5862 0.6207 0.0000 0.0000 0.0000
0.5862 0.6552 0.0000 0.0000 0.0000
0.5862 0.6897 0.0000 0.0000 0.0000
0.5862 0.7241 0.0000 0.0000 0.0000
0.5862 0.7586 0.0000 0.0000 0.0000
0.5862 0.7931 0.0000 0.0000 0.0000
0.5862 0.8276 0.0000 0.0000 0.0000
0.5862 0.8621 0.0000 0.0000 0.0000
0.5862 0.8966 0.0000 0.0000 0.0000
0.5862 0.9310 0.0000 0.0000 0.0000
0.5862 0.9655 0.0000 0.0000 0.0000
0.5862 1.0000 0.0000 0.0000 0.0000

0.6207 0.0000 0.0000 0.0000 0.0000
0.6207 0.0345 0.077621 0.996983 2.144639
0.6207 0.0690 0.188598 0.982054 1.765330
0.6207 0.1034 0.351729 0.936102 1.419858
0.6207 0.1379 0.584393 0.811471 1.139429
0.6207 0.1724 0.848053 0.529912 0.981475
0.6207 0.2069 0.993372 0.114947 1.005476
0.6207 0.2414 0.970607 -0.240671 1.200568
0.6207 0.2759 0.886957 -0.461851 1.501479
0.6207 0.3103 0.806588 -0.591114 1.857474
0.6207 0.3448 0.742344 -0.670019 2.242470
0.6207 0.3793 0.0000 0.0000 0.0000
0.6207 0.4138 0.0000 0.0000 0.0000
0.6207 0.4483 0.0000 0.0000 0.0000
0.6207 0.4828 0.0000 0.0000 0.0000
0.6207 0.5172 0.0000 0.0000 0.0000
0.6207 0.5517 0.0000 0.0000 0.0000
0.6207 0.5862 0.0000 0.0000 0.0000
0.6207 0.6207 0.0000 0.0000 0.0000
0.6207 0.6552 0.0000 0.0000 0.0000
0.6207 0.6897 0.0000 0.0000 0.0000
0.6207 0.7241 0.0000 0.0000 0.0000
0.6207 0.7586 0.0000 0.0000 0.0000
0.6207 0.7931 0.0000 0.0000 0.0000
0.6207 0.8276 0.0000 0.0000 0.0000
0.6207 0.8621 0.0000 0.0000 0.0000
0.6207 0.8966 0.0000 0.0000 0.0000
0.6207 0.9310 0.0000 0.0000 0.0000
0.6207 0.9655 0.0000 0.0000 0.0000
0.6207 1.0000 0.0000 0.0000 0.0000

0.6552 0.0000 0.0000 0.0000 0.0000
0.6552 0.0345 0.087150 0.996195 2.020649
0.6552 0.0690 0.216791 0.976218 1.624605
0.6552 0.1034 0.414773 0.909925 1.273707
0.6552 0.1379 0.693399 0.720554 1.015865
0.6552 0.1724 0.944918 0.327308 0.931826
0.6552 0.2069 0.993400 -0.114700 1.063619
0.6552 0.2414 0.913502 -0.406833 1.349421
0.6552 0.2759 0.822012 -0.569470 1.713842
0.6552 0.3103 0.748775 -0.662825 2.116657
0.6552 0.3448 0.0000 0.0000 0.0000
0.6552 0.3793 0.0000 0.0000 0.0000
0.6552 0.4138 0.0000 0.0000 0.0000
0.6552 0.4483 0.0000 0.0000 0.0000
0.6552 0.4828 0.0000 0.0000 0.0000
0.6552 0.5172 0.0000 0.0000 0.0000
0.6552 0.5517 0.0000 0.0000 0.0000
0.6552 0.5862 0.0000 0.0000 0.0000
0.6552 0.6207 0.0000 0.0000 0.0000
0.6552 0.6552 0.0000 0.0000 0.0000
0.6552 0.6897 0.0000 0.0000 0.0000
0.6552 0.7241 0.0000 0.0000 0.0000
0.6552 0.7586 0.0000 0.0000 0.0000
0.6552 0.7931 0.0000 0.0000 0.0000
0.6552 0.8276 0.0000 0.0000 0.0000
0.6552 0.8621 0.0000 0.0000 0.0000
0.6552 0.8966 0.0000 0.0000 0.0000
0.6552 0.9310 0.0000 0.0000 0.0000
0.6552 0.9655 0.0000 0.0000 0.0000
0.6552 1.0000 0.0000 0.0000 0.0000

0.6897 0.0000 0.0000 0.0000 0.0000
0.6897 0.0345 0.099252 0.995062 1.871309
0.6897 0.0690 0.254317 0.967121 1.460628
0.6897 0.1034 0.500758 0.865587 1.112700
0.6897 0.1379 0.822533 0.568717 0.903216
0.6897 0.1724 0.997618 0.068977 0.930873
0.6897 0.2069 0.945115 -0.326736 1.179102
0.6897 0.2414 0.841493 -0.540267 1.545014
0.6897 0.2759 0.756583 -0.653897 1.963895
0.6897 0.3103 0.0000 0.0000 0.0000
0.6897 0.3448 0.0000 0.0000 0.0000
0.6897 0.3793 0.0000 0.0000 0.0000
0.6897 0.4138 0.0000 0.0000 0.0000
0.6897 0.4483 0.0000 0.0000 0.0000
0.6897 0.4828 0.0000 0.0000 0.0000
0.6897 0.5172 0.0000 0.0000 0.0000
0.6897 0.5517 0.0000 0.0000 0.0000
0.6897 0.5862 0.0000 0.0000 0.0000
0.6897 0.6207 0.0000 0.0000 0.0000
0.6897 0.6552 0.0000 0.0000 0.0000
0.6897 0.6897 0.0000 0.0000 0.0000
0.6897 0.7241 0.0000 0.0000 0.0000
0.6897 0.7586 0.0000 0.0000 0.0000
0.6897 0.7931 0.0000 0.0000 0.0000
0.6897 0.8276 0.0000 0.0000 0.0000
0.6897 0.8621 0.0000 0.0000 0.0000
0.6897 0.8966 0.0000 0.0000 0.0000
0.6897 0.9310 0.0000 0.0000 0.0000
0.6897 0.9655 0.0000 0.0000 0.0000
0.6897 1.0000 0.0000 0.0000 0.0000

0.7241 0.0000 0.0000 0.0000 0.0000
0.7241 0.0345 0.115137 0.993350 1.696778
0.7241 0.0690 0.306474 0.951879 1.274905
0.7241 0.1034 0.620036 0.784574 0.945249
0.7241 0.1379 0.945293 0.326221 0.826675
0.7241 0.1724 0.979229 -0.202759 0.997533
0.7241 0.2069 0.866844 -0.498580 1.352235
0.7241 0.2414 0.766421 -0.642338 1.784317
0.7241 0.2759 0.0000 0.0000 0.0000
0.7241 0.3103 0.0000 0.0000 0.0000
0.7241 0.3448 0.0000 0.0000 0.0000
0.7241 0.3793 0.0000 0.0000 0.0000
0.7241 0.4138 0.0000 0.0000 0.0000
0.7241 0.4483 0.0000 0.0000 0.0000
0.7241 0.4828 0.0000 0.0000 0.0000
0.7241 0.5172 0.0000 0.0000 0.0000
0.7241 0.5517 0.0000 0.0000 0.0000
0.7241 0.5862 0.0000 0.0000 0.0000
0.7241 0.6207 0.0000 0.0000 0.0000
0.7241 0.6552 0.0000 0.0000 0.0000
0.7241 0.6897 0.0000 0.0000 0.0000
0.7241 0.7241 0.0000 0.0000 0.0000
0.7241 0.7586 0.0000 0.0000 0.0000
0.7241 0.7931 0.0000 0.0000 0.0000
0.7241 0.8276 0.0000 0.0000 0.0000
0.7241 0.8621 0.0000 0.0000 0.0000
0.7241 0.8966 0.0000 0.0000 0.0000
0.7241 0.9310 0.0000 0.0000 0.0000
0.7241 0.9655 0.0000 0.0000 0.0000
0.7241 1.0000 0.0000 0.0000 0.0000

0.7586 0.0000 0.0000 0.0000 0.0000
0.7586 0.0345 0.136906 0.990584 1.497333
0.7586 0.0690 0.383006 0.923746 1.070449
0.7586 0.1034 0.779367 0.626568 0.789079
0.7586 0.1379 1.000000 0.000000 0.819976
0.7586 0.1724 0.900690 -0.434463 1.137984
0.7586 0.2069 0.779367 -0.626568 1.578158
0.7586 0.2414 0.695314 -0.718706 2.063756
0.7586 0.2759 0.0000 0.0000 0.0000
0.7586 0.3103 0.0000 0.0000 0.0000
0.7586 0.3448 0.0000 0.0000 0.0000
0.7586 0.3793 0.0000 0.0000 0.0000
0.7586 0.4138 0.0000 0.0000 0.0000
0.7586 0.4483 0.0000 0.0000 0.0000
0.7586 0.4828 0.0000 0.0000 0.0000
0.7586 0.5172 0.0000 0.0000 0.0000
0.7586 0.5517 0.0000 0.0000 0.0000
0.7586 0.5862 0.0000 0.0000 0.0000
0.7586 0.6207 0.0000 0.0000 0.0000
0.7586 0.6552 0.0000 0.0000 0.0000
0.7586 0.6897 0.0000 0.0000 0.0000
0.7586 0.7241 0.0000 0.0000 0.0000
0.7586 0.7586 0.0000 0.0000 0.0000
0.7586 0.7931 0.0000 0.0000 0.0000
0.7586 0.8276 0.0000 0.0000 0.0000
0.7586 0.8621 0.0000 0.0000 0.0000
0.7586 0.8966 0.0000 0.0000 0.0000
0.7586 0.9310 0.0000 0.0000 0.0000
0.7586 0.9655 0.0000 0.0000 0.0000
0.7586 1.0000 0.0000 0.0000 0.0000

0.7931 0.0000 0.0000 0.0000 0.0000
0.7931 0.0345 0.168531 0.985696 1.273507
0.7931 0.0690 0.502572 0.864535 0.854108
0.7931 0.1034 0.945601 0.325329 0.680918
0.7931 0.1379 0.945601 -0.325329 0.907890
0.7931 0.1724 0.797352 -0.603514 1.345863
0.7931 0.2069 0.0000 0.0000 0.0000
0.7931 0.2414 0.0000 0.0000 0.0000
0.7931 0.2759 0.0000 0.0000 0.0000
0.7931 0.3103 0.0000 0.0000 0.0000
0.7931 0.3448 0.0000 0.0000 0.0000
0.7931 0.3793 0.0000 0.0000 0.0000
0.7931 0.4138 0.0000 0.0000 0.0000
0.7931 0.4483 0.0000 0.0000 0.0000
0.7931 0.4828 0.0000 0.0000 0.0000
0.7931 0.5172 0.0000 0.0000 0.0000
0.7931 0.5517 0.0000 0.0000 0.0000
0.7931 0.5862 0.0000 0.0000 0.0000
0.7931 0.6207 0.0000 0.0000 0.0000
0.7931 0.6552 0.0000 0.0000 0.0000
0.7931 0.6897 0.0000 0.0000 0.0000
0.7931 0.7241 0.0000 0.0000 0.0000
0.7931 0.7586 0.0000 0.0000 0.0000
0.7931 0.7931 0.0000 0.0000 0.0000
0.7931 0.8276 0.0000 0.0000 0.0000
0.7931 0.8621 0.0000 0.0000 0.0000
0.7931 0.8966 0.0000 0.0000 0.0000
0.7931 0.9310 0.0000 0.0000 0.0000
0.7931 0.9655 0.0000 0.0000 0.0000
0.7931 1.0000 0.0000 0.0000 0.0000

0.8276 0.0000 0.0000 0.0000 0.0000
0.8276 0.0345 0.218476 0.975842 1.026461
0.8276 0.0690 0.696319 0.717733 0.644121
0.8276 0.1034 0.993505 -0.113784 0.677168
0.8276 0.1379 0.824169 -0.566343 1.088402
0.8276 0.1724 0.0000 0.0000 0.0000
0.8276 0.2069 0.0000 0.0000 0.0000
0.8276 0.2414 0.0000 0.0000 0.0000
0.8276 0.2759 0.0000 0.0000 0.0000
0.8276 0.3103 0.0000 0.0000 0.0000
0.8276 0.3448 0.0000 0.0000 0.0000
0.8276 0.3793 0.0000 0.0000 0.0000
0.8276 0.4138 0.0000 0.0000 0.0000
0.8276 0.4483 0.0000 0.0000 0.0000
0.8276 0.4828 0.0000 0.0000 0.0000
0.8276 0.5172 0.0000 0.0000 0.0000
0.8276 0.5517 0.0000 0.0000 0.0000
0.8276 0.5862 0.0000 0.0000 0.0000
0.8276 0.6207 0.0000 0.0000 0.0000
0.8276 0.6552 0.0000 0.0000 0.0000
0.8276 0.6897 0.0000 0.0000 0.0000
0.8276 0.7241 0.0000 0.0000 0.0000
0.8276 0.7586 0.0000 0.0000 0.0000
0.8276 0.7931 0.0000 0.0000 0.0000
0.8276 0.8276 0.0000 0.0000 0.0000
0.8276 0.8621 0.0000 0.0000 0.0000
0.8276 0.8966 0.0000 0.0000 0.0000
0.8276 0.9310 0.0000 0.0000 0.0000
0.8276 0.9655 0.0000 0.0000 0.0000
0.8276 1.0000 0.0000 0.0000 0.0000

0.8621 0.0000 0.0000 0.0000 0.0000
0.8621 0.0345 0.308041 0.951373 0.759276
0.8621 0.0690 0.945857 0.324582 0.494553
0.8621 0.1034 0.868053 -0.496472 0.808320
0.8621 0.1379 0.696760 -0.717305 1.342720
0.8621 0.1724 0.0000 0.0000 0.0000
0.8621 0.2069 0.0000 0.0000 0.0000
0.8621 0.2414 0.0000 0.0000 0.0000
0.8621 0.2759 0.0000 0.0000 0.0000
0.8621 0.3103 0.0000 0.0000 0.0000
0.8621 0.3448 0.0000 0.0000 0.0000
0.8621 0.3793 0.0000 0.0000 0.0000
0.8621 0.4138 0.0000 0.0000 0.0000
0.8621 0.4483 0.0000 0.0000 0.0000
0.8621 0.4828 0.0000 0.0000 0.0000
0.8621 0.5172 0.0000 0.0000 0.0000
0.8621 0.5517 0.0000 0.0000 0.0000
0.8621 0.5862 0.0000 0.0000 0.0000
0.8621 0.6207 0.0000 0.0000 0.0000
0.8621 0.6552 0.0000 0.0000 0.0000
0.8621 0.6897 0.0000 0.0000 0.0000
0.8621 0.7241 0.0000 0.0000 0.0000
0.8621 0.7586 0.0000 0.0000 0.0000
0.8621 0.7931 0.0000 0.0000 0.0000
0.8621 0.8276 0.0000 0.0000 0.0000
0.8621 0.8621 0.0000 0.0000 0.0000
0.8621 0.8966 0.0000 0.0000 0.0000
0.8621 0.9310 0.0000 0.0000 0.0000
0.8621 0.9655 0.0000 0.0000 0.0000
0.8621 1.0000 0.0000 0.0000 0.0000

0.8966 0.0000 0.0000 0.0000 0.0000
0.8966 0.0345 0.503963 0.863725 0.483209
0.8966 0.0690 0.945970 -0.324253 0.514857
0.8966 0.1034 0.0000 0.0000 0.0000
0.8966 0.1379 0.0000 0.0000 0.0000
0.8966 0.1724 0.0000 0.0000 0.0000
0.8966 0.2069 0.0000 0.0000 0.0000
0.8966 0.2414 0.0000 0.0000 0.0000
0.8966 0.2759 0.0000 0.0000 0.0000
0.8966 0.3103 0.0000 0.0000 0.0000
0.8966 0.3448 0.0000 0.0000 0.0000
0.8966 0.3793 0.0000 0.0000 0.0000
0.8966 0.4138 0.0000 0.0000 0.0000
0.8966 0.4483 0.0000 0.0000 0.0000
0.8966 0.4828 0.0000 0.0000 0.0000
0.8966 0.5172 0.0000 0.0000 0.0000
0.8966 0.5517 0.0000 0.0000 0.0000
0.8966 0.5862 0.0000 0.0000 0.0000
0.8966 0.6207 0.0000 0.0000 0.0000
0.8966 0.6552 0.0000 0.0000 0.0000
0.8966 0.6897 0.0000 0.0000 0.0000
0.8966 0.7241 0.0000 0.0000 0.0000
0.8966 0.7586 0.0000 0.0000 0.0000
0.8966 0.7931 0.0000 0.0000 0.0000
0.8966 0.8276 0.0000 0.0000 0.0000
0.8966 0.8621 0.0000 0.0000 0.0000
0.8966 0.8966 0.0000 0.0000 0.0000
0.8966 0.9310 0.0000 0.0000 0.0000
0.8966 0.9655 0.0000 0.0000 0.0000
0.8966 1.0000 0.0000 0.0000 0.0000

0.9310 0.0000 0.0000 0.0000 0.0000
0.9310 0.0345 0.946074 0.323949 0.267580
0.9310 0.0690 0.697541 -0.716544 0.725838
0.9310 0.1034 0.0000 0.0000 0.0000
0.9310 0.1379 0.0000 0.0000 0.0000
0.9310 0.1724 0.0000 0.0000 0.0000
0.9310 0.2069 0.0000 0.0000 0.0000
0.9310 0.2414 0.0000 0.0000 0.0000
0.9310 0.2759 0.0000 0.0000 0.0000
0.9310 0.3103 0.0000 0.0000 0.0000
0.9310 0.3448 0.0000 0.0000 0.0000
0.9310 0.3793 0.0000 0.0000 0.0000
0.9310 0.4138 0.0000 0.0000 0.0000
0.9310 0.4483 0.0000 0.0000 0.0000
0.9310 0.4828 0.0000 0.0000 0.0000
0.9310 0.5172 0.0000 0.0000 0.0000
0.9310 0.5517 0.0000 0.0000 0.0000
0.9310 0.5862 0.0000 0.0000 0.0000
0.9310 0.6207 0.0000 0.0000 0.0000
0.9310 0.6552 0.0000 0.0000 0.0000
0.9310 0.6897 0.0000 0.0000 0.0000
0.9310 0.7241 0.0000 0.0000 0.0000
0.9310 0.7586 0.0000 0.0000 0.0000
0.9310 0.7931 0.0000 0.0000 0.0000
0.9310 0.8276 0.0000 0.0000 0.0000
0.9310 0.8621 0.0000 0.0000 0.0000
0.9310 0.8966 0.0000 0.0000 0.0000
0.9310 0.9310 0.0000 0.0000 0.0000
0.9310 0.9655 0.0000 0.0000 0.0000
0.9310 1.0000 0.0000 0.0000 0.0000

0.9655 0.0000 0.0000 0.0000 0.0000
0.9655 0.0345 0.0000 0.0000 0.0000
0.9655 0.0690 0.0000 0.0000 0.0000
0.9655 0.1034 0.0000 0.0000 0.0000
0.9655 0.1379 0.0000 0.0000 0.0000
0.9655 0.1724 0.0000 0.0000 0.0000
0.9655 0.2069 0.0000 0.0000 0.0000
0.9655 0.2414 0.0000 0.0000 0.0000
0.9655 0.2759 0.0000 0.0000 0.0000
0.9655 0.3103 0.0000 0.0000 0.0000
0.9655 0.3448 0.0000 0.0000 0.0000
0.9655 0.3793 0.0000 0.0000 0.0000
0.9655 0.4138 0.0000 0.0000 0.0000
0.9655 0.4483 0.0000 0.0000 0.0000
0.9655 0.4828 0.0000 0.0000 0.0000
0.9655 0.5172 0.0000 0.0000 0.0000
0.9655 0.5517 0.0000 0.0000 0.0000
0.9655 0.5862 0.0000 0.0000 0.0000
0.9655 0.6207 0.0000 0.0000 0.0000
0.9655 0.6552 0.0000 0.0000 0.0000
0.9655 0.6897 0.0000 0.0000 0.0000
0.9655 0.7241 0.0000 0.0000 0.0000
0.9655 0.7586 0.0000 0.0000 0.0000
0.9655 0.7931 0.0000 0.0000 0.0000
0.9655 0.8276 0.0000 0.0000 0.0000
0.9655 0.8621 0.0000 0.0000 0.0000
0.9655 0.8966 0.0000 0.0000 0.0000
0.9655 0.9310 0.0000 0.0000 0.0000
0.9655 0.9655 0.0000 0.0000 0.0000
0.9655 1.0000 0.0000 0.0000 0.0000

1.0000 0.0000 0.0000 0.0000 0.0000
1.0000 0.0345 0.0000 0.0000 0.0000
1.0000 0.0690 0.0000 0.0000 0.0000
1.0000 0.1034 0.0000 0.0000 0.0000
1.0000 0.1379 0.0000 0.0000 0.0000
1.0000 0.1724 0.0000 0.0000 0.0000
1.0000 0.2069 0.0000 0.0000 0.0000
1.0000 0.2414 0.0000 0.0000 0.0000
1.0000 0.2759 0.0000 0.0000 0.0000
1.0000 0.3103 0.0000 0.0000 0.0000
1.0000 0.3448 0.0000 0.0000 0.0000
1.0000 0.3793 0.0000 0.0000 0.0000
1.0000 0.4138 0.0000 0.0000 0.0000
1.0000 0.4483 0.0000 0.0000 0.0000
1.0000 0.4828 0.0000 0.0000 0.0000
1.0000 0.5172 0.0000 0.0000 0.0000
1.0000 0.5517 0.0000 0.0000 0.0000
1.0000 0.5862 0.0000 0.0000 0.0000
1.0000 0.6207 0.0000 0.0000 0.0000
1.0000 0.6552 0.0000 0.0000 0.0000
1.0000 0.6897 0.0000 0.0000 0.0000
1.0000 0.7241 0.0000 0.0000 0.0000
1.0000 0.7586 0.0000 0.0000 0.0000
1.0000 0.7931 0.0000 0.0000 0.0000
1.0000 0.8276 0.0000 0.0000 0.0000
1.0000 0.8621 0.0000 0.0000 0.0000
1.0000 0.8966 0.0000 0.0000 0.0000
1.0000 0.9310 0.0000 0.0000 0.0000
1.0000 0.9655 0.0000 0.0000 0.0000
1.0000 1.0000 0.0000 0.0000 0.0000

