0.0000 0.0000 0.0000 0.0000 0.0000
0.0000 0.0345 0.0000 0.0000 0.0000
0.0000 0.0690 0.0000 0.0000 0.0000
0.0000 0.1034 0.0000 0.0000 0.0000
0.0000 0.1379 0.0000 0.0000 0.0000
0.0000 0.1724 0.0000 0.0000 0.0000
0.0000 0.2069 0.0000 0.0000 0.0000
0.0000 0.2414 0.0000 0.0000 0.0000
0.0000 0.2759 0.0000 0.0000 0.0000
0.0000 0.3103 0.0000 0.0000 0.0000
0.0000 0.3448 0.0000 0.0000 0.0000
0.0000 0.3793 0.0000 0.0000 0.0000
0.0000 0.4138 0.0000 0.0000 0.0000
0.0000 0.4483 0.0000 0.0000 0.0000
0.0000 0.4828 0.0000 0.0000 0.0000
0.0000 0.5172 0.0000 0.0000 0.0000
0.0000 0.5517 0.0000 0.0000 0.0000
0.0000 0.5862 0.0000 0.0000 0.0000
0.0000 0.6207 0.0000 0.0000 0.0000
0.0000 0.6552 0.0000 0.0000 0.0000
0.0000 0.6897 0.0000 0.0000 0.0000
0.0000 0.7241 0.0000 0.0000 0.0000
0.0000 0.7586 0.0000 0.0000 0.0000
0.0000 0.7931 0.0000 0.0000 0.0000
0.0000 0.8276 0.0000 0.0000 0.0000
0.0000 0.8621 0.0000 0.0000 0.0000
0.0000 0.8966 0.0000 0.0000 0.0000
0.0000 0.9310 0.0000 0.0000 0.0000
0.0000 0.9655 0.0000 0.0000 0.0000
0.0000 1.0000 0.0000 0.0000 0.0000

0.0345 0.0000 0.0000 0.0000 0.0000
0.0345 0.0345 0.014034 0.999902 0.474482
0.0345 0.0690 0.030062 0.999548 0.443006
0.0345 0.1034 0.048526 0.998822 0.411662
0.0345 0.1379 0.070003 0.997547 0.380482
0.0345 0.1724 0.095259 0.995453 0.349509
0.0345 0.2069 0.125320 0.992116 0.318803
0.0345 0.2414 0.161591 0.986858 0.288452
0.0345 0.2759 0.206010 0.978550 0.258579
0.0345 0.3103 0.261275 0.965265 0.229370
0.0345 0.3448 0.331088 0.943600 0.201117
0.0345 0.3793 0.420269 0.907399 0.174284
0.0345 0.4138 0.533993 0.845489 0.149637
0.0345 0.4483 0.673962 0.738766 0.128440
0.0345 0.4828 0.827476 0.561501 0.112659
0.0345 0.5172 0.953342 0.301892 0.104769
0.0345 0.5517 1.000000 0.000000 0.106540
0.0345 0.5862 0.963111 -0.269105 0.117534
0.0345 0.6207 0.884385 -0.466759 0.135526
0.0345 0.6552 0.800000 -0.600000 0.158145
0.0345 0.6897 0.724999 -0.688749 0.183690
0.0345 0.7241 0.662404 -0.749147 0.211100
0.0345 0.7586 0.611052 -0.791590 0.239738
0.0345 0.7931 0.568888 -0.822415 0.269211
0.0345 0.8276 0.533993 -0.845489 0.299273
0.0345 0.8621 0.504812 -0.863229 0.329763
0.0345 0.8966 0.480145 -0.877189 0.360572
0.0345 0.9310 0.459076 -0.888397 0.391626
0.0345 0.9655 0.0000 0.0000 0.0000
0.0345 1.0000 0.0000 0.0000 0.0000

0.0690 0.0000 0.0000 0.0000 0.0000
0.0690 0.0345 0.022142 0.999755 0.912947
0.0690 0.0690 0.047539 0.998869 0.850426
0.0690 0.1034 0.076904 0.997038 0.788542
0.0690 0.1379 0.111149 0.993804 0.727456
0.0690 0.1724 0.151441 0.988466 0.667388
0.0690 0.2069 0.199271 0.979944 0.608639
0.0690 0.2414 0.256509 0.966542 0.551631
0.0690 0.2759 0.325401 0.945576 0.496963
0.0690 0.3103 0.408366 0.912818 0.445498
0.0690 0.3448 0.507281 0.861781 0.398478
0.0690 0.3793 0.621690 0.783263 0.357661
0.0690 0.4138 0.745471 0.666538 0.325390
0.0690 0.4483 0.863297 0.504697 0.304394
0.0690 0.4828 0.952610 0.304195 0.297075
0.0690 0.5172 0.996027 0.089056 0.304420
0.0690 0.5517 0.993812 -0.111073 0.325438
0.0690 0.5862 0.960616 -0.277881 0.357727
0.0690 0.6207 0.912924 -0.408131 0.398558
0.0690 0.6552 0.861934 -0.507020 0.445587
0.0690 0.6897 0.813345 -0.581781 0.497059
0.0690 0.7241 0.769386 -0.638784 0.551732
0.0690 0.7586 0.730535 -0.682875 0.608743
0.0690 0.7931 0.696519 -0.717539 0.667495
0.0690 0.8276 0.666795 -0.745241 0.727565
0.0690 0.8621 0.640777 -0.767727 0.788653
0.0690 0.8966 0.617920 -0.786241 0.850538
0.0690 0.9310 0.0000 0.0000 0.0000
0.0690 0.9655 0.0000 0.0000 0.0000
0.0690 1.0000 0.0000 0.0000 0.0000

0.1034 0.0000 0.0000 0.0000 0.0000
0.1034 0.0345 0.025674 0.999670 1.315297
0.1034 0.0690 0.055276 0.998471 1.221844
0.1034 0.1034 0.089682 0.995970 1.129641
0.1034 0.1379 0.130005 0.991513 1.039020
0.1034 0.1724 0.177652 0.984093 0.950433
0.1034 0.2069 0.234372 0.972147 0.864507
0.1034 0.2414 0.302237 0.953233 0.782119
0.1034 0.2759 0.383465 0.923556 0.704510
0.1034 0.3103 0.479799 0.877379 0.633440
0.1034 0.3448 0.591039 0.806643 0.571355
0.1034 0.3793 0.712332 0.701843 0.521474
0.1034 0.4138 0.831149 0.556050 0.487556
0.1034 0.4483 0.928025 0.372517 0.473049
0.1034 0.4828 0.985523 0.169542 0.479715
0.1034 0.5172 0.999642 -0.026751 0.506721
0.1034 0.5517 0.980448 -0.196780 0.551084
0.1034 0.5862 0.942622 -0.333862 0.609023
0.1034 0.6207 0.897774 -0.440457 0.677061
0.1034 0.6552 0.852688 -0.522421 0.752465
0.1034 0.6897 0.810559 -0.585657 0.833236
0.1034 0.7241 0.772536 -0.634971 0.917959
0.1034 0.7586 0.738762 -0.673967 1.005635
0.1034 0.7931 0.708949 -0.705259 1.095557
0.1034 0.8276 0.682661 -0.730735 1.187213
0.1034 0.8621 0.659438 -0.751759 1.280231
0.1034 0.8966 0.0000 0.0000 0.0000
0.1034 0.9310 0.0000 0.0000 0.0000
0.1034 0.9655 0.0000 0.0000 0.0000
0.1034 1.0000 0.0000 0.0000 0.0000

0.1379 0.0000 0.0000 0.0000 0.0000
0.1379 0.0345 0.028144 0.999604 1.681522
0.1379 0.0690 0.060781 0.998151 1.557219
0.1379 0.1034 0.098946 0.995093 1.434865
0.1379 0.1379 0.143953 0.989585 1.315004
0.1379 0.1724 0.197452 0.980313 1.198385
0.1379 0.2069 0.261449 0.965217 1.086052
0.1379 0.2414 0.338212 0.941070 0.979481
0.1379 0.2759 0.429850 0.902900 0.880766
0.1379 0.3103 0.537205 0.843451 0.792847
0.1379 0.3448 0.657568 0.753395 0.719691
0.1379 0.3793 0.781426 0.623998 0.666181
0.1379 0.4138 0.891119 0.453769 0.637283
0.1379 0.4483 0.966779 0.255615 0.636361
0.1379 0.4828 0.998515 0.054477 0.663530
0.1379 0.5172 0.991994 -0.126284 0.715598
0.1379 0.5517 0.961341 -0.275359 0.787643
0.1379 0.5862 0.919721 -0.392574 0.874742
0.1379 0.6207 0.875606 -0.483026 0.972861
0.1379 0.6552 0.833337 -0.552766 1.078997
0.1379 0.6897 0.794698 -0.607005 1.191009
0.1379 0.7241 0.760155 -0.649742 1.307388
0.1379 0.7586 0.729568 -0.683908 1.427065
0.1379 0.7931 0.702564 -0.711620 1.549277
0.1379 0.8276 0.678705 -0.734411 1.673468
0.1379 0.8621 0.0000 0.0000 0.0000
0.1379 0.8966 0.0000 0.0000 0.0000
0.1379 0.9310 0.0000 0.0000 0.0000
0.1379 0.9655 0.0000 0.0000 0.0000
0.1379 1.0000 0.0000 0.0000 0.0000

0.1724 0.0000 0.0000 0.0000 0.0000
0.1724 0.0345 0.030264 0.999542 2.011623
0.1724 0.0690 0.065584 0.997847 1.856554
0.1724 0.1034 0.107169 0.994241 1.704226
0.1724 0.1379 0.156559 0.987669 1.555447
0.1724 0.1724 0.215681 0.976464 1.411339
0.1724 0.2069 0.286834 0.957980 1.273488
0.1724 0.2414 0.372466 0.928046 1.144158
0.1724 0.2759 0.474431 0.880293 1.026575
0.1724 0.3103 0.592199 0.805792 0.925228
0.1724 0.3448 0.719644 0.694344 0.845973
0.1724 0.3793 0.841897 0.539639 0.795441
0.1724 0.4138 0.937528 0.347911 0.779240
0.1724 0.4483 0.989967 0.141296 0.799459
0.1724 0.4828 0.998598 -0.052939 0.853516
0.1724 0.5172 0.976097 -0.217334 0.935561
0.1724 0.5517 0.937528 -0.347911 1.038986
0.1724 0.5862 0.893687 -0.448692 1.158077
0.1724 0.6207 0.850477 -0.526011 1.288498
0.1724 0.6552 0.810512 -0.585722 1.427145
0.1724 0.6897 0.774631 -0.632414 1.571843
0.1724 0.7241 0.742841 -0.669468 1.721067
0.1724 0.7586 0.714806 -0.699322 1.873735
0.1724 0.7931 0.690088 -0.723725 2.029071
0.1724 0.8276 0.0000 0.0000 0.0000
0.1724 0.8621 0.0000 0.0000 0.0000
0.1724 0.8966 0.0000 0.0000 0.0000
0.1724 0.9310 0.0000 0.0000 0.0000
0.1724 0.9655 0.0000 0.0000 0.0000
0.1724 1.0000 0.0000 0.0000 0.0000

0.2069 0.0000 0.0000 0.0000 0.0000
0.2069 0.0345 0.032285 0.999479 2.305601
0.2069 0.0690 0.070227 0.997531 2.119859
0.2069 0.1034 0.115239 0.993338 1.937761
0.2069 0.1379 0.169129 0.985594 1.760438
0.2069 0.1724 0.234148 0.972201 1.589490
0.2069 0.2069 0.312927 0.949777 1.427207
0.2069 0.2414 0.408056 0.912957 1.276900
0.2069 0.2759 0.520844 0.853652 1.143301
0.2069 0.3103 0.648570 0.761155 1.032913
0.2069 0.3448 0.780382 0.625303 0.953830
0.2069 0.3793 0.895621 0.444819 0.914212
0.2069 0.4138 0.971764 0.235955 0.919176
0.2069 0.4483 0.999608 0.028006 0.968037
0.2069 0.4828 0.988036 -0.154226 1.054712
0.2069 0.5172 0.953619 -0.301015 1.170832
0.2069 0.5517 0.910117 -0.414351 1.308582
0.2069 0.5862 0.865608 -0.500722 1.461860
0.2069 0.6207 0.823863 -0.566789 1.626283
0.2069 0.6552 0.786231 -0.617932 1.798795
0.2069 0.6897 0.752904 -0.658130 1.977281
0.2069 0.7241 0.723588 -0.690232 2.160261
0.2069 0.7586 0.697825 -0.716269 2.346684
0.2069 0.7931 0.0000 0.0000 0.0000
0.2069 0.8276 0.0000 0.0000 0.0000
0.2069 0.8621 0.0000 0.0000 0.0000
0.2069 0.8966 0.0000 0.0000 0.0000
0.2069 0.9310 0.0000 0.0000 0.0000
0.2069 0.9655 0.0000 0.0000 0.0000
0.2069 1.0000 0.0000 0.0000 0.0000

0.2414 0.0000 0.0000 0.0000 0.0000
0.2414 0.0345 0.034325 0.999411 2.563461
0.2414 0.0690 0.074976 0.997185 2.347153
0.2414 0.1034 0.123610 0.992331 2.135521
0.2414 0.1379 0.182354 0.983233 1.930103
0.2414 0.1724 0.253852 0.967243 1.733109
0.2414 0.2069 0.341101 0.940026 1.547759
0.2414 0.2414 0.446731 0.894669 1.378758
0.2414 0.2759 0.570974 0.820968 1.232847
0.2414 0.3103 0.707638 0.706575 1.119096
0.2414 0.3448 0.839582 0.543232 1.048027
0.2414 0.3793 0.941049 0.338269 1.028528
0.2414 0.4138 0.992898 0.118969 1.063438
0.2414 0.4483 0.996577 -0.082668 1.147805
0.2414 0.4828 0.968583 -0.248690 1.271824
0.2414 0.5172 0.926099 -0.377281 1.425180
0.2414 0.5517 0.880204 -0.474596 1.599457
0.2414 0.5862 0.836341 -0.548209 1.788550
0.2414 0.6207 0.796600 -0.604507 1.988236
0.2414 0.6552 0.761431 -0.648246 2.195627
0.2414 0.6897 0.730595 -0.682811 2.408733
0.2414 0.7241 0.703612 -0.710585 2.626164
0.2414 0.7586 0.0000 0.0000 0.0000
0.2414 0.7931 0.0000 0.0000 0.0000
0.2414 0.8276 0.0000 0.0000 0.0000
0.2414 0.8621 0.0000 0.0000 0.0000
0.2414 0.8966 0.0000 0.0000 0.0000
0.2414 0.9310 0.0000 0.0000 0.0000
0.2414 0.9655 0.0000 0.0000 0.0000
0.2414 1.0000 0.0000 0.0000 0.0000

0.2759 0.0000 0.0000 0.0000 0.0000
0.2759 0.0345 0.036459 0.999335 2.785205
0.2759 0.0690 0.080006 0.996794 2.538458
0.2759 0.1034 0.132591 0.991171 2.297575
0.2759 0.1379 0.196736 0.980456 2.064607
0.2759 0.1724 0.275556 0.961285 1.842560
0.2759 0.2069 0.372443 0.928055 1.635886
0.2759 0.2414 0.489825 0.871821 1.451171
0.2759 0.2759 0.625946 0.779867 1.297822
0.2759 0.3103 0.769254 0.638943 1.188050
0.2759 0.3448 0.895013 0.446039 1.134573
0.2759 0.3793 0.975290 0.220930 1.145304
0.2759 0.4138 1.000000 0.000000 1.218549
0.2759 0.4483 0.982121 -0.188250 1.344127
0.2759 0.4828 0.942091 -0.335358 1.509027
0.2759 0.5172 0.895013 -0.446039 1.701859
0.2759 0.5517 0.848779 -0.528748 1.914199
0.2759 0.5862 0.806578 -0.591128 2.140249
0.2759 0.6207 0.769254 -0.638943 2.376100
0.2759 0.6552 0.736653 -0.676271 2.619104
0.2759 0.6897 0.708267 -0.705945 2.867444
0.2759 0.7241 0.0000 0.0000 0.0000
0.2759 0.7586 0.0000 0.0000 0.0000
0.2759 0.7931 0.0000 0.0000 0.0000
0.2759 0.8276 0.0000 0.0000 0.0000
0.2759 0.8621 0.0000 0.0000 0.0000
0.2759 0.8966 0.0000 0.0000 0.0000
0.2759 0.9310 0.0000 0.0000 0.0000
0.2759 0.9655 0.0000 0.0000 0.0000
0.2759 1.0000 0.0000 0.0000 0.0000

0.3103 0.0000 0.0000 0.0000 0.0000
0.3103 0.0345 0.038744 0.999249 2.970839
0.3103 0.0690 0.085456 0.996342 2.693802
0.3103 0.1034 0.142451 0.989802 2.424007
0.3103 0.1379 0.212740 0.977109 2.164166
0.3103 0.1724 0.300004 0.953938 1.918326
0.3103 0.2069 0.408015 0.912975 1.692601
0.3103 0.2414 0.538530 0.842606 1.496123
0.3103 0.2759 0.686249 0.727367 1.341800
0.3103 0.3103 0.831786 0.555097 1.245404
0.3103 0.3448 0.942882 0.333126 1.220736
0.3103 0.3793 0.995390 0.095912 1.271976
0.3103 0.4138 0.993137 -0.116960 1.390758
0.3103 0.4483 0.958102 -0.286426 1.561747
0.3103 0.4828 0.910468 -0.413580 1.769876
0.3103 0.5172 0.861705 -0.507409 2.003604
0.3103 0.5517 0.816687 -0.577081 2.254985
0.3103 0.5862 0.776864 -0.629668 2.518739
0.3103 0.6207 0.742226 -0.670150 2.791360
0.3103 0.6552 0.712239 -0.701938 3.070489
0.3103 0.6897 0.0000 0.0000 0.0000
0.3103 0.7241 0.0000 0.0000 0.0000
0.3103 0.7586 0.0000 0.0000 0.0000
0.3103 0.7931 0.0000 0.0000 0.0000
0.3103 0.8276 0.0000 0.0000 0.0000
0.3103 0.8621 0.0000 0.0000 0.0000
0.3103 0.8966 0.0000 0.0000 0.0000
0.3103 0.9310 0.0000 0.0000 0.0000
0.3103 0.9655 0.0000 0.0000 0.0000
0.3103 1.0000 0.0000 0.0000 0.0000

0.3448 0.0000 0.0000 0.0000 0.0000
0.3448 0.0345 0.041231 0.999150 3.120370
0.3448 0.0690 0.091466 0.995808 2.813219
0.3448 0.1034 0.153471 0.988153 2.514931
0.3448 0.1379 0.230870 0.972985 2.229066
0.3448 0.1724 0.328027 0.944668 1.961065
0.3448 0.2069 0.448983 0.893540 1.719303
0.3448 0.2414 0.593910 0.804531 1.516381
0.3448 0.2759 0.751457 0.659782 1.369674
0.3448 0.3103 0.891811 0.452408 1.298377
0.3448 0.3448 0.978511 0.206193 1.314817
0.3448 0.3793 0.999491 -0.031911 1.415941
0.3448 0.4138 0.973668 -0.227969 1.585629
0.3448 0.4483 0.926795 -0.375567 1.804641
0.3448 0.4828 0.875517 -0.483187 2.057286
0.3448 0.5172 0.827315 -0.561738 2.332661
0.3448 0.5517 0.784604 -0.619997 2.623618
0.3448 0.5862 0.747616 -0.664132 2.925512
0.3448 0.6207 0.715800 -0.698305 3.235282
0.3448 0.6552 0.0000 0.0000 0.0000
0.3448 0.6897 0.0000 0.0000 0.0000
0.3448 0.7241 0.0000 0.0000 0.0000
0.3448 0.7586 0.0000 0.0000 0.0000
0.3448 0.7931 0.0000 0.0000 0.0000
0.3448 0.8276 0.0000 0.0000 0.0000
0.3448 0.8621 0.0000 0.0000 0.0000
0.3448 0.8966 0.0000 0.0000 0.0000
0.3448 0.9310 0.0000 0.0000 0.0000
0.3448 0.9655 0.0000 0.0000 0.0000
0.3448 1.0000 0.0000 0.0000 0.0000

0.3793 0.0000 0.0000 0.0000 0.0000
0.3793 0.0345 0.043977 0.999033 3.233806
0.3793 0.0690 0.098187 0.995168 2.896756
0.3793 0.1034 0.165974 0.986130 2.570492
0.3793 0.1379 0.251736 0.967796 2.259692
0.3793 0.1724 0.360635 0.932707 1.971682
0.3793 0.2069 0.496676 0.867936 1.717963
0.3793 0.2414 0.656715 0.754139 1.515851
0.3793 0.2759 0.819618 0.572910 1.388077
0.3793 0.3103 0.944006 0.329928 1.355823
0.3793 0.3448 0.997566 0.069730 1.425587
0.3793 0.3793 0.987615 -0.156895 1.583945
0.3793 0.4138 0.944006 -0.329928 1.807764
0.3793 0.4483 0.890545 -0.454895 2.075978
0.3793 0.4828 0.838801 -0.544439 2.373584
0.3793 0.5172 0.792752 -0.609544 2.690847
0.3793 0.5517 0.753045 -0.657970 3.021583
0.3793 0.5862 0.719134 -0.694871 3.361816
0.3793 0.6207 0.0000 0.0000 0.0000
0.3793 0.6552 0.0000 0.0000 0.0000
0.3793 0.6897 0.0000 0.0000 0.0000
0.3793 0.7241 0.0000 0.0000 0.0000
0.3793 0.7586 0.0000 0.0000 0.0000
0.3793 0.7931 0.0000 0.0000 0.0000
0.3793 0.8276 0.0000 0.0000 0.0000
0.3793 0.8621 0.0000 0.0000 0.0000
0.3793 0.8966 0.0000 0.0000 0.0000
0.3793 0.9310 0.0000 0.0000 0.0000
0.3793 0.9655 0.0000 0.0000 0.0000
0.3793 1.0000 0.0000 0.0000 0.0000

0.4138 0.0000 0.0000 0.0000 0.0000
0.4138 0.0345 0.047043 0.998893 3.311157
0.4138 0.0690 0.105803 0.994387 2.944470
0.4138 0.1034 0.180363 0.983600 2.590885
0.4138 0.1379 0.276113 0.961125 2.256570
0.4138 0.1724 0.399105 0.916905 1.951454
0.4138 0.2069 0.552557 0.833475 1.691412
0.4138 0.2414 0.726877 0.686768 1.500073
0.4138 0.2759 0.886440 0.462843 1.405775
0.4138 0.3103 0.981810 0.189867 1.427876
0.4138 0.3448 0.997585 -0.069450 1.561440
0.4138 0.3793 0.961755 -0.273910 1.781572
0.4138 0.4138 0.907066 -0.420989 2.060715
0.4138 0.4483 0.851480 -0.524388 2.378178
0.4138 0.4828 0.801571 -0.597900 2.720580
0.4138 0.5172 0.758700 -0.651440 3.079614
0.4138 0.5517 0.722378 -0.691498 3.450091
0.4138 0.5862 0.691630 -0.722252 3.828691
0.4138 0.6207 0.0000 0.0000 0.0000
0.4138 0.6552 0.0000 0.0000 0.0000
0.4138 0.6897 0.0000 0.0000 0.0000
0.4138 0.7241 0.0000 0.0000 0.0000
0.4138 0.7586 0.0000 0.0000 0.0000
0.4138 0.7931 0.0000 0.0000 0.0000
0.4138 0.8276 0.0000 0.0000 0.0000
0.4138 0.8621 0.0000 0.0000 0.0000
0.4138 0.8966 0.0000 0.0000 0.0000
0.4138 0.9310 0.0000 0.0000 0.0000
0.4138 0.9655 0.0000 0.0000 0.0000
0.4138 1.0000 0.0000 0.0000 0.0000

0.4483 0.0000 0.0000 0.0000 0.0000
0.4483 0.0345 0.050507 0.998724 3.352436
0.4483 0.0690 0.114545 0.993418 2.956439
0.4483 0.1034 0.197163 0.980371 2.576375
0.4483 0.1379 0.305024 0.952345 2.220442
0.4483 0.1724 0.445062 0.895500 1.902232
0.4483 0.2069 0.618039 0.786148 1.643802
0.4483 0.2414 0.802543 0.596594 1.476874
0.4483 0.2759 0.944765 0.327749 1.433772
0.4483 0.3103 0.999258 0.038517 1.525032
0.4483 0.3448 0.979017 -0.203779 1.729513
0.4483 0.3793 0.925257 -0.379341 2.013003
0.4483 0.4138 0.865713 -0.500541 2.347045
0.4483 0.4483 0.811340 -0.584575 2.713030
0.4483 0.4828 0.764764 -0.644311 3.099664
0.4483 0.5172 0.725644 -0.688071 3.500111
0.4483 0.5517 0.0000 0.0000 0.0000
0.4483 0.5862 0.0000 0.0000 0.0000
0.4483 0.6207 0.0000 0.0000 0.0000
0.4483 0.6552 0.0000 0.0000 0.0000
0.4483 0.6897 0.0000 0.0000 0.0000
0.4483 0.7241 0.0000 0.0000 0.0000
0.4483 0.7586 0.0000 0.0000 0.0000
0.4483 0.7931 0.0000 0.0000 0.0000
0.4483 0.8276 0.0000 0.0000 0.0000
0.4483 0.8621 0.0000 0.0000 0.0000
0.4483 0.8966 0.0000 0.0000 0.0000
0.4483 0.9310 0.0000 0.0000 0.0000
0.4483 0.9655 0.0000 0.0000 0.0000
0.4483 1.0000 0.0000 0.0000 0.0000

0.4828 0.0000 0.0000 0.0000 0.0000
0.4828 0.0345 0.054466 0.998516 3.357659
0.4828 0.0690 0.124713 0.992193 2.932766
0.4828 0.1034 0.217080 0.976154 2.527330
0.4828 0.1379 0.339862 0.940475 2.152376
0.4828 0.1724 0.500549 0.865708 1.826771
0.4828 0.2069 0.693902 0.720070 1.581298
0.4828 0.2414 0.878593 0.477571 1.457037
0.4828 0.2759 0.985371 0.170422 1.484740
0.4828 0.3103 0.993418 -0.114542 1.656802
0.4828 0.3448 0.945059 -0.326900 1.935091
0.4828 0.3793 0.881897 -0.471443 2.281053
0.4828 0.4138 0.822385 -0.568932 2.668496
0.4828 0.4483 0.771431 -0.636313 3.081815
0.4828 0.4828 0.729034 -0.684477 3.511885
0.4828 0.5172 0.0000 0.0000 0.0000
0.4828 0.5517 0.0000 0.0000 0.0000
0.4828 0.5862 0.0000 0.0000 0.0000
0.4828 0.6207 0.0000 0.0000 0.0000
0.4828 0.6552 0.0000 0.0000 0.0000
0.4828 0.6897 0.0000 0.0000 0.0000
0.4828 0.7241 0.0000 0.0000 0.0000
0.4828 0.7586 0.0000 0.0000 0.0000
0.4828 0.7931 0.0000 0.0000 0.0000
0.4828 0.8276 0.0000 0.0000 0.0000
0.4828 0.8621 0.0000 0.0000 0.0000
0.4828 0.8966 0.0000 0.0000 0.0000
0.4828 0.9310 0.0000 0.0000 0.0000
0.4828 0.9655 0.0000 0.0000 0.0000
0.4828 1.0000 0.0000 0.0000 0.0000

0.5172 0.0000 0.0000 0.0000 0.0000
0.5172 0.0345 0.059045 0.998255 3.326851
0.5172 0.0690 0.136716 0.990610 2.873593
0.5172 0.1034 0.241093 0.970502 2.444277
0.5172 0.1379 0.382543 0.923938 2.053970
0.5172 0.1724 0.567958 0.823058 1.729290
0.5172 0.2069 0.778933 0.627107 1.513091
0.5172 0.2414 0.945312 0.326167 1.454577
0.5172 0.2759 1.000000 0.000000 1.571463
0.5172 0.3103 0.965826 -0.259191 1.830449
0.5172 0.3448 0.900449 -0.434962 2.181500
0.5172 0.3793 0.835106 -0.550089 2.587409
0.5172 0.4138 0.778933 -0.627107 3.026183
0.5172 0.4483 0.732657 -0.680598 3.485431
0.5172 0.4828 0.0000 0.0000 0.0000
0.5172 0.5172 0.0000 0.0000 0.0000
0.5172 0.5517 0.0000 0.0000 0.0000
0.5172 0.5862 0.0000 0.0000 0.0000
0.5172 0.6207 0.0000 0.0000 0.0000
0.5172 0.6552 0.0000 0.0000 0.0000
0.5172 0.6897 0.0000 0.0000 0.0000
0.5172 0.7241 0.0000 0.0000 0.0000
0.5172 0.7586 0.0000 0.0000 0.0000
0.5172 0.7931 0.0000 0.0000 0.0000
0.5172 0.8276 0.0000 0.0000 0.0000
0.5172 0.8621 0.0000 0.0000 0.0000
0.5172 0.8966 0.0000 0.0000 0.0000
0.5172 0.9310 0.0000 0.0000 0.0000
0.5172 0.9655 0.0000 0.0000 0.0000
0.5172 1.0000 0.0000 0.0000 0.0000

0.5517 0.0000 0.0000 0.0000 0.0000
0.5517 0.0345 0.064413 0.997923 3.260040
0.5517 0.0690 0.151118 0.988516 2.779122
0.5517 0.1034 0.270604 0.962691 2.327997
0.5517 0.1379 0.435729 0.900078 1.927696
0.5517 0.1724 0.649543 0.760325 1.616431
0.5517 0.2069 0.867355 0.497690 1.452610
0.5517 0.2414 0.989289 0.145969 1.485831
0.5517 0.2759 0.985505 -0.169645 1.704613
0.5517 0.3103 0.921723 -0.387850 2.050392
0.5517 0.3448 0.850015 -0.526759 2.470405
0.5517 0.3793 0.787563 -0.616234 2.932932
0.5517 0.4138 0.736634 -0.676291 3.420770
0.5517 0.4483 0.0000 0.0000 0.0000
0.5517 0.4828 0.0000 0.0000 0.0000
0.5517 0.5172 0.0000 0.0000 0.0000
0.5517 0.5517 0.0000 0.0000 0.0000
0.5517 0.5862 0.0000 0.0000 0.0000
0.5517 0.6207 0.0000 0.0000 0.0000
0.5517 0.6552 0.0000 0.0000 0.0000
0.5517 0.6897 0.0000 0.0000 0.0000
0.5517 0.7241 0.0000 0.0000 0.0000
0.5517 0.7586 0.0000 0.0000 0.0000
0.5517 0.7931 0.0000 0.0000 0.0000
0.5517 0.8276 0.0000 0.0000 0.0000
0.5517 0.8621 0.0000 0.0000 0.0000
0.5517 0.8966 0.0000 0.0000 0.0000
0.5517 0.9310 0.0000 0.0000 0.0000
0.5517 0.9655 0.0000 0.0000 0.0000
0.5517 1.0000 0.0000 0.0000 0.0000

0.5862 0.0000 0.0000 0.0000 0.0000
0.5862 0.0345 0.070803 0.997490 3.157270
0.5862 0.0690 0.168735 0.985662 2.649645
0.5862 0.1034 0.307672 0.951492 2.179691
0.5862 0.1379 0.503039 0.864264 1.777543
0.5862 0.1724 0.745735 0.666243 1.498813
0.5862 0.2069 0.945725 0.324967 1.418235
0.5862 0.2414 0.998797 -0.049029 1.566688
0.5862 0.2759 0.945725 -0.324967 1.890980
0.5862 0.3103 0.867769 -0.496967 2.318462
0.5862 0.3448 0.797713 -0.603037 2.802303
0.5862 0.3793 0.741116 -0.671377 3.317938
0.5862 0.4138 0.696285 -0.717766 3.852621
0.5862 0.4483 0.0000 0.0000 0.0000
0.5862 0.4828 0.0000 0.0000 0.0000
0.5862 0.5172 0.0000 0.0000 0.0000
0.5862 0.5517 0.0000 0.0000 0.0000
0.5862 0.5862 0.0000 0.0000 0.0000
0.5862 0.6207 0.0000 0.0000 0.0000
0.5862 0.6552 0.0000 0.0000 0.0000
0.5862 0.6897 0.0000 0.0000 0.0000
0.5862 0.7241 0.0000 0.0000 0.0000
0.5862 0.7586 0.0000 0.0000 0.0000
0.5862 0.7931 0.0000 0.0000 0.0000
0.5862 0.8276 0.0000 0.0000 0.0000
0.5862 0.8621 0.0000 0.0000 0.0000
0.5862 0.8966 0.0000 0.0000 0.0000
0.5862 0.9310 0.0000 0.0000 0.0000
0.5862 0.9655 0.0000 0.0000 0.0000
0.5862 1.0000 0.0000 0.0000 0.0000

0.6207 0.0000 0.0000 0.0000 0.0000
0.6207 0.0345 0.078546 0.996910 3.018601
0.6207 0.0690 0.190777 0.981633 2.485605
0.6207 0.1034 0.355417 0.934708 2.001299
0.6207 0.1379 0.588979 0.808148 1.610234
0.6207 0.1724 0.850872 0.525373 1.393269
0.6207 0.2069 0.993526 0.113603 1.431862
0.6207 0.2414 0.971270 -0.237981 1.708785
0.6207 0.2759 0.889195 -0.457529 2.133155
0.6207 0.3103 0.809929 -0.586528 2.634661
0.6207 0.3448 0.746301 -0.665608 3.176983
0.6207 0.3793 0.0000 0.0000 0.0000
0.6207 0.4138 0.0000 0.0000 0.0000
0.6207 0.4483 0.0000 0.0000 0.0000
0.6207 0.4828 0.0000 0.0000 0.0000
0.6207 0.5172 0.0000 0.0000 0.0000
0.6207 0.5517 0.0000 0.0000 0.0000
0.6207 0.5862 0.0000 0.0000 0.0000
0.6207 0.6207 0.0000 0.0000 0.0000
0.6207 0.6552 0.0000 0.0000 0.0000
0.6207 0.6897 0.0000 0.0000 0.0000
0.6207 0.7241 0.0000 0.0000 0.0000
0.6207 0.7586 0.0000 0.0000 0.0000
0.6207 0.7931 0.0000 0.0000 0.0000
0.6207 0.8276 0.0000 0.0000 0.0000
0.6207 0.8621 0.0000 0.0000 0.0000
0.6207 0.8966 0.0000 0.0000 0.0000
0.6207 0.9310 0.0000 0.0000 0.0000
0.6207 0.9655 0.0000 0.0000 0.0000
0.6207 1.0000 0.0000 0.0000 0.0000

0.6552 0.0000 0.0000 0.0000 0.0000
0.6552 0.0345 0.088131 0.996109 2.844123
0.6552 0.0690 0.219131 0.975695 2.287706
0.6552 0.1034 0.418655 0.908145 1.796137
0.6552 0.1379 0.697447 0.716637 1.437552
0.6552 0.1724 0.946048 0.324026 1.324742
0.6552 0.2069 0.993546 -0.113431 1.513694
0.6552 0.2414 0.915192 -0.403017 1.917168
0.6552 0.2759 0.825000 -0.565133 2.430584
0.6552 0.3103 0.752469 -0.658628 2.997980
0.6552 0.3448 0.0000 0.0000 0.0000
0.6552 0.3793 0.0000 0.0000 0.0000
0.6552 0.4138 0.0000 0.0000 0.0000
0.6552 0.4483 0.0000 0.0000 0.0000
0.6552 0.4828 0.0000 0.0000 0.0000
0.6552 0.5172 0.0000 0.0000 0.0000
0.6552 0.5517 0.0000 0.0000 0.0000
0.6552 0.5862 0.0000 0.0000 0.0000
0.6552 0.6207 0.0000 0.0000 0.0000
0.6552 0.6552 0.0000 0.0000 0.0000
0.6552 0.6897 0.0000 0.0000 0.0000
0.6552 0.7241 0.0000 0.0000 0.0000
0.6552 0.7586 0.0000 0.0000 0.0000
0.6552 0.7931 0.0000 0.0000 0.0000
0.6552 0.8276 0.0000 0.0000 0.0000
0.6552 0.8621 0.0000 0.0000 0.0000
0.6552 0.8966 0.0000 0.0000 0.0000
0.6552 0.9310 0.0000 0.0000 0.0000
0.6552 0.9655 0.0000 0.0000 0.0000
0.6552 1.0000 0.0000 0.0000 0.0000

0.6897 0.0000 0.0000 0.0000 0.0000
0.6897 0.0345 0.100308 0.994956 2.633974
0.6897 0.0690 0.256871 0.966446 2.057135
0.6897 0.1034 0.504775 0.863251 1.570261
0.6897 0.1379 0.825362 0.564604 1.280453
0.6897 0.1724 0.997668 0.068247 1.324134
0.6897 0.2069 0.946185 -0.323627 1.675419
0.6897 0.2414 0.844104 -0.536180 2.191040
0.6897 0.2759 0.760029 -0.649890 2.781045
0.6897 0.3103 0.0000 0.0000 0.0000
0.6897 0.3448 0.0000 0.0000 0.0000
0.6897 0.3793 0.0000 0.0000 0.0000
0.6897 0.4138 0.0000 0.0000 0.0000
0.6897 0.4483 0.0000 0.0000 0.0000
0.6897 0.4828 0.0000 0.0000 0.0000
0.6897 0.5172 0.0000 0.0000 0.0000
0.6897 0.5517 0.0000 0.0000 0.0000
0.6897 0.5862 0.0000 0.0000 0.0000
0.6897 0.6207 0.0000 0.0000 0.0000
0.6897 0.6552 0.0000 0.0000 0.0000
0.6897 0.6897 0.0000 0.0000 0.0000
0.6897 0.7241 0.0000 0.0000 0.0000
0.6897 0.7586 0.0000 0.0000 0.0000
0.6897 0.7931 0.0000 0.0000 0.0000
0.6897 0.8276 0.0000 0.0000 0.0000
0.6897 0.8621 0.0000 0.0000 0.0000
0.6897 0.8966 0.0000 0.0000 0.0000
0.6897 0.9310 0.0000 0.0000 0.0000
0.6897 0.9655 0.0000 0.0000 0.0000
0.6897 1.0000 0.0000 0.0000 0.0000

0.7241 0.0000 0.0000 0.0000 0.0000
0.7241 0.0345 0.116298 0.993214 2.388383
0.7241 0.0690 0.309308 0.950962 1.796041
0.7241 0.1034 0.623913 0.781494 1.335593
0.7241 0.1379 0.946308 0.323268 1.174098
0.7241 0.1724 0.979634 -0.200791 1.417696
0.7241 0.2069 0.869020 -0.494776 1.917777
0.7241 0.2414 0.769624 -0.638498 2.526367
0.7241 0.2759 0.0000 0.0000 0.0000
0.7241 0.3103 0.0000 0.0000 0.0000
0.7241 0.3448 0.0000 0.0000 0.0000
0.7241 0.3793 0.0000 0.0000 0.0000
0.7241 0.4138 0.0000 0.0000 0.0000
0.7241 0.4483 0.0000 0.0000 0.0000
0.7241 0.4828 0.0000 0.0000 0.0000
0.7241 0.5172 0.0000 0.0000 0.0000
0.7241 0.5517 0.0000 0.0000 0.0000
0.7241 0.5862 0.0000 0.0000 0.0000
0.7241 0.6207 0.0000 0.0000 0.0000
0.7241 0.6552 0.0000 0.0000 0.0000
0.7241 0.6897 0.0000 0.0000 0.0000
0.7241 0.7241 0.0000 0.0000 0.0000
0.7241 0.7586 0.0000 0.0000 0.0000
0.7241 0.7931 0.0000 0.0000 0.0000
0.7241 0.8276 0.0000 0.0000 0.0000
0.7241 0.8621 0.0000 0.0000 0.0000
0.7241 0.8966 0.0000 0.0000 0.0000
0.7241 0.9310 0.0000 0.0000 0.0000
0.7241 0.9655 0.0000 0.0000 0.0000
0.7241 1.0000 0.0000 0.0000 0.0000

0.7586 0.0000 0.0000 0.0000 0.0000
0.7586 0.0345 0.138214 0.990402 2.107744
0.7586 0.0690 0.386182 0.922423 1.508719
0.7586 0.1034 0.782320 0.622876 1.117138
0.7586 0.1379 1.000000 0.000000 1.165279
0.7586 0.1724 0.902326 -0.431054 1.614271
0.7586 0.2069 0.782320 -0.622876 2.234275
0.7586 0.2414 0.698787 -0.715330 2.918255
0.7586 0.2759 0.0000 0.0000 0.0000
0.7586 0.3103 0.0000 0.0000 0.0000
0.7586 0.3448 0.0000 0.0000 0.0000
0.7586 0.3793 0.0000 0.0000 0.0000
0.7586 0.4138 0.0000 0.0000 0.0000
0.7586 0.4483 0.0000 0.0000 0.0000
0.7586 0.4828 0.0000 0.0000 0.0000
0.7586 0.5172 0.0000 0.0000 0.0000
0.7586 0.5517 0.0000 0.0000 0.0000
0.7586 0.5862 0.0000 0.0000 0.0000
0.7586 0.6207 0.0000 0.0000 0.0000
0.7586 0.6552 0.0000 0.0000 0.0000
0.7586 0.6897 0.0000 0.0000 0.0000
0.7586 0.7241 0.0000 0.0000 0.0000
0.7586 0.7586 0.0000 0.0000 0.0000
0.7586 0.7931 0.0000 0.0000 0.0000
0.7586 0.8276 0.0000 0.0000 0.0000
0.7586 0.8621 0.0000 0.0000 0.0000
0.7586 0.8966 0.0000 0.0000 0.0000
0.7586 0.9310 0.0000 0.0000 0.0000
0.7586 0.9655 0.0000 0.0000 0.0000
0.7586 1.0000 0.0000 0.0000 0.0000

0.7931 0.0000 0.0000 0.0000 0.0000
0.7931 0.0345 0.170054 0.985435 1.792819
0.7931 0.0690 0.506054 0.862502 1.204912
0.7931 0.1034 0.946520 0.322644 0.966303
0.7931 0.1379 0.946520 -0.322644 1.288404
0.7931 0.1724 0.800030 -0.599960 1.905398
0.7931 0.2069 0.0000 0.0000 0.0000
0.7931 0.2414 0.0000 0.0000 0.0000
0.7931 0.2759 0.0000 0.0000 0.0000
0.7931 0.3103 0.0000 0.0000 0.0000
0.7931 0.3448 0.0000 0.0000 0.0000
0.7931 0.3793 0.0000 0.0000 0.0000
0.7931 0.4138 0.0000 0.0000 0.0000
0.7931 0.4483 0.0000 0.0000 0.0000
0.7931 0.4828 0.0000 0.0000 0.0000
0.7931 0.5172 0.0000 0.0000 0.0000
0.7931 0.5517 0.0000 0.0000 0.0000
0.7931 0.5862 0.0000 0.0000 0.0000
0.7931 0.6207 0.0000 0.0000 0.0000
0.7931 0.6552 0.0000 0.0000 0.0000
0.7931 0.6897 0.0000 0.0000 0.0000
0.7931 0.7241 0.0000 0.0000 0.0000
0.7931 0.7586 0.0000 0.0000 0.0000
0.7931 0.7931 0.0000 0.0000 0.0000
0.7931 0.8276 0.0000 0.0000 0.0000
0.7931 0.8621 0.0000 0.0000 0.0000
0.7931 0.8966 0.0000 0.0000 0.0000
0.7931 0.9310 0.0000 0.0000 0.0000
0.7931 0.9655 0.0000 0.0000 0.0000
0.7931 1.0000 0.0000 0.0000 0.0000

0.8276 0.0000 0.0000 0.0000 0.0000
0.8276 0.0345 0.220327 0.975426 1.445266
0.8276 0.0690 0.699491 0.714641 0.910463
0.8276 0.1034 0.993618 -0.112793 0.961427
0.8276 0.1379 0.826501 -0.562935 1.541100
0.8276 0.1724 0.0000 0.0000 0.0000
0.8276 0.2069 0.0000 0.0000 0.0000
0.8276 0.2414 0.0000 0.0000 0.0000
0.8276 0.2759 0.0000 0.0000 0.0000
0.8276 0.3103 0.0000 0.0000 0.0000
0.8276 0.3448 0.0000 0.0000 0.0000
0.8276 0.3793 0.0000 0.0000 0.0000
0.8276 0.4138 0.0000 0.0000 0.0000
0.8276 0.4483 0.0000 0.0000 0.0000
0.8276 0.4828 0.0000 0.0000 0.0000
0.8276 0.5172 0.0000 0.0000 0.0000
0.8276 0.5517 0.0000 0.0000 0.0000
0.8276 0.5862 0.0000 0.0000 0.0000
0.8276 0.6207 0.0000 0.0000 0.0000
0.8276 0.6552 0.0000 0.0000 0.0000
0.8276 0.6897 0.0000 0.0000 0.0000
0.8276 0.7241 0.0000 0.0000 0.0000
0.8276 0.7586 0.0000 0.0000 0.0000
0.8276 0.7931 0.0000 0.0000 0.0000
0.8276 0.8276 0.0000 0.0000 0.0000
0.8276 0.8621 0.0000 0.0000 0.0000
0.8276 0.8966 0.0000 0.0000 0.0000
0.8276 0.9310 0.0000 0.0000 0.0000
0.8276 0.9655 0.0000 0.0000 0.0000
0.8276 1.0000 0.0000 0.0000 0.0000

0.8621 0.0000 0.0000 0.0000 0.0000
0.8621 0.0345 0.310418 0.950600 1.069479
0.8621 0.0690 0.946698 0.322122 0.701355
0.8621 0.1034 0.869862 -0.493296 1.144960
0.8621 0.1379 0.699801 -0.714338 1.897602
0.8621 0.1724 0.0000 0.0000 0.0000
0.8621 0.2069 0.0000 0.0000 0.0000
0.8621 0.2414 0.0000 0.0000 0.0000
0.8621 0.2759 0.0000 0.0000 0.0000
0.8621 0.3103 0.0000 0.0000 0.0000
0.8621 0.3448 0.0000 0.0000 0.0000
0.8621 0.3793 0.0000 0.0000 0.0000
0.8621 0.4138 0.0000 0.0000 0.0000
0.8621 0.4483 0.0000 0.0000 0.0000
0.8621 0.4828 0.0000 0.0000 0.0000
0.8621 0.5172 0.0000 0.0000 0.0000
0.8621 0.5517 0.0000 0.0000 0.0000
0.8621 0.5862 0.0000 0.0000 0.0000
0.8621 0.6207 0.0000 0.0000 0.0000
0.8621 0.6552 0.0000 0.0000 0.0000
0.8621 0.6897 0.0000 0.0000 0.0000
0.8621 0.7241 0.0000 0.0000 0.0000
0.8621 0.7586 0.0000 0.0000 0.0000
0.8621 0.7931 0.0000 0.0000 0.0000
0.8621 0.8276 0.0000 0.0000 0.0000
0.8621 0.8621 0.0000 0.0000 0.0000
0.8621 0.8966 0.0000 0.0000 0.0000
0.8621 0.9310 0.0000 0.0000 0.0000
0.8621 0.9655 0.0000 0.0000 0.0000
0.8621 1.0000 0.0000 0.0000 0.0000

0.8966 0.0000 0.0000 0.0000 0.0000
0.8966 0.0345 0.507035 0.861925 0.681493
0.8966 0.0690 0.946777 -0.321891 0.729931
0.8966 0.1034 0.0000 0.0000 0.0000
0.8966 0.1379 0.0000 0.0000 0.0000
0.8966 0.1724 0.0000 0.0000 0.0000
0.8966 0.2069 0.0000 0.0000 0.0000
0.8966 0.2414 0.0000 0.0000 0.0000
0.8966 0.2759 0.0000 0.0000 0.0000
0.8966 0.3103 0.0000 0.0000 0.0000
0.8966 0.3448 0.0000 0.0000 0.0000
0.8966 0.3793 0.0000 0.0000 0.0000
0.8966 0.4138 0.0000 0.0000 0.0000
0.8966 0.4483 0.0000 0.0000 0.0000
0.8966 0.4828 0.0000 0.0000 0.0000
0.8966 0.5172 0.0000 0.0000 0.0000
0.8966 0.5517 0.0000 0.0000 0.0000
0.8966 0.5862 0.0000 0.0000 0.0000
0.8966 0.6207 0.0000 0.0000 0.0000
0.8966 0.6552 0.0000 0.0000 0.0000
0.8966 0.6897 0.0000 0.0000 0.0000
0.8966 0.7241 0.0000 0.0000 0.0000
0.8966 0.7586 0.0000 0.0000 0.0000
0.8966 0.7931 0.0000 0.0000 0.0000
0.8966 0.8276 0.0000 0.0000 0.0000
0.8966 0.8621 0.0000 0.0000 0.0000
0.8966 0.8966 0.0000 0.0000 0.0000
0.8966 0.9310 0.0000 0.0000 0.0000
0.8966 0.9655 0.0000 0.0000 0.0000
0.8966 1.0000 0.0000 0.0000 0.0000

0.9310 0.0000 0.0000 0.0000 0.0000
0.9310 0.0345 0.946849 0.321678 0.379254
0.9310 0.0690 0.700350 -0.713800 1.025477
0.9310 0.1034 0.0000 0.0000 0.0000
0.9310 0.1379 0.0000 0.0000 0.0000
0.9310 0.1724 0.0000 0.0000 0.0000
0.9310 0.2069 0.0000 0.0000 0.0000
0.9310 0.2414 0.0000 0.0000 0.0000
0.9310 0.2759 0.0000 0.0000 0.0000
0.9310 0.3103 0.0000 0.0000 0.0000
0.9310 0.3448 0.0000 0.0000 0.0000
0.9310 0.3793 0.0000 0.0000 0.0000
0.9310 0.4138 0.0000 0.0000 0.0000
0.9310 0.4483 0.0000 0.0000 0.0000
0.9310 0.4828 0.0000 0.0000 0.0000
0.9310 0.5172 0.0000 0.0000 0.0000
0.9310 0.5517 0.0000 0.0000 0.0000
0.9310 0.5862 0.0000 0.0000 0.0000
0.9310 0.6207 0.0000 0.0000 0.0000
0.9310 0.6552 0.0000 0.0000 0.0000
0.9310 0.6897 0.0000 0.0000 0.0000
0.9310 0.7241 0.0000 0.0000 0.0000
0.9310 0.7586 0.0000 0.0000 0.0000
0.9310 0.7931 0.0000 0.0000 0.0000
0.9310 0.8276 0.0000 0.0000 0.0000
0.9310 0.8621 0.0000 0.0000 0.0000
0.9310 0.8966 0.0000 0.0000 0.0000
0.9310 0.9310 0.0000 0.0000 0.0000
0.9310 0.9655 0.0000 0.0000 0.0000
0.9310 1.0000 0.0000 0.0000 0.0000

0.9655 0.0000 0.0000 0.0000 0.0000
0.9655 0.0345 0.0000 0.0000 0.0000
0.9655 0.0690 0.0000 0.0000 0.0000
0.9655 0.1034 0.0000 0.0000 0.0000
0.9655 0.1379 0.0000 0.0000 0.0000
0.9655 0.1724 0.0000 0.0000 0.0000
0.9655 0.2069 0.0000 0.0000 0.0000
0.9655 0.2414 0.0000 0.0000 0.0000
0.9655 0.2759 0.0000 0.0000 0.0000
0.9655 0.3103 0.0000 0.0000 0.0000
0.9655 0.3448 0.0000 0.0000 0.0000
0.9655 0.3793 0.0000 0.0000 0.0000
0.9655 0.4138 0.0000 0.0000 0.0000
0.9655 0.4483 0.0000 0.0000 0.0000
0.9655 0.4828 0.0000 0.0000 0.0000
0.9655 0.5172 0.0000 0.0000 0.0000
0.9655 0.5517 0.0000 0.0000 0.0000
0.9655 0.5862 0.0000 0.0000 0.0000
0.9655 0.6207 0.0000 0.0000 0.0000
0.9655 0.6552 0.0000 0.0000 0.0000
0.9655 0.6897 0.0000 0.0000 0.0000
0.9655 0.7241 0.0000 0.0000 0.0000
0.9655 0.7586 0.0000 0.0000 0.0000
0.9655 0.7931 0.0000 0.0000 0.0000
0.9655 0.8276 0.0000 0.0000 0.0000
0.9655 0.8621 0.0000 0.0000 0.0000
0.9655 0.8966 0.0000 0.0000 0.0000
0.9655 0.9310 0.0000 0.0000 0.0000
0.9655 0.9655 0.0000 0.0000 0.0000
0.9655 1.0000 0.0000 0.0000 0.0000

1.0000 0.0000 0.0000 0.0000 0.0000
1.0000 0.0345 0.0000 0.0000 0.0000
1.0000 0.0690 0.0000 0.0000 0.0000
1.0000 0.1034 0.0000 0.0000 0.0000
1.0000 0.1379 0.0000 0.0000 0.0000
1.0000 0.1724 0.0000 0.0000 0.0000
1.0000 0.2069 0.0000 0.0000 0.0000
1.0000 0.2414 0.0000 0.0000 0.0000
1.0000 0.2759 0.0000 0.0000 0.0000
1.0000 0.3103 0.0000 0.0000 0.0000
1.0000 0.3448 0.0000 0.0000 0.0000
1.0000 0.3793 0.0000 0.0000 0.0000
1.0000 0.4138 0.0000 0.0000 0.0000
1.0000 0.4483 0.0000 0.0000 0.0000
1.0000 0.4828 0.0000 0.0000 0.0000
1.0000 0.5172 0.0000 0.0000 0.0000
1.0000 0.5517 0.0000 0.0000 0.0000
1.0000 0.5862 0.0000 0.0000 0.0000
1.0000 0.6207 0.0000 0.0000 0.0000
1.0000 0.6552 0.0000 0.0000 0.0000
1.0000 0.6897 0.0000 0.0000 0.0000
1.0000 0.7241 0.0000 0.0000 0.0000
1.0000 0.7586 0.0000 0.0000 0.0000
1.0000 0.7931 0.0000 0.0000 0.0000
1.0000 0.8276 0.0000 0.0000 0.0000
1.0000 0.8621 0.0000 0.0000 0.0000
1.0000 0.8966 0.0000 0.0000 0.0000
1.0000 0.9310 0.0000 0.0000 0.0000
1.0000 0.9655 0.0000 0.0000 0.0000
1.0000 1.0000 0.0000 0.0000 0.0000

