0.0000 0.0000 0.0000 0.0000 0.0000
0.0000 0.0345 0.0000 0.0000 0.0000
0.0000 0.0690 0.0000 0.0000 0.0000
0.0000 0.1034 0.0000 0.0000 0.0000
0.0000 0.1379 0.0000 0.0000 0.0000
0.0000 0.1724 0.0000 0.0000 0.0000
0.0000 0.2069 0.0000 0.0000 0.0000
0.0000 0.2414 0.0000 0.0000 0.0000
0.0000 0.2759 0.0000 0.0000 0.0000
0.0000 0.3103 0.0000 0.0000 0.0000
0.0000 0.3448 0.0000 0.0000 0.0000
0.0000 0.3793 0.0000 0.0000 0.0000
0.0000 0.4138 0.0000 0.0000 0.0000
0.0000 0.4483 0.0000 0.0000 0.0000
0.0000 0.4828 0.0000 0.0000 0.0000
0.0000 0.5172 0.0000 0.0000 0.0000
0.0000 0.5517 0.0000 0.0000 0.0000
0.0000 0.5862 0.0000 0.0000 0.0000
0.0000 0.6207 0.0000 0.0000 0.0000
0.0000 0.6552 0.0000 0.0000 0.0000
0.0000 0.6897 0.0000 0.0000 0.0000
0.0000 0.7241 0.0000 0.0000 0.0000
0.0000 0.7586 0.0000 0.0000 0.0000
0.0000 0.7931 0.0000 0.0000 0.0000
0.0000 0.8276 0.0000 0.0000 0.0000
0.0000 0.8621 0.0000 0.0000 0.0000
0.0000 0.8966 0.0000 0.0000 0.0000
0.0000 0.9310 0.0000 0.0000 0.0000
0.0000 0.9655 0.0000 0.0000 0.0000
0.0000 1.0000 0.0000 0.0000 0.0000

0.0345 0.0000 0.0000 0.0000 0.0000
0.0345 0.0345 0.011832 0.999930 0.412038
0.0345 0.0690 0.025347 0.999679 0.384666
0.0345 0.1034 0.040925 0.999162 0.357374
0.0345 0.1379 0.059060 0.998254 0.330184
0.0345 0.1724 0.080416 0.996761 0.303122
0.0345 0.2069 0.105895 0.994377 0.276226
0.0345 0.2414 0.136750 0.990606 0.249550
0.0345 0.2759 0.174758 0.984611 0.223173
0.0345 0.3103 0.222481 0.974937 0.197214
0.0345 0.3448 0.283664 0.958924 0.171863
0.0345 0.3793 0.363730 0.931504 0.147435
0.0345 0.4138 0.469993 0.882670 0.124474
0.0345 0.4483 0.609655 0.792666 0.103955
0.0345 0.4828 0.779012 0.627009 0.087614
0.0345 0.5172 0.936141 0.351624 0.078116
0.0345 0.5517 1.000000 0.000000 0.078002
0.0345 0.5862 0.949227 -0.314593 0.087311
0.0345 0.6207 0.847611 -0.530618 0.103529
0.0345 0.6552 0.747145 -0.664661 0.123976
0.0345 0.6897 0.663761 -0.747945 0.146895
0.0345 0.7241 0.597665 -0.801746 0.171297
0.0345 0.7586 0.545456 -0.838140 0.196631
0.0345 0.7931 0.503771 -0.863837 0.222578
0.0345 0.8276 0.469993 -0.882670 0.248947
0.0345 0.8621 0.442202 -0.896915 0.275618
0.0345 0.8966 0.419008 -0.907982 0.302509
0.0345 0.9310 0.399399 -0.916777 0.329568
0.0345 0.9655 0.0000 0.0000 0.0000
0.0345 1.0000 0.0000 0.0000 0.0000

0.0690 0.0000 0.0000 0.0000 0.0000
0.0690 0.0345 0.020997 0.999780 0.792803
0.0690 0.0690 0.045086 0.998983 0.738444
0.0690 0.1034 0.072950 0.997336 0.684583
0.0690 0.1379 0.105469 0.994423 0.631345
0.0690 0.1724 0.143779 0.989610 0.578904
0.0690 0.2069 0.189349 0.981910 0.527497
0.0690 0.2414 0.244059 0.969760 0.477458
0.0690 0.2759 0.310238 0.950659 0.429266
0.0690 0.3103 0.390550 0.920582 0.383617
0.0690 0.3448 0.487416 0.873170 0.341533
0.0690 0.3793 0.601374 0.798968 0.304495
0.0690 0.4138 0.727589 0.686013 0.274553
0.0690 0.4483 0.851241 0.524776 0.254228
0.0690 0.4828 0.947712 0.319127 0.245914
0.0690 0.5172 0.995585 0.093869 0.250810
0.0690 0.5517 0.993126 -0.117047 0.268193
0.0690 0.5862 0.956489 -0.291769 0.295870
0.0690 0.6207 0.904526 -0.426419 0.331271
0.0690 0.6552 0.849788 -0.527124 0.372199
0.0690 0.6897 0.798355 -0.602188 0.417029
0.0690 0.7241 0.752386 -0.658722 0.464633
0.0690 0.7586 0.712175 -0.702002 0.514242
0.0690 0.7931 0.677266 -0.735738 0.565328
0.0690 0.8276 0.646977 -0.762509 0.617524
0.0690 0.8621 0.620621 -0.784111 0.670572
0.0690 0.8966 0.597581 -0.801809 0.724284
0.0690 0.9310 0.0000 0.0000 0.0000
0.0690 0.9655 0.0000 0.0000 0.0000
0.0690 1.0000 0.0000 0.0000 0.0000

0.1034 0.0000 0.0000 0.0000 0.0000
0.1034 0.0345 0.024880 0.999690 1.142209
0.1034 0.0690 0.053571 0.998564 1.060977
0.1034 0.1034 0.086928 0.996215 0.980764
0.1034 0.1379 0.126047 0.992024 0.901842
0.1034 0.1724 0.172321 0.985041 0.824582
0.1034 0.2069 0.227500 0.973778 0.749499
0.1034 0.2414 0.293703 0.955897 0.677315
0.1034 0.2759 0.373275 0.927721 0.609064
0.1034 0.3103 0.468248 0.883597 0.546221
0.1034 0.3448 0.578944 0.815367 0.490868
0.1034 0.3793 0.701215 0.712950 0.445804
0.1034 0.4138 0.822935 0.568135 0.414398
0.1034 0.4483 0.923875 0.382693 0.399882
0.1034 0.4828 0.984605 0.174792 0.404080
0.1034 0.5172 0.999619 -0.027605 0.426441
0.1034 0.5517 0.979218 -0.202809 0.464347
0.1034 0.5862 0.939232 -0.343283 0.514373
0.1034 0.6207 0.892176 -0.451688 0.573355
0.1034 0.6552 0.845237 -0.534392 0.638818
0.1034 0.6897 0.801687 -0.597743 0.708968
0.1034 0.7241 0.762625 -0.646841 0.782547
0.1034 0.7586 0.728111 -0.685460 0.858672
0.1034 0.7931 0.697780 -0.716313 0.936724
0.1034 0.8276 0.671134 -0.741336 1.016258
0.1034 0.8621 0.647670 -0.761921 1.096953
0.1034 0.8966 0.0000 0.0000 0.0000
0.1034 0.9310 0.0000 0.0000 0.0000
0.1034 0.9655 0.0000 0.0000 0.0000
0.1034 1.0000 0.0000 0.0000 0.0000

0.1379 0.0000 0.0000 0.0000 0.0000
0.1379 0.0345 0.027523 0.999621 1.460244
0.1379 0.0690 0.059444 0.998232 1.352213
0.1379 0.1034 0.096782 0.995306 1.245801
0.1379 0.1379 0.140838 0.990033 1.141461
0.1379 0.1724 0.193256 0.981148 1.039816
0.1379 0.2069 0.256059 0.966661 0.941741
0.1379 0.2414 0.331574 0.943429 0.848474
0.1379 0.2759 0.422065 0.906566 0.761783
0.1379 0.3103 0.528686 0.848817 0.684172
0.1379 0.3448 0.649208 0.760611 0.619066
0.1379 0.3793 0.774570 0.632489 0.570759
0.1379 0.4138 0.886959 0.461848 0.543749
0.1379 0.4483 0.965339 0.260998 0.541233
0.1379 0.4828 0.998447 0.055704 0.563538
0.1379 0.5172 0.991633 -0.129088 0.607940
0.1379 0.5517 0.959681 -0.281090 0.670060
0.1379 0.5862 0.916501 -0.400032 0.745481
0.1379 0.6207 0.870978 -0.491321 0.830588
0.1379 0.6552 0.827583 -0.561344 0.922705
0.1379 0.6897 0.788095 -0.615554 1.019934
0.1379 0.7241 0.752931 -0.658099 1.120946
0.1379 0.7586 0.721899 -0.691998 1.224805
0.1379 0.7931 0.694579 -0.719417 1.330844
0.1379 0.8276 0.670498 -0.741912 1.438582
0.1379 0.8621 0.0000 0.0000 0.0000
0.1379 0.8966 0.0000 0.0000 0.0000
0.1379 0.9310 0.0000 0.0000 0.0000
0.1379 0.9655 0.0000 0.0000 0.0000
0.1379 1.0000 0.0000 0.0000 0.0000

0.1724 0.0000 0.0000 0.0000 0.0000
0.1724 0.0345 0.029745 0.999558 1.746909
0.1724 0.0690 0.064463 0.997920 1.612152
0.1724 0.1034 0.105350 0.994435 1.479697
0.1724 0.1379 0.153936 0.988081 1.350220
0.1724 0.1724 0.212147 0.977238 1.224666
0.1724 0.2069 0.282306 0.959324 1.104374
0.1724 0.2414 0.366940 0.930245 0.991262
0.1724 0.2759 0.468085 0.883684 0.888078
0.1724 0.3103 0.585539 0.810644 0.798678
0.1724 0.3448 0.713608 0.700545 0.728158
0.1724 0.3793 0.837611 0.546268 0.682395
0.1724 0.4138 0.935535 0.353234 0.666510
0.1724 0.4483 0.989619 0.143713 0.682591
0.1724 0.4828 0.998548 -0.053861 0.728525
0.1724 0.5172 0.975286 -0.220946 0.799180
0.1724 0.5517 0.935535 -0.353234 0.888680
0.1724 0.5862 0.890534 -0.454917 0.991937
0.1724 0.6207 0.846362 -0.532608 1.105100
0.1724 0.6552 0.805658 -0.592381 1.225430
0.1724 0.6897 0.769230 -0.638972 1.351012
0.1724 0.7241 0.737044 -0.675845 1.480510
0.1724 0.7586 0.708727 -0.705483 1.612981
0.1724 0.7931 0.683808 -0.729662 1.747750
0.1724 0.8276 0.0000 0.0000 0.0000
0.1724 0.8621 0.0000 0.0000 0.0000
0.1724 0.8966 0.0000 0.0000 0.0000
0.1724 0.9310 0.0000 0.0000 0.0000
0.1724 0.9655 0.0000 0.0000 0.0000
0.1724 1.0000 0.0000 0.0000 0.0000

0.2069 0.0000 0.0000 0.0000 0.0000
0.2069 0.0345 0.031832 0.999493 2.002204
0.2069 0.0690 0.069245 0.997600 1.840804
0.2069 0.1034 0.113642 0.993522 1.682481
0.2069 0.1379 0.166821 0.985987 1.528192
0.2069 0.1724 0.231038 0.972945 1.379291
0.2069 0.2069 0.308956 0.951076 1.237724
0.2069 0.2414 0.403264 0.915083 1.106310
0.2069 0.2759 0.515485 0.856898 0.989105
0.2069 0.3103 0.643248 0.765658 0.891728
0.2069 0.3448 0.776043 0.630680 0.821264
0.2069 0.3793 0.893090 0.449878 0.784994
0.2069 0.4138 0.970989 0.239124 0.787654
0.2069 0.4483 0.999597 0.028404 0.828872
0.2069 0.4828 0.987699 -0.156368 0.903384
0.2069 0.5172 0.952383 -0.304905 1.003803
0.2069 0.5517 0.907885 -0.419219 1.123202
0.2069 0.5862 0.862513 -0.506035 1.256181
0.2069 0.6207 0.820094 -0.572229 1.398872
0.2069 0.6552 0.781961 -0.623327 1.548592
0.2069 0.6897 0.748271 -0.663393 1.703490
0.2069 0.7241 0.718695 -0.695326 1.862274
0.2069 0.7586 0.692747 -0.721181 2.024029
0.2069 0.7931 0.0000 0.0000 0.0000
0.2069 0.8276 0.0000 0.0000 0.0000
0.2069 0.8621 0.0000 0.0000 0.0000
0.2069 0.8966 0.0000 0.0000 0.0000
0.2069 0.9310 0.0000 0.0000 0.0000
0.2069 0.9655 0.0000 0.0000 0.0000
0.2069 1.0000 0.0000 0.0000 0.0000

0.2414 0.0000 0.0000 0.0000 0.0000
0.2414 0.0345 0.033918 0.999425 2.226132
0.2414 0.0690 0.074091 0.997251 2.038182
0.2414 0.1034 0.122164 0.992510 1.854197
0.2414 0.1379 0.180259 0.983619 1.675484
0.2414 0.1724 0.251028 0.967980 1.503923
0.2414 0.2069 0.337515 0.941320 1.342259
0.2414 0.2414 0.442469 0.896784 1.194518
0.2414 0.2759 0.566377 0.824146 1.066502
0.2414 0.3103 0.703405 0.710790 0.966084
0.2414 0.3448 0.836603 0.547810 0.902523
0.2414 0.3793 0.939750 0.341862 0.883808
0.2414 0.4138 0.992728 0.120378 0.912701
0.2414 0.4483 0.996495 -0.083655 0.985022
0.2414 0.4828 0.967860 -0.251491 1.092178
0.2414 0.5172 0.924509 -0.381160 1.225061
0.2414 0.5517 0.877816 -0.478997 1.376240
0.2414 0.5862 0.833319 -0.552793 1.540336
0.2414 0.6207 0.793104 -0.609087 1.713643
0.2414 0.6552 0.757592 -0.652728 1.893634
0.2414 0.6897 0.726512 -0.687154 2.078572
0.2414 0.7241 0.699355 -0.714774 2.267249
0.2414 0.7586 0.0000 0.0000 0.0000
0.2414 0.7931 0.0000 0.0000 0.0000
0.2414 0.8276 0.0000 0.0000 0.0000
0.2414 0.8621 0.0000 0.0000 0.0000
0.2414 0.8966 0.0000 0.0000 0.0000
0.2414 0.9310 0.0000 0.0000 0.0000
0.2414 0.9655 0.0000 0.0000 0.0000
0.2414 1.0000 0.0000 0.0000 0.0000

0.2759 0.0000 0.0000 0.0000 0.0000
0.2759 0.0345 0.036084 0.999349 2.418698
0.2759 0.0690 0.079188 0.996860 2.204306
0.2759 0.1034 0.131250 0.991349 1.994903
0.2759 0.1379 0.194789 0.980845 1.792237
0.2759 0.1724 0.272933 0.962033 1.598873
0.2759 0.2069 0.369135 0.929376 1.418619
0.2759 0.2414 0.485980 0.873970 1.257128
0.2759 0.2759 0.622004 0.783014 1.122526
0.2759 0.3103 0.765993 0.642849 1.025458
0.2759 0.3448 0.893158 0.449743 0.977174
0.2759 0.3793 0.974793 0.223113 0.984874
0.2759 0.4138 1.000000 0.000000 1.047325
0.2759 0.4483 0.981758 -0.190137 1.155684
0.2759 0.4828 0.940985 -0.338447 1.298510
0.2759 0.5172 0.893158 -0.449743 1.465760
0.2759 0.5517 0.846310 -0.532691 1.650026
0.2759 0.5862 0.803648 -0.595104 1.846218
0.2759 0.6207 0.765993 -0.642849 2.050917
0.2759 0.6552 0.733157 -0.680060 2.261814
0.2759 0.6897 0.704606 -0.709598 2.477328
0.2759 0.7241 0.0000 0.0000 0.0000
0.2759 0.7586 0.0000 0.0000 0.0000
0.2759 0.7931 0.0000 0.0000 0.0000
0.2759 0.8276 0.0000 0.0000 0.0000
0.2759 0.8621 0.0000 0.0000 0.0000
0.2759 0.8966 0.0000 0.0000 0.0000
0.2759 0.9310 0.0000 0.0000 0.0000
0.2759 0.9655 0.0000 0.0000 0.0000
0.2759 1.0000 0.0000 0.0000 0.0000

0.3103 0.0000 0.0000 0.0000 0.0000
0.3103 0.0345 0.038392 0.999263 2.579905
0.3103 0.0690 0.084686 0.996408 2.339200
0.3103 0.1034 0.141184 0.989983 2.104673
0.3103 0.1379 0.210895 0.977509 1.878638
0.3103 0.1724 0.297522 0.954715 1.664559
0.3103 0.2069 0.404920 0.914352 1.467678
0.3103 0.2414 0.535046 0.844823 1.295855
0.3103 0.2759 0.682931 0.730482 1.160278
0.3103 0.3103 0.829437 0.558600 1.074752
0.3103 0.3448 0.941921 0.335835 1.051561
0.3103 0.3793 0.995306 0.096782 1.094675
0.3103 0.4138 0.993012 -0.118017 1.196950
0.3103 0.4483 0.957380 -0.288832 1.344956
0.3103 0.4828 0.909038 -0.416714 1.525440
0.3103 0.5172 0.859671 -0.510849 1.728256
0.3103 0.5517 0.814196 -0.580591 1.946437
0.3103 0.5862 0.774045 -0.633131 2.175363
0.3103 0.6207 0.739177 -0.673512 2.411978
0.3103 0.6552 0.709031 -0.705178 2.654225
0.3103 0.6897 0.0000 0.0000 0.0000
0.3103 0.7241 0.0000 0.0000 0.0000
0.3103 0.7586 0.0000 0.0000 0.0000
0.3103 0.7931 0.0000 0.0000 0.0000
0.3103 0.8276 0.0000 0.0000 0.0000
0.3103 0.8621 0.0000 0.0000 0.0000
0.3103 0.8966 0.0000 0.0000 0.0000
0.3103 0.9310 0.0000 0.0000 0.0000
0.3103 0.9655 0.0000 0.0000 0.0000
0.3103 1.0000 0.0000 0.0000 0.0000

0.3448 0.0000 0.0000 0.0000 0.0000
0.3448 0.0345 0.040897 0.999163 2.709758
0.3448 0.0690 0.090729 0.995876 2.442894
0.3448 0.1034 0.152254 0.988341 2.183603
0.3448 0.1379 0.229094 0.973404 1.934933
0.3448 0.1724 0.325646 0.945492 1.701547
0.3448 0.2069 0.446065 0.895001 1.490642
0.3448 0.2414 0.590775 0.806837 1.313095
0.3448 0.2759 0.748782 0.662817 1.184008
0.3448 0.3103 0.890314 0.455347 1.120261
0.3448 0.3448 0.978170 0.207809 1.132937
0.3448 0.3793 0.999482 -0.032172 1.219656
0.3448 0.4138 0.973253 -0.229738 1.366393
0.3448 0.4483 0.925722 -0.378204 1.556262
0.3448 0.4828 0.873841 -0.486211 1.775479
0.3448 0.5172 0.825177 -0.564874 2.014485
0.3448 0.5517 0.782136 -0.623107 2.267031
0.3448 0.5862 0.744919 -0.667155 2.529064
0.3448 0.6207 0.712947 -0.701218 2.797919
0.3448 0.6552 0.0000 0.0000 0.0000
0.3448 0.6897 0.0000 0.0000 0.0000
0.3448 0.7241 0.0000 0.0000 0.0000
0.3448 0.7586 0.0000 0.0000 0.0000
0.3448 0.7931 0.0000 0.0000 0.0000
0.3448 0.8276 0.0000 0.0000 0.0000
0.3448 0.8621 0.0000 0.0000 0.0000
0.3448 0.8966 0.0000 0.0000 0.0000
0.3448 0.9310 0.0000 0.0000 0.0000
0.3448 0.9655 0.0000 0.0000 0.0000
0.3448 1.0000 0.0000 0.0000 0.0000

0.3793 0.0000 0.0000 0.0000 0.0000
0.3793 0.0345 0.043654 0.999047 2.808266
0.3793 0.0690 0.097472 0.995238 2.515426
0.3793 0.1034 0.164788 0.986329 2.231819
0.3793 0.1379 0.250003 0.968245 1.961453
0.3793 0.1724 0.358327 0.933596 1.710619
0.3793 0.2069 0.493919 0.869508 1.489218
0.3793 0.2414 0.653957 0.756532 1.312234
0.3793 0.2759 0.817627 0.575749 1.199493
0.3793 0.3103 0.943243 0.332102 1.169719
0.3793 0.3448 0.997530 0.070243 1.228957
0.3793 0.3793 0.987435 -0.158028 1.365674
0.3793 0.4138 0.943243 -0.332102 1.559625
0.3793 0.4483 0.889179 -0.457559 1.792325
0.3793 0.4828 0.836959 -0.547265 2.050625
0.3793 0.5172 0.790573 -0.612368 2.326013
0.3793 0.5517 0.750634 -0.660718 2.613090
0.3793 0.5862 0.716569 -0.697517 2.908398
0.3793 0.6207 0.0000 0.0000 0.0000
0.3793 0.6552 0.0000 0.0000 0.0000
0.3793 0.6897 0.0000 0.0000 0.0000
0.3793 0.7241 0.0000 0.0000 0.0000
0.3793 0.7586 0.0000 0.0000 0.0000
0.3793 0.7931 0.0000 0.0000 0.0000
0.3793 0.8276 0.0000 0.0000 0.0000
0.3793 0.8621 0.0000 0.0000 0.0000
0.3793 0.8966 0.0000 0.0000 0.0000
0.3793 0.9310 0.0000 0.0000 0.0000
0.3793 0.9655 0.0000 0.0000 0.0000
0.3793 1.0000 0.0000 0.0000 0.0000

0.4138 0.0000 0.0000 0.0000 0.0000
0.4138 0.0345 0.046728 0.998908 2.875436
0.4138 0.0690 0.105101 0.994462 2.556848
0.4138 0.1034 0.179192 0.983814 2.249490
0.4138 0.1379 0.274400 0.961616 1.958654
0.4138 0.1724 0.396850 0.917883 1.692878
0.4138 0.2069 0.549974 0.835182 1.465857
0.4138 0.2414 0.724565 0.689207 1.298085
0.4138 0.2759 0.885156 0.465294 1.214374
0.4138 0.3103 0.981570 0.191102 1.231980
0.4138 0.3448 0.997553 -0.069917 1.346935
0.4138 0.3793 0.961267 -0.275620 1.537557
0.4138 0.4138 0.905978 -0.423324 1.779697
0.4138 0.4483 0.849898 -0.526948 2.055224
0.4138 0.4828 0.799636 -0.600485 2.352438
0.4138 0.5172 0.756528 -0.653961 2.664089
0.4138 0.5517 0.720049 -0.693923 2.985661
0.4138 0.5862 0.689198 -0.724573 3.314265
0.4138 0.6207 0.0000 0.0000 0.0000
0.4138 0.6552 0.0000 0.0000 0.0000
0.4138 0.6897 0.0000 0.0000 0.0000
0.4138 0.7241 0.0000 0.0000 0.0000
0.4138 0.7586 0.0000 0.0000 0.0000
0.4138 0.7931 0.0000 0.0000 0.0000
0.4138 0.8276 0.0000 0.0000 0.0000
0.4138 0.8621 0.0000 0.0000 0.0000
0.4138 0.8966 0.0000 0.0000 0.0000
0.4138 0.9310 0.0000 0.0000 0.0000
0.4138 0.9655 0.0000 0.0000 0.0000
0.4138 1.0000 0.0000 0.0000 0.0000

0.4483 0.0000 0.0000 0.0000 0.0000
0.4483 0.0345 0.050196 0.998739 2.911280
0.4483 0.0690 0.113847 0.993498 2.567227
0.4483 0.1034 0.195993 0.980605 2.236843
0.4483 0.1379 0.303316 0.952890 1.927174
0.4483 0.1724 0.442855 0.896593 1.649924
0.4483 0.2069 0.615673 0.788002 1.424154
0.4483 0.2414 0.800770 0.598972 1.277457
0.4483 0.2759 0.944133 0.329563 1.238262
0.4483 0.3103 0.999249 0.038756 1.316209
0.4483 0.3448 0.978764 -0.204991 1.493062
0.4483 0.3793 0.924429 -0.381355 1.738902
0.4483 0.4138 0.864365 -0.502865 2.028803
0.4483 0.4483 0.809618 -0.586957 2.346491
0.4483 0.4828 0.762794 -0.646642 2.682110
0.4483 0.5172 0.723513 -0.690311 3.029707
0.4483 0.5517 0.0000 0.0000 0.0000
0.4483 0.5862 0.0000 0.0000 0.0000
0.4483 0.6207 0.0000 0.0000 0.0000
0.4483 0.6552 0.0000 0.0000 0.0000
0.4483 0.6897 0.0000 0.0000 0.0000
0.4483 0.7241 0.0000 0.0000 0.0000
0.4483 0.7586 0.0000 0.0000 0.0000
0.4483 0.7931 0.0000 0.0000 0.0000
0.4483 0.8276 0.0000 0.0000 0.0000
0.4483 0.8621 0.0000 0.0000 0.0000
0.4483 0.8966 0.0000 0.0000 0.0000
0.4483 0.9310 0.0000 0.0000 0.0000
0.4483 0.9655 0.0000 0.0000 0.0000
0.4483 1.0000 0.0000 0.0000 0.0000

0.4828 0.0000 0.0000 0.0000 0.0000
0.4828 0.0345 0.054155 0.998533 2.915813
0.4828 0.0690 0.124012 0.992281 2.546650
0.4828 0.1034 0.215898 0.976416 2.194197
0.4828 0.1379 0.338142 0.941095 1.867938
0.4828 0.1724 0.498401 0.866947 1.584140
0.4828 0.2069 0.691837 0.722053 1.369460
0.4828 0.2414 0.877441 0.479685 1.259744
0.4828 0.2759 0.985206 0.171372 1.282227
0.4828 0.3103 0.993343 -0.115192 1.430689
0.4828 0.3448 0.944478 -0.328576 1.671901
0.4828 0.3793 0.880769 -0.473546 1.972117
0.4828 0.4138 0.820855 -0.571137 2.308432
0.4828 0.4483 0.769637 -0.638481 2.667223
0.4828 0.4828 0.727074 -0.686559 3.040546
0.4828 0.5172 0.0000 0.0000 0.0000
0.4828 0.5517 0.0000 0.0000 0.0000
0.4828 0.5862 0.0000 0.0000 0.0000
0.4828 0.6207 0.0000 0.0000 0.0000
0.4828 0.6552 0.0000 0.0000 0.0000
0.4828 0.6897 0.0000 0.0000 0.0000
0.4828 0.7241 0.0000 0.0000 0.0000
0.4828 0.7586 0.0000 0.0000 0.0000
0.4828 0.7931 0.0000 0.0000 0.0000
0.4828 0.8276 0.0000 0.0000 0.0000
0.4828 0.8621 0.0000 0.0000 0.0000
0.4828 0.8966 0.0000 0.0000 0.0000
0.4828 0.9310 0.0000 0.0000 0.0000
0.4828 0.9655 0.0000 0.0000 0.0000
0.4828 1.0000 0.0000 0.0000 0.0000

0.5172 0.0000 0.0000 0.0000 0.0000
0.5172 0.0345 0.058732 0.998274 2.889054
0.5172 0.0690 0.136002 0.990709 2.495242
0.5172 0.1034 0.239885 0.970801 2.122007
0.5172 0.1379 0.380803 0.924656 1.782326
0.5172 0.1724 0.565906 0.824470 1.499180
0.5172 0.2069 0.777296 0.629136 1.309764
0.5172 0.2414 0.944773 0.327724 1.257183
0.5172 0.2759 1.000000 -0.000000 1.357432
0.5172 0.3103 0.965478 -0.260483 1.581714
0.5172 0.3448 0.899536 -0.436846 1.886293
0.5172 0.3793 0.833754 -0.552136 2.238632
0.5172 0.4138 0.777296 -0.629136 2.619528
0.5172 0.4483 0.730844 -0.682544 3.018189
0.5172 0.4828 0.0000 0.0000 0.0000
0.5172 0.5172 0.0000 0.0000 0.0000
0.5172 0.5517 0.0000 0.0000 0.0000
0.5172 0.5862 0.0000 0.0000 0.0000
0.5172 0.6207 0.0000 0.0000 0.0000
0.5172 0.6552 0.0000 0.0000 0.0000
0.5172 0.6897 0.0000 0.0000 0.0000
0.5172 0.7241 0.0000 0.0000 0.0000
0.5172 0.7586 0.0000 0.0000 0.0000
0.5172 0.7931 0.0000 0.0000 0.0000
0.5172 0.8276 0.0000 0.0000 0.0000
0.5172 0.8621 0.0000 0.0000 0.0000
0.5172 0.8966 0.0000 0.0000 0.0000
0.5172 0.9310 0.0000 0.0000 0.0000
0.5172 0.9655 0.0000 0.0000 0.0000
0.5172 1.0000 0.0000 0.0000 0.0000

0.5517 0.0000 0.0000 0.0000 0.0000
0.5517 0.0345 0.064094 0.997944 2.831029
0.5517 0.0690 0.150383 0.988628 2.413175
0.5517 0.1034 0.269355 0.963041 2.020947
0.5517 0.1379 0.433970 0.900928 1.672474
0.5517 0.1724 0.647668 0.761923 1.400800
0.5517 0.2069 0.866280 0.499559 1.256757
0.5517 0.2414 0.989184 0.146683 1.284043
0.5517 0.2759 0.985363 -0.170469 1.473168
0.5517 0.3103 0.921028 -0.389496 1.773079
0.5517 0.3448 0.848835 -0.528658 2.137644
0.5517 0.3793 0.786068 -0.618140 2.539166
0.5517 0.4138 0.734951 -0.678120 2.962657
0.5517 0.4483 0.0000 0.0000 0.0000
0.5517 0.4828 0.0000 0.0000 0.0000
0.5517 0.5172 0.0000 0.0000 0.0000
0.5517 0.5517 0.0000 0.0000 0.0000
0.5517 0.5862 0.0000 0.0000 0.0000
0.5517 0.6207 0.0000 0.0000 0.0000
0.5517 0.6552 0.0000 0.0000 0.0000
0.5517 0.6897 0.0000 0.0000 0.0000
0.5517 0.7241 0.0000 0.0000 0.0000
0.5517 0.7586 0.0000 0.0000 0.0000
0.5517 0.7931 0.0000 0.0000 0.0000
0.5517 0.8276 0.0000 0.0000 0.0000
0.5517 0.8621 0.0000 0.0000 0.0000
0.5517 0.8966 0.0000 0.0000 0.0000
0.5517 0.9310 0.0000 0.0000 0.0000
0.5517 0.9655 0.0000 0.0000 0.0000
0.5517 1.0000 0.0000 0.0000 0.0000

0.5862 0.0000 0.0000 0.0000 0.0000
0.5862 0.0345 0.070473 0.997514 2.741775
0.5862 0.0690 0.167968 0.985792 2.300702
0.5862 0.1034 0.306369 0.951913 1.892054
0.5862 0.1379 0.501279 0.865285 1.541833
0.5862 0.1724 0.744182 0.667977 1.298221
0.5862 0.2069 0.945255 0.326331 1.226477
0.5862 0.2414 0.998786 -0.049259 1.354200
0.5862 0.2759 0.945255 -0.326331 1.635303
0.5862 0.3103 0.866762 -0.498722 2.006319
0.5862 0.3448 0.796351 -0.604835 2.426347
0.5862 0.3793 0.739549 -0.673103 2.873977
0.5862 0.4138 0.694602 -0.719394 3.338124
0.5862 0.4483 0.0000 0.0000 0.0000
0.5862 0.4828 0.0000 0.0000 0.0000
0.5862 0.5172 0.0000 0.0000 0.0000
0.5862 0.5517 0.0000 0.0000 0.0000
0.5862 0.5862 0.0000 0.0000 0.0000
0.5862 0.6207 0.0000 0.0000 0.0000
0.5862 0.6552 0.0000 0.0000 0.0000
0.5862 0.6897 0.0000 0.0000 0.0000
0.5862 0.7241 0.0000 0.0000 0.0000
0.5862 0.7586 0.0000 0.0000 0.0000
0.5862 0.7931 0.0000 0.0000 0.0000
0.5862 0.8276 0.0000 0.0000 0.0000
0.5862 0.8621 0.0000 0.0000 0.0000
0.5862 0.8966 0.0000 0.0000 0.0000
0.5862 0.9310 0.0000 0.0000 0.0000
0.5862 0.9655 0.0000 0.0000 0.0000
0.5862 1.0000 0.0000 0.0000 0.0000

0.6207 0.0000 0.0000 0.0000 0.0000
0.6207 0.0345 0.078202 0.996938 2.621345
0.6207 0.0690 0.189967 0.981790 2.158206
0.6207 0.1034 0.354047 0.935227 1.737005
0.6207 0.1379 0.587280 0.809384 1.396227
0.6207 0.1724 0.849832 0.527054 1.206086
0.6207 0.2069 0.993469 0.114099 1.238050
0.6207 0.2414 0.971026 -0.238975 1.477776
0.6207 0.2759 0.888370 -0.459129 1.846024
0.6207 0.3103 0.808696 -0.588227 2.281386
0.6207 0.3448 0.744839 -0.667244 2.752193
0.6207 0.3793 0.0000 0.0000 0.0000
0.6207 0.4138 0.0000 0.0000 0.0000
0.6207 0.4483 0.0000 0.0000 0.0000
0.6207 0.4828 0.0000 0.0000 0.0000
0.6207 0.5172 0.0000 0.0000 0.0000
0.6207 0.5517 0.0000 0.0000 0.0000
0.6207 0.5862 0.0000 0.0000 0.0000
0.6207 0.6207 0.0000 0.0000 0.0000
0.6207 0.6552 0.0000 0.0000 0.0000
0.6207 0.6897 0.0000 0.0000 0.0000
0.6207 0.7241 0.0000 0.0000 0.0000
0.6207 0.7586 0.0000 0.0000 0.0000
0.6207 0.7931 0.0000 0.0000 0.0000
0.6207 0.8276 0.0000 0.0000 0.0000
0.6207 0.8621 0.0000 0.0000 0.0000
0.6207 0.8966 0.0000 0.0000 0.0000
0.6207 0.9310 0.0000 0.0000 0.0000
0.6207 0.9655 0.0000 0.0000 0.0000
0.6207 1.0000 0.0000 0.0000 0.0000

0.6552 0.0000 0.0000 0.0000 0.0000
0.6552 0.0345 0.087766 0.996141 2.469816
0.6552 0.0690 0.218261 0.975890 1.986296
0.6552 0.1034 0.417214 0.908808 1.558665
0.6552 0.1379 0.695949 0.718091 1.245871
0.6552 0.1724 0.945632 0.325239 1.146143
0.6552 0.2069 0.993492 -0.113900 1.309114
0.6552 0.2414 0.914569 -0.404429 1.659098
0.6552 0.2759 0.823897 -0.566740 2.104785
0.6552 0.3103 0.751103 -0.660185 2.597369
0.6552 0.3448 0.0000 0.0000 0.0000
0.6552 0.3793 0.0000 0.0000 0.0000
0.6552 0.4138 0.0000 0.0000 0.0000
0.6552 0.4483 0.0000 0.0000 0.0000
0.6552 0.4828 0.0000 0.0000 0.0000
0.6552 0.5172 0.0000 0.0000 0.0000
0.6552 0.5517 0.0000 0.0000 0.0000
0.6552 0.5862 0.0000 0.0000 0.0000
0.6552 0.6207 0.0000 0.0000 0.0000
0.6552 0.6552 0.0000 0.0000 0.0000
0.6552 0.6897 0.0000 0.0000 0.0000
0.6552 0.7241 0.0000 0.0000 0.0000
0.6552 0.7586 0.0000 0.0000 0.0000
0.6552 0.7931 0.0000 0.0000 0.0000
0.6552 0.8276 0.0000 0.0000 0.0000
0.6552 0.8621 0.0000 0.0000 0.0000
0.6552 0.8966 0.0000 0.0000 0.0000
0.6552 0.9310 0.0000 0.0000 0.0000
0.6552 0.9655 0.0000 0.0000 0.0000
0.6552 1.0000 0.0000 0.0000 0.0000

0.6897 0.0000 0.0000 0.0000 0.0000
0.6897 0.0345 0.099915 0.994996 2.287308
0.6897 0.0690 0.255922 0.966697 1.785994
0.6897 0.1034 0.503285 0.864121 1.362275
0.6897 0.1379 0.824317 0.566128 1.108978
0.6897 0.1724 0.997650 0.068517 1.145379
0.6897 0.2069 0.945791 -0.324777 1.449819
0.6897 0.2414 0.843140 -0.537694 1.897387
0.6897 0.2759 0.758755 -0.651376 2.409606
0.6897 0.3103 0.0000 0.0000 0.0000
0.6897 0.3448 0.0000 0.0000 0.0000
0.6897 0.3793 0.0000 0.0000 0.0000
0.6897 0.4138 0.0000 0.0000 0.0000
0.6897 0.4483 0.0000 0.0000 0.0000
0.6897 0.4828 0.0000 0.0000 0.0000
0.6897 0.5172 0.0000 0.0000 0.0000
0.6897 0.5517 0.0000 0.0000 0.0000
0.6897 0.5862 0.0000 0.0000 0.0000
0.6897 0.6207 0.0000 0.0000 0.0000
0.6897 0.6552 0.0000 0.0000 0.0000
0.6897 0.6897 0.0000 0.0000 0.0000
0.6897 0.7241 0.0000 0.0000 0.0000
0.6897 0.7586 0.0000 0.0000 0.0000
0.6897 0.7931 0.0000 0.0000 0.0000
0.6897 0.8276 0.0000 0.0000 0.0000
0.6897 0.8621 0.0000 0.0000 0.0000
0.6897 0.8966 0.0000 0.0000 0.0000
0.6897 0.9310 0.0000 0.0000 0.0000
0.6897 0.9655 0.0000 0.0000 0.0000
0.6897 1.0000 0.0000 0.0000 0.0000

0.7241 0.0000 0.0000 0.0000 0.0000
0.7241 0.0345 0.115867 0.993265 2.074017
0.7241 0.0690 0.308255 0.951304 1.559159
0.7241 0.1034 0.622476 0.782639 1.158160
0.7241 0.1379 0.945934 0.324360 1.016178
0.7241 0.1724 0.979485 -0.201519 1.226712
0.7241 0.2069 0.868217 -0.496185 1.660709
0.7241 0.2414 0.768439 -0.639923 2.189065
0.7241 0.2759 0.0000 0.0000 0.0000
0.7241 0.3103 0.0000 0.0000 0.0000
0.7241 0.3448 0.0000 0.0000 0.0000
0.7241 0.3793 0.0000 0.0000 0.0000
0.7241 0.4138 0.0000 0.0000 0.0000
0.7241 0.4483 0.0000 0.0000 0.0000
0.7241 0.4828 0.0000 0.0000 0.0000
0.7241 0.5172 0.0000 0.0000 0.0000
0.7241 0.5517 0.0000 0.0000 0.0000
0.7241 0.5862 0.0000 0.0000 0.0000
0.7241 0.6207 0.0000 0.0000 0.0000
0.7241 0.6552 0.0000 0.0000 0.0000
0.7241 0.6897 0.0000 0.0000 0.0000
0.7241 0.7241 0.0000 0.0000 0.0000
0.7241 0.7586 0.0000 0.0000 0.0000
0.7241 0.7931 0.0000 0.0000 0.0000
0.7241 0.8276 0.0000 0.0000 0.0000
0.7241 0.8621 0.0000 0.0000 0.0000
0.7241 0.8966 0.0000 0.0000 0.0000
0.7241 0.9310 0.0000 0.0000 0.0000
0.7241 0.9655 0.0000 0.0000 0.0000
0.7241 1.0000 0.0000 0.0000 0.0000

0.7586 0.0000 0.0000 0.0000 0.0000
0.7586 0.0345 0.137728 0.990470 1.830284
0.7586 0.0690 0.385002 0.922916 1.309503
0.7586 0.1034 0.781228 0.624246 0.968018
0.7586 0.1379 1.000000 0.000000 1.008323
0.7586 0.1724 0.901722 -0.432316 1.397775
0.7586 0.2069 0.781228 -0.624246 1.936035
0.7586 0.2414 0.697501 -0.716584 2.529840
0.7586 0.2759 0.0000 0.0000 0.0000
0.7586 0.3103 0.0000 0.0000 0.0000
0.7586 0.3448 0.0000 0.0000 0.0000
0.7586 0.3793 0.0000 0.0000 0.0000
0.7586 0.4138 0.0000 0.0000 0.0000
0.7586 0.4483 0.0000 0.0000 0.0000
0.7586 0.4828 0.0000 0.0000 0.0000
0.7586 0.5172 0.0000 0.0000 0.0000
0.7586 0.5517 0.0000 0.0000 0.0000
0.7586 0.5862 0.0000 0.0000 0.0000
0.7586 0.6207 0.0000 0.0000 0.0000
0.7586 0.6552 0.0000 0.0000 0.0000
0.7586 0.6897 0.0000 0.0000 0.0000
0.7586 0.7241 0.0000 0.0000 0.0000
0.7586 0.7586 0.0000 0.0000 0.0000
0.7586 0.7931 0.0000 0.0000 0.0000
0.7586 0.8276 0.0000 0.0000 0.0000
0.7586 0.8621 0.0000 0.0000 0.0000
0.7586 0.8966 0.0000 0.0000 0.0000
0.7586 0.9310 0.0000 0.0000 0.0000
0.7586 0.9655 0.0000 0.0000 0.0000
0.7586 1.0000 0.0000 0.0000 0.0000

0.7931 0.0000 0.0000 0.0000 0.0000
0.7931 0.0345 0.169487 0.985532 1.556768
0.7931 0.0690 0.504762 0.863259 1.045454
0.7931 0.1034 0.946181 0.323637 0.836582
0.7931 0.1379 0.946181 -0.323637 1.115442
0.7931 0.1724 0.799040 -0.601278 1.651060
0.7931 0.2069 0.0000 0.0000 0.0000
0.7931 0.2414 0.0000 0.0000 0.0000
0.7931 0.2759 0.0000 0.0000 0.0000
0.7931 0.3103 0.0000 0.0000 0.0000
0.7931 0.3448 0.0000 0.0000 0.0000
0.7931 0.3793 0.0000 0.0000 0.0000
0.7931 0.4138 0.0000 0.0000 0.0000
0.7931 0.4483 0.0000 0.0000 0.0000
0.7931 0.4828 0.0000 0.0000 0.0000
0.7931 0.5172 0.0000 0.0000 0.0000
0.7931 0.5517 0.0000 0.0000 0.0000
0.7931 0.5862 0.0000 0.0000 0.0000
0.7931 0.6207 0.0000 0.0000 0.0000
0.7931 0.6552 0.0000 0.0000 0.0000
0.7931 0.6897 0.0000 0.0000 0.0000
0.7931 0.7241 0.0000 0.0000 0.0000
0.7931 0.7586 0.0000 0.0000 0.0000
0.7931 0.7931 0.0000 0.0000 0.0000
0.7931 0.8276 0.0000 0.0000 0.0000
0.7931 0.8621 0.0000 0.0000 0.0000
0.7931 0.8966 0.0000 0.0000 0.0000
0.7931 0.9310 0.0000 0.0000 0.0000
0.7931 0.9655 0.0000 0.0000 0.0000
0.7931 1.0000 0.0000 0.0000 0.0000

0.8276 0.0000 0.0000 0.0000 0.0000
0.8276 0.0345 0.219638 0.975581 1.254900
0.8276 0.0690 0.698316 0.715789 0.789397
0.8276 0.1034 0.993577 -0.113160 0.832218
0.8276 0.1379 0.825639 -0.564199 1.335326
0.8276 0.1724 0.0000 0.0000 0.0000
0.8276 0.2069 0.0000 0.0000 0.0000
0.8276 0.2414 0.0000 0.0000 0.0000
0.8276 0.2759 0.0000 0.0000 0.0000
0.8276 0.3103 0.0000 0.0000 0.0000
0.8276 0.3448 0.0000 0.0000 0.0000
0.8276 0.3793 0.0000 0.0000 0.0000
0.8276 0.4138 0.0000 0.0000 0.0000
0.8276 0.4483 0.0000 0.0000 0.0000
0.8276 0.4828 0.0000 0.0000 0.0000
0.8276 0.5172 0.0000 0.0000 0.0000
0.8276 0.5517 0.0000 0.0000 0.0000
0.8276 0.5862 0.0000 0.0000 0.0000
0.8276 0.6207 0.0000 0.0000 0.0000
0.8276 0.6552 0.0000 0.0000 0.0000
0.8276 0.6897 0.0000 0.0000 0.0000
0.8276 0.7241 0.0000 0.0000 0.0000
0.8276 0.7586 0.0000 0.0000 0.0000
0.8276 0.7931 0.0000 0.0000 0.0000
0.8276 0.8276 0.0000 0.0000 0.0000
0.8276 0.8621 0.0000 0.0000 0.0000
0.8276 0.8966 0.0000 0.0000 0.0000
0.8276 0.9310 0.0000 0.0000 0.0000
0.8276 0.9655 0.0000 0.0000 0.0000
0.8276 1.0000 0.0000 0.0000 0.0000

0.8621 0.0000 0.0000 0.0000 0.0000
0.8621 0.0345 0.309535 0.950888 0.928477
0.8621 0.0690 0.946388 0.323033 0.607353
0.8621 0.1034 0.869193 -0.494473 0.991941
0.8621 0.1379 0.698674 -0.715440 1.645379
0.8621 0.1724 0.0000 0.0000 0.0000
0.8621 0.2069 0.0000 0.0000 0.0000
0.8621 0.2414 0.0000 0.0000 0.0000
0.8621 0.2759 0.0000 0.0000 0.0000
0.8621 0.3103 0.0000 0.0000 0.0000
0.8621 0.3448 0.0000 0.0000 0.0000
0.8621 0.3793 0.0000 0.0000 0.0000
0.8621 0.4138 0.0000 0.0000 0.0000
0.8621 0.4483 0.0000 0.0000 0.0000
0.8621 0.4828 0.0000 0.0000 0.0000
0.8621 0.5172 0.0000 0.0000 0.0000
0.8621 0.5517 0.0000 0.0000 0.0000
0.8621 0.5862 0.0000 0.0000 0.0000
0.8621 0.6207 0.0000 0.0000 0.0000
0.8621 0.6552 0.0000 0.0000 0.0000
0.8621 0.6897 0.0000 0.0000 0.0000
0.8621 0.7241 0.0000 0.0000 0.0000
0.8621 0.7586 0.0000 0.0000 0.0000
0.8621 0.7931 0.0000 0.0000 0.0000
0.8621 0.8276 0.0000 0.0000 0.0000
0.8621 0.8621 0.0000 0.0000 0.0000
0.8621 0.8966 0.0000 0.0000 0.0000
0.8621 0.9310 0.0000 0.0000 0.0000
0.8621 0.9655 0.0000 0.0000 0.0000
0.8621 1.0000 0.0000 0.0000 0.0000

0.8966 0.0000 0.0000 0.0000 0.0000
0.8966 0.0345 0.505895 0.862595 0.591363
0.8966 0.0690 0.946479 -0.322766 0.632170
0.8966 0.1034 0.0000 0.0000 0.0000
0.8966 0.1379 0.0000 0.0000 0.0000
0.8966 0.1724 0.0000 0.0000 0.0000
0.8966 0.2069 0.0000 0.0000 0.0000
0.8966 0.2414 0.0000 0.0000 0.0000
0.8966 0.2759 0.0000 0.0000 0.0000
0.8966 0.3103 0.0000 0.0000 0.0000
0.8966 0.3448 0.0000 0.0000 0.0000
0.8966 0.3793 0.0000 0.0000 0.0000
0.8966 0.4138 0.0000 0.0000 0.0000
0.8966 0.4483 0.0000 0.0000 0.0000
0.8966 0.4828 0.0000 0.0000 0.0000
0.8966 0.5172 0.0000 0.0000 0.0000
0.8966 0.5517 0.0000 0.0000 0.0000
0.8966 0.5862 0.0000 0.0000 0.0000
0.8966 0.6207 0.0000 0.0000 0.0000
0.8966 0.6552 0.0000 0.0000 0.0000
0.8966 0.6897 0.0000 0.0000 0.0000
0.8966 0.7241 0.0000 0.0000 0.0000
0.8966 0.7586 0.0000 0.0000 0.0000
0.8966 0.7931 0.0000 0.0000 0.0000
0.8966 0.8276 0.0000 0.0000 0.0000
0.8966 0.8621 0.0000 0.0000 0.0000
0.8966 0.8966 0.0000 0.0000 0.0000
0.8966 0.9310 0.0000 0.0000 0.0000
0.8966 0.9655 0.0000 0.0000 0.0000
0.8966 1.0000 0.0000 0.0000 0.0000

0.9310 0.0000 0.0000 0.0000 0.0000
0.9310 0.0345 0.946563 0.322519 0.328493
0.9310 0.0690 0.699309 -0.714819 0.889276
0.9310 0.1034 0.0000 0.0000 0.0000
0.9310 0.1379 0.0000 0.0000 0.0000
0.9310 0.1724 0.0000 0.0000 0.0000
0.9310 0.2069 0.0000 0.0000 0.0000
0.9310 0.2414 0.0000 0.0000 0.0000
0.9310 0.2759 0.0000 0.0000 0.0000
0.9310 0.3103 0.0000 0.0000 0.0000
0.9310 0.3448 0.0000 0.0000 0.0000
0.9310 0.3793 0.0000 0.0000 0.0000
0.9310 0.4138 0.0000 0.0000 0.0000
0.9310 0.4483 0.0000 0.0000 0.0000
0.9310 0.4828 0.0000 0.0000 0.0000
0.9310 0.5172 0.0000 0.0000 0.0000
0.9310 0.5517 0.0000 0.0000 0.0000
0.9310 0.5862 0.0000 0.0000 0.0000
0.9310 0.6207 0.0000 0.0000 0.0000
0.9310 0.6552 0.0000 0.0000 0.0000
0.9310 0.6897 0.0000 0.0000 0.0000
0.9310 0.7241 0.0000 0.0000 0.0000
0.9310 0.7586 0.0000 0.0000 0.0000
0.9310 0.7931 0.0000 0.0000 0.0000
0.9310 0.8276 0.0000 0.0000 0.0000
0.9310 0.8621 0.0000 0.0000 0.0000
0.9310 0.8966 0.0000 0.0000 0.0000
0.9310 0.9310 0.0000 0.0000 0.0000
0.9310 0.9655 0.0000 0.0000 0.0000
0.9310 1.0000 0.0000 0.0000 0.0000

0.9655 0.0000 0.0000 0.0000 0.0000
0.9655 0.0345 0.0000 0.0000 0.0000
0.9655 0.0690 0.0000 0.0000 0.0000
0.9655 0.1034 0.0000 0.0000 0.0000
0.9655 0.1379 0.0000 0.0000 0.0000
0.9655 0.1724 0.0000 0.0000 0.0000
0.9655 0.2069 0.0000 0.0000 0.0000
0.9655 0.2414 0.0000 0.0000 0.0000
0.9655 0.2759 0.0000 0.0000 0.0000
0.9655 0.3103 0.0000 0.0000 0.0000
0.9655 0.3448 0.0000 0.0000 0.0000
0.9655 0.3793 0.0000 0.0000 0.0000
0.9655 0.4138 0.0000 0.0000 0.0000
0.9655 0.4483 0.0000 0.0000 0.0000
0.9655 0.4828 0.0000 0.0000 0.0000
0.9655 0.5172 0.0000 0.0000 0.0000
0.9655 0.5517 0.0000 0.0000 0.0000
0.9655 0.5862 0.0000 0.0000 0.0000
0.9655 0.6207 0.0000 0.0000 0.0000
0.9655 0.6552 0.0000 0.0000 0.0000
0.9655 0.6897 0.0000 0.0000 0.0000
0.9655 0.7241 0.0000 0.0000 0.0000
0.9655 0.7586 0.0000 0.0000 0.0000
0.9655 0.7931 0.0000 0.0000 0.0000
0.9655 0.8276 0.0000 0.0000 0.0000
0.9655 0.8621 0.0000 0.0000 0.0000
0.9655 0.8966 0.0000 0.0000 0.0000
0.9655 0.9310 0.0000 0.0000 0.0000
0.9655 0.9655 0.0000 0.0000 0.0000
0.9655 1.0000 0.0000 0.0000 0.0000

1.0000 0.0000 0.0000 0.0000 0.0000
1.0000 0.0345 0.0000 0.0000 0.0000
1.0000 0.0690 0.0000 0.0000 0.0000
1.0000 0.1034 0.0000 0.0000 0.0000
1.0000 0.1379 0.0000 0.0000 0.0000
1.0000 0.1724 0.0000 0.0000 0.0000
1.0000 0.2069 0.0000 0.0000 0.0000
1.0000 0.2414 0.0000 0.0000 0.0000
1.0000 0.2759 0.0000 0.0000 0.0000
1.0000 0.3103 0.0000 0.0000 0.0000
1.0000 0.3448 0.0000 0.0000 0.0000
1.0000 0.3793 0.0000 0.0000 0.0000
1.0000 0.4138 0.0000 0.0000 0.0000
1.0000 0.4483 0.0000 0.0000 0.0000
1.0000 0.4828 0.0000 0.0000 0.0000
1.0000 0.5172 0.0000 0.0000 0.0000
1.0000 0.5517 0.0000 0.0000 0.0000
1.0000 0.5862 0.0000 0.0000 0.0000
1.0000 0.6207 0.0000 0.0000 0.0000
1.0000 0.6552 0.0000 0.0000 0.0000
1.0000 0.6897 0.0000 0.0000 0.0000
1.0000 0.7241 0.0000 0.0000 0.0000
1.0000 0.7586 0.0000 0.0000 0.0000
1.0000 0.7931 0.0000 0.0000 0.0000
1.0000 0.8276 0.0000 0.0000 0.0000
1.0000 0.8621 0.0000 0.0000 0.0000
1.0000 0.8966 0.0000 0.0000 0.0000
1.0000 0.9310 0.0000 0.0000 0.0000
1.0000 0.9655 0.0000 0.0000 0.0000
1.0000 1.0000 0.0000 0.0000 0.0000

