0.0000 0.0000 0.0000 0.0000 0.0000
0.0000 0.0345 0.0000 0.0000 0.0000
0.0000 0.0690 0.0000 0.0000 0.0000
0.0000 0.1034 0.0000 0.0000 0.0000
0.0000 0.1379 0.0000 0.0000 0.0000
0.0000 0.1724 0.0000 0.0000 0.0000
0.0000 0.2069 0.0000 0.0000 0.0000
0.0000 0.2414 0.0000 0.0000 0.0000
0.0000 0.2759 0.0000 0.0000 0.0000
0.0000 0.3103 0.0000 0.0000 0.0000
0.0000 0.3448 0.0000 0.0000 0.0000
0.0000 0.3793 0.0000 0.0000 0.0000
0.0000 0.4138 0.0000 0.0000 0.0000
0.0000 0.4483 0.0000 0.0000 0.0000
0.0000 0.4828 0.0000 0.0000 0.0000
0.0000 0.5172 0.0000 0.0000 0.0000
0.0000 0.5517 0.0000 0.0000 0.0000
0.0000 0.5862 0.0000 0.0000 0.0000
0.0000 0.6207 0.0000 0.0000 0.0000
0.0000 0.6552 0.0000 0.0000 0.0000
0.0000 0.6897 0.0000 0.0000 0.0000
0.0000 0.7241 0.0000 0.0000 0.0000
0.0000 0.7586 0.0000 0.0000 0.0000
0.0000 0.7931 0.0000 0.0000 0.0000
0.0000 0.8276 0.0000 0.0000 0.0000
0.0000 0.8621 0.0000 0.0000 0.0000
0.0000 0.8966 0.0000 0.0000 0.0000
0.0000 0.9310 0.0000 0.0000 0.0000
0.0000 0.9655 0.0000 0.0000 0.0000
0.0000 1.0000 0.0000 0.0000 0.0000

0.0345 0.0000 0.0000 0.0000 0.0000
0.0345 0.0345 0.013641 0.999907 0.461993
0.0345 0.0690 0.029221 0.999573 0.431338
0.0345 0.1034 0.047170 0.998887 0.400803
0.0345 0.1379 0.068053 0.997682 0.370419
0.0345 0.1724 0.092615 0.995702 0.340226
0.0345 0.2069 0.121865 0.992547 0.310279
0.0345 0.2414 0.157181 0.987570 0.280659
0.0345 0.2759 0.200479 0.979698 0.251479
0.0345 0.3103 0.254441 0.967088 0.222913
0.0345 0.3448 0.322798 0.946468 0.195231
0.0345 0.3793 0.410511 0.911856 0.168868
0.0345 0.4138 0.523179 0.852223 0.144548
0.0345 0.4483 0.663467 0.748206 0.123482
0.0345 0.4828 0.819958 0.572424 0.107601
0.0345 0.5172 0.950814 0.309762 0.099420
0.0345 0.5517 1.000000 0.000000 0.100832
0.0345 0.5862 0.961080 -0.276270 0.111473
0.0345 0.6207 0.878809 -0.477173 0.129080
0.0345 0.6552 0.791717 -0.610888 0.151239
0.0345 0.6897 0.715157 -0.698964 0.176242
0.0345 0.7241 0.651804 -0.758388 0.203040
0.0345 0.7586 0.600165 -0.799876 0.231011
0.0345 0.7931 0.557970 -0.829861 0.259775
0.0345 0.8276 0.523179 -0.852223 0.289095
0.0345 0.8621 0.494170 -0.869366 0.318819
0.0345 0.8966 0.469703 -0.882824 0.348843
0.0345 0.9310 0.448844 -0.893610 0.379095
0.0345 0.9655 0.0000 0.0000 0.0000
0.0345 1.0000 0.0000 0.0000 0.0000

0.0690 0.0000 0.0000 0.0000 0.0000
0.0690 0.0345 0.021937 0.999759 0.888918
0.0690 0.0690 0.047101 0.998890 0.828030
0.0690 0.1034 0.076199 0.997093 0.767749
0.0690 0.1379 0.110137 0.993916 0.708232
0.0690 0.1724 0.150076 0.988674 0.649689
0.0690 0.2069 0.197506 0.980302 0.592407
0.0690 0.2414 0.254297 0.967126 0.536790
0.0690 0.2759 0.322714 0.946497 0.483415
0.0690 0.3103 0.405221 0.914219 0.433110
0.0690 0.3448 0.503795 0.863823 0.387074
0.0690 0.3793 0.618154 0.786057 0.347011
0.0690 0.4138 0.742393 0.669965 0.315206
0.0690 0.4483 0.861248 0.508185 0.294349
0.0690 0.4828 0.951787 0.306761 0.286838
0.0690 0.5172 0.995953 0.089879 0.293698
0.0690 0.5517 0.993698 -0.112094 0.313988
0.0690 0.5862 0.959923 -0.280264 0.345351
0.0690 0.6207 0.911505 -0.411289 0.385089
0.0690 0.6552 0.859870 -0.510513 0.430892
0.0690 0.6897 0.810784 -0.585346 0.481031
0.0690 0.7241 0.766467 -0.642283 0.534286
0.0690 0.7586 0.727371 -0.686245 0.589813
0.0690 0.7931 0.693190 -0.720755 0.647029
0.0690 0.8276 0.663359 -0.748301 0.705522
0.0690 0.8621 0.637275 -0.770636 0.764999
0.0690 0.8966 0.614379 -0.789011 0.825248
0.0690 0.9310 0.0000 0.0000 0.0000
0.0690 0.9655 0.0000 0.0000 0.0000
0.0690 1.0000 0.0000 0.0000 0.0000

0.1034 0.0000 0.0000 0.0000 0.0000
0.1034 0.0345 0.025533 0.999674 1.280679
0.1034 0.0690 0.054972 0.998488 1.189670
0.1034 0.1034 0.089190 0.996015 1.099865
0.1034 0.1379 0.129299 0.991606 1.011583
0.1034 0.1724 0.176702 0.984264 0.925261
0.1034 0.2069 0.233148 0.972441 0.841502
0.1034 0.2414 0.300720 0.953712 0.761153
0.1034 0.2759 0.381657 0.924304 0.685415
0.1034 0.3103 0.477756 0.878492 0.615989
0.1034 0.3448 0.588910 0.808199 0.555249
0.1034 0.3793 0.710387 0.703811 0.506331
0.1034 0.4138 0.829722 0.558177 0.472917
0.1034 0.4483 0.927309 0.374296 0.458411
0.1034 0.4828 0.985365 0.170455 0.464587
0.1034 0.5172 0.999638 -0.026899 0.490665
0.1034 0.5517 0.980236 -0.197830 0.533735
0.1034 0.5862 0.942038 -0.335507 0.590089
0.1034 0.6207 0.896806 -0.442424 0.656313
0.1034 0.6552 0.851395 -0.524525 0.729725
0.1034 0.6897 0.809016 -0.587787 0.808369
0.1034 0.7241 0.770808 -0.637068 0.890861
0.1034 0.7586 0.736901 -0.676000 0.976225
0.1034 0.7931 0.706995 -0.707219 1.063771
0.1034 0.8276 0.680641 -0.732617 1.153001
0.1034 0.8621 0.657373 -0.753565 1.243554
0.1034 0.8966 0.0000 0.0000 0.0000
0.1034 0.9310 0.0000 0.0000 0.0000
0.1034 0.9655 0.0000 0.0000 0.0000
0.1034 1.0000 0.0000 0.0000 0.0000

0.1379 0.0000 0.0000 0.0000 0.0000
0.1379 0.0345 0.028033 0.999607 1.637266
0.1379 0.0690 0.060542 0.998166 1.516218
0.1379 0.1034 0.098560 0.995131 1.397052
0.1379 0.1379 0.143397 0.989665 1.280295
0.1379 0.1724 0.196704 0.980463 1.166670
0.1379 0.2069 0.260490 0.965477 1.057187
0.1379 0.2414 0.337032 0.941493 0.953276
0.1379 0.2759 0.428468 0.903557 0.856965
0.1379 0.3103 0.535698 0.844410 0.771106
0.1379 0.3448 0.656095 0.754679 0.699560
0.1379 0.3793 0.780223 0.625501 0.647091
0.1379 0.4138 0.890393 0.455192 0.618573
0.1379 0.4483 0.966528 0.256560 0.617334
0.1379 0.4828 0.998503 0.054692 0.643532
0.1379 0.5172 0.991931 -0.126775 0.694066
0.1379 0.5517 0.961053 -0.276365 0.764124
0.1379 0.5862 0.919160 -0.393885 0.848886
0.1379 0.6207 0.874798 -0.484488 0.944400
0.1379 0.6552 0.832330 -0.554281 1.047731
0.1379 0.6897 0.793540 -0.608518 1.156784
0.1379 0.7241 0.758886 -0.651223 1.270088
0.1379 0.7586 0.728220 -0.685343 1.386600
0.1379 0.7931 0.701159 -0.713005 1.505576
0.1379 0.8276 0.677259 -0.735744 1.626476
0.1379 0.8621 0.0000 0.0000 0.0000
0.1379 0.8966 0.0000 0.0000 0.0000
0.1379 0.9310 0.0000 0.0000 0.0000
0.1379 0.9655 0.0000 0.0000 0.0000
0.1379 1.0000 0.0000 0.0000 0.0000

0.1724 0.0000 0.0000 0.0000 0.0000
0.1724 0.0345 0.030171 0.999545 1.958680
0.1724 0.0690 0.065384 0.997860 1.807673
0.1724 0.1034 0.106844 0.994276 1.659320
0.1724 0.1379 0.156092 0.987743 1.514401
0.1724 0.1724 0.215052 0.976603 1.374003
0.1724 0.2069 0.286028 0.958221 1.239663
0.1724 0.2414 0.371483 0.928440 1.113576
0.1724 0.2759 0.473305 0.880899 0.998872
0.1724 0.3103 0.591020 0.806657 0.899914
0.1724 0.3448 0.718579 0.695446 0.822405
0.1724 0.3793 0.841143 0.540812 0.772828
0.1724 0.4138 0.937179 0.348849 0.756692
0.1724 0.4483 0.989907 0.141722 0.776085
0.1724 0.4828 0.998589 -0.053101 0.828517
0.1724 0.5172 0.975955 -0.217970 0.908284
0.1724 0.5517 0.937179 -0.348849 1.008923
0.1724 0.5862 0.893134 -0.449791 1.124845
0.1724 0.6207 0.849755 -0.527178 1.251813
0.1724 0.6552 0.809658 -0.586902 1.386795
0.1724 0.6897 0.773680 -0.633577 1.527669
0.1724 0.7241 0.741819 -0.670601 1.672946
0.1724 0.7586 0.713734 -0.700417 1.821574
0.1724 0.7931 0.688979 -0.724781 1.972796
0.1724 0.8276 0.0000 0.0000 0.0000
0.1724 0.8621 0.0000 0.0000 0.0000
0.1724 0.8966 0.0000 0.0000 0.0000
0.1724 0.9310 0.0000 0.0000 0.0000
0.1724 0.9655 0.0000 0.0000 0.0000
0.1724 1.0000 0.0000 0.0000 0.0000

0.2069 0.0000 0.0000 0.0000 0.0000
0.2069 0.0345 0.032204 0.999481 2.244922
0.2069 0.0690 0.070052 0.997543 2.064048
0.2069 0.1034 0.114954 0.993371 1.886705
0.2069 0.1379 0.168717 0.985664 1.713988
0.2069 0.1724 0.233594 0.972334 1.547449
0.2069 0.2069 0.312219 0.950010 1.389309
0.2069 0.2414 0.407203 0.913337 1.242780
0.2069 0.2759 0.519893 0.854232 1.112459
0.2069 0.3103 0.647628 0.761957 1.004673
0.2069 0.3448 0.779616 0.626258 0.927314
0.2069 0.3793 0.895175 0.445714 0.888366
0.2069 0.4138 0.971628 0.236515 0.892871
0.2069 0.4483 0.999606 0.028076 0.940204
0.2069 0.4828 0.987977 -0.154603 1.024446
0.2069 0.5172 0.953402 -0.301702 1.137425
0.2069 0.5517 0.909725 -0.415212 1.271503
0.2069 0.5862 0.865063 -0.501663 1.420721
0.2069 0.6207 0.823198 -0.567754 1.580795
0.2069 0.6552 0.785478 -0.618890 1.748748
0.2069 0.6897 0.752086 -0.659065 1.922516
0.2069 0.7241 0.722723 -0.691138 2.100656
0.2069 0.7586 0.696927 -0.717142 2.282145
0.2069 0.7931 0.0000 0.0000 0.0000
0.2069 0.8276 0.0000 0.0000 0.0000
0.2069 0.8621 0.0000 0.0000 0.0000
0.2069 0.8966 0.0000 0.0000 0.0000
0.2069 0.9310 0.0000 0.0000 0.0000
0.2069 0.9655 0.0000 0.0000 0.0000
0.2069 1.0000 0.0000 0.0000 0.0000

0.2414 0.0000 0.0000 0.0000 0.0000
0.2414 0.0345 0.034252 0.999413 2.495995
0.2414 0.0690 0.074818 0.997197 2.285359
0.2414 0.1034 0.123352 0.992363 2.079256
0.2414 0.1379 0.181980 0.983302 1.879178
0.2414 0.1724 0.253348 0.967375 1.687271
0.2414 0.2069 0.340463 0.940258 1.506658
0.2414 0.2414 0.445973 0.895047 1.341908
0.2414 0.2759 0.570158 0.821535 1.199576
0.2414 0.3103 0.706888 0.707325 1.088490
0.2414 0.3448 0.839056 0.544045 1.018924
0.2414 0.3793 0.940821 0.338905 0.999583
0.2414 0.4138 0.992868 0.119218 1.033291
0.2414 0.4483 0.996563 -0.082843 1.115248
0.2414 0.4828 0.968456 -0.249185 1.235894
0.2414 0.5172 0.925819 -0.377968 1.385154
0.2414 0.5517 0.879783 -0.475376 1.554811
0.2414 0.5862 0.835808 -0.549022 1.738903
0.2414 0.6207 0.795982 -0.605320 1.933313
0.2414 0.6552 0.760752 -0.649042 2.135223
0.2414 0.6897 0.729873 -0.683583 2.342695
0.2414 0.7241 0.702858 -0.711330 2.554374
0.2414 0.7586 0.0000 0.0000 0.0000
0.2414 0.7931 0.0000 0.0000 0.0000
0.2414 0.8276 0.0000 0.0000 0.0000
0.2414 0.8621 0.0000 0.0000 0.0000
0.2414 0.8966 0.0000 0.0000 0.0000
0.2414 0.9310 0.0000 0.0000 0.0000
0.2414 0.9655 0.0000 0.0000 0.0000
0.2414 1.0000 0.0000 0.0000 0.0000

0.2759 0.0000 0.0000 0.0000 0.0000
0.2759 0.0345 0.036392 0.999338 2.711903
0.2759 0.0690 0.079860 0.996806 2.471628
0.2759 0.1034 0.132352 0.991203 2.237040
0.2759 0.1379 0.196389 0.980526 2.010132
0.2759 0.1724 0.275089 0.961419 1.793821
0.2759 0.2069 0.371854 0.928291 1.592432
0.2759 0.2414 0.489142 0.872204 1.412360
0.2759 0.2759 0.625246 0.780428 1.262761
0.2759 0.3103 0.768677 0.639638 1.155529
0.2759 0.3448 0.894686 0.446696 1.103092
0.2759 0.3793 0.975202 0.221316 1.113218
0.2759 0.4138 1.000000 0.000000 1.184304
0.2759 0.4483 0.982057 -0.188584 1.306438
0.2759 0.4828 0.941896 -0.335905 1.466923
0.2759 0.5172 0.894686 -0.446696 1.654637
0.2759 0.5517 0.848343 -0.529448 1.861362
0.2759 0.5862 0.806060 -0.591834 2.081439
0.2759 0.6207 0.768677 -0.639638 2.311059
0.2759 0.6552 0.736033 -0.676945 2.547641
0.2759 0.6897 0.707618 -0.706595 2.789415
0.2759 0.7241 0.0000 0.0000 0.0000
0.2759 0.7586 0.0000 0.0000 0.0000
0.2759 0.7931 0.0000 0.0000 0.0000
0.2759 0.8276 0.0000 0.0000 0.0000
0.2759 0.8621 0.0000 0.0000 0.0000
0.2759 0.8966 0.0000 0.0000 0.0000
0.2759 0.9310 0.0000 0.0000 0.0000
0.2759 0.9655 0.0000 0.0000 0.0000
0.2759 1.0000 0.0000 0.0000 0.0000

0.3103 0.0000 0.0000 0.0000 0.0000
0.3103 0.0345 0.038681 0.999252 2.892652
0.3103 0.0690 0.085319 0.996354 2.622881
0.3103 0.1034 0.142225 0.989834 2.360140
0.3103 0.1379 0.212411 0.977180 2.107060
0.3103 0.1724 0.299562 0.954077 1.867572
0.3103 0.2069 0.407464 0.913221 1.647615
0.3103 0.2414 0.537911 0.843002 1.456067
0.3103 0.2759 0.685660 0.727922 1.305494
0.3103 0.3103 0.831370 0.555719 1.211272
0.3103 0.3448 0.942713 0.333606 1.186901
0.3103 0.3793 0.995375 0.096066 1.236516
0.3103 0.4138 0.993115 -0.117147 1.351996
0.3103 0.4483 0.957975 -0.286852 1.518388
0.3103 0.4828 0.910215 -0.414136 1.720987
0.3103 0.5172 0.861345 -0.508020 1.948532
0.3103 0.5517 0.816246 -0.577704 2.193272
0.3103 0.5862 0.776365 -0.630284 2.450060
0.3103 0.6207 0.741685 -0.670748 2.715480
0.3103 0.6552 0.711670 -0.702514 2.987231
0.3103 0.6897 0.0000 0.0000 0.0000
0.3103 0.7241 0.0000 0.0000 0.0000
0.3103 0.7586 0.0000 0.0000 0.0000
0.3103 0.7931 0.0000 0.0000 0.0000
0.3103 0.8276 0.0000 0.0000 0.0000
0.3103 0.8621 0.0000 0.0000 0.0000
0.3103 0.8966 0.0000 0.0000 0.0000
0.3103 0.9310 0.0000 0.0000 0.0000
0.3103 0.9655 0.0000 0.0000 0.0000
0.3103 1.0000 0.0000 0.0000 0.0000

0.3448 0.0000 0.0000 0.0000 0.0000
0.3448 0.0345 0.041171 0.999152 3.038248
0.3448 0.0690 0.091334 0.995820 2.739154
0.3448 0.1034 0.153254 0.988187 2.448665
0.3448 0.1379 0.230554 0.973060 2.170239
0.3448 0.1724 0.327603 0.944816 1.909161
0.3448 0.2069 0.448464 0.893801 1.673570
0.3448 0.2414 0.593353 0.804942 1.475722
0.3448 0.2759 0.750983 0.660322 1.332539
0.3448 0.3103 0.891546 0.452930 1.262753
0.3448 0.3448 0.978451 0.206479 1.278441
0.3448 0.3793 0.999489 -0.031957 1.376684
0.3448 0.4138 0.973595 -0.228283 1.541781
0.3448 0.4483 0.926605 -0.376035 1.754964
0.3448 0.4828 0.875220 -0.483724 2.000923
0.3448 0.5172 0.826936 -0.562296 2.269023
0.3448 0.5517 0.784167 -0.620550 2.552298
0.3448 0.5862 0.747137 -0.664670 2.846219
0.3448 0.6207 0.715294 -0.698824 3.147805
0.3448 0.6552 0.0000 0.0000 0.0000
0.3448 0.6897 0.0000 0.0000 0.0000
0.3448 0.7241 0.0000 0.0000 0.0000
0.3448 0.7586 0.0000 0.0000 0.0000
0.3448 0.7931 0.0000 0.0000 0.0000
0.3448 0.8276 0.0000 0.0000 0.0000
0.3448 0.8621 0.0000 0.0000 0.0000
0.3448 0.8966 0.0000 0.0000 0.0000
0.3448 0.9310 0.0000 0.0000 0.0000
0.3448 0.9655 0.0000 0.0000 0.0000
0.3448 1.0000 0.0000 0.0000 0.0000

0.3793 0.0000 0.0000 0.0000 0.0000
0.3793 0.0345 0.043919 0.999035 3.148698
0.3793 0.0690 0.098059 0.995181 2.820490
0.3793 0.1034 0.165762 0.986166 2.502757
0.3793 0.1379 0.251427 0.967876 2.200044
0.3793 0.1724 0.360224 0.932866 1.919468
0.3793 0.2069 0.496185 0.868217 1.672212
0.3793 0.2414 0.656225 0.754566 1.475126
0.3793 0.2759 0.819265 0.573415 1.350359
0.3793 0.3103 0.943871 0.330314 1.318602
0.3793 0.3448 0.997560 0.069821 1.386261
0.3793 0.3793 0.987583 -0.157096 1.540291
0.3793 0.4138 0.943871 -0.330314 1.758135
0.3793 0.4483 0.890303 -0.455368 2.019246
0.3793 0.4828 0.838474 -0.544941 2.308990
0.3793 0.5172 0.792366 -0.610047 2.617878
0.3793 0.5517 0.752617 -0.658459 2.939881
0.3793 0.5862 0.718679 -0.695342 3.271129
0.3793 0.6207 0.0000 0.0000 0.0000
0.3793 0.6552 0.0000 0.0000 0.0000
0.3793 0.6897 0.0000 0.0000 0.0000
0.3793 0.7241 0.0000 0.0000 0.0000
0.3793 0.7586 0.0000 0.0000 0.0000
0.3793 0.7931 0.0000 0.0000 0.0000
0.3793 0.8276 0.0000 0.0000 0.0000
0.3793 0.8621 0.0000 0.0000 0.0000
0.3793 0.8966 0.0000 0.0000 0.0000
0.3793 0.9310 0.0000 0.0000 0.0000
0.3793 0.9655 0.0000 0.0000 0.0000
0.3793 1.0000 0.0000 0.0000 0.0000

0.4138 0.0000 0.0000 0.0000 0.0000
0.4138 0.0345 0.046987 0.998896 3.224013
0.4138 0.0690 0.105678 0.994400 2.866945
0.4138 0.1034 0.180155 0.983638 2.522606
0.4138 0.1379 0.275807 0.961213 2.196986
0.4138 0.1724 0.398703 0.917080 1.899738
0.4138 0.2069 0.552097 0.833780 1.646300
0.4138 0.2414 0.726466 0.687202 1.459675
0.4138 0.2759 0.886212 0.463279 1.367494
0.4138 0.3103 0.981767 0.190086 1.388696
0.4138 0.3448 0.997580 -0.069533 1.518539
0.4138 0.3793 0.961669 -0.274214 1.732769
0.4138 0.4138 0.906873 -0.421404 2.004510
0.4138 0.4483 0.851199 -0.524843 2.313586
0.4138 0.4828 0.801227 -0.598360 2.646950
0.4138 0.5172 0.758315 -0.651889 2.996507
0.4138 0.5517 0.721965 -0.691930 3.357202
0.4138 0.5862 0.691198 -0.722665 3.725803
0.4138 0.6207 0.0000 0.0000 0.0000
0.4138 0.6552 0.0000 0.0000 0.0000
0.4138 0.6897 0.0000 0.0000 0.0000
0.4138 0.7241 0.0000 0.0000 0.0000
0.4138 0.7586 0.0000 0.0000 0.0000
0.4138 0.7931 0.0000 0.0000 0.0000
0.4138 0.8276 0.0000 0.0000 0.0000
0.4138 0.8621 0.0000 0.0000 0.0000
0.4138 0.8966 0.0000 0.0000 0.0000
0.4138 0.9310 0.0000 0.0000 0.0000
0.4138 0.9655 0.0000 0.0000 0.0000
0.4138 1.0000 0.0000 0.0000 0.0000

0.4483 0.0000 0.0000 0.0000 0.0000
0.4483 0.0345 0.050452 0.998726 3.264204
0.4483 0.0690 0.114420 0.993432 2.878596
0.4483 0.1034 0.196955 0.980413 2.508468
0.4483 0.1379 0.304720 0.952442 2.161788
0.4483 0.1724 0.444669 0.895695 1.851770
0.4483 0.2069 0.617618 0.786478 1.599871
0.4483 0.2414 0.802229 0.597017 1.436990
0.4483 0.2759 0.944653 0.328071 1.394670
0.4483 0.3103 0.999256 0.038559 1.483267
0.4483 0.3448 0.978972 -0.203994 1.682222
0.4483 0.3793 0.925110 -0.379699 1.958182
0.4483 0.4138 0.865474 -0.500954 2.283395
0.4483 0.4483 0.811034 -0.584999 2.639720
0.4483 0.4828 0.764414 -0.644726 3.016151
0.4483 0.5172 0.725265 -0.688470 3.406028
0.4483 0.5517 0.0000 0.0000 0.0000
0.4483 0.5862 0.0000 0.0000 0.0000
0.4483 0.6207 0.0000 0.0000 0.0000
0.4483 0.6552 0.0000 0.0000 0.0000
0.4483 0.6897 0.0000 0.0000 0.0000
0.4483 0.7241 0.0000 0.0000 0.0000
0.4483 0.7586 0.0000 0.0000 0.0000
0.4483 0.7931 0.0000 0.0000 0.0000
0.4483 0.8276 0.0000 0.0000 0.0000
0.4483 0.8621 0.0000 0.0000 0.0000
0.4483 0.8966 0.0000 0.0000 0.0000
0.4483 0.9310 0.0000 0.0000 0.0000
0.4483 0.9655 0.0000 0.0000 0.0000
0.4483 1.0000 0.0000 0.0000 0.0000

0.4828 0.0000 0.0000 0.0000 0.0000
0.4828 0.0345 0.054410 0.998519 3.269290
0.4828 0.0690 0.124588 0.992209 2.855543
0.4828 0.1034 0.216869 0.976201 2.460703
0.4828 0.1379 0.339555 0.940586 2.095488
0.4828 0.1724 0.500166 0.865929 1.778244
0.4828 0.2069 0.693535 0.720423 1.538929
0.4828 0.2414 0.878389 0.477947 1.417578
0.4828 0.2759 0.985342 0.170591 1.444237
0.4828 0.3103 0.993405 -0.114658 1.611579
0.4828 0.3448 0.944956 -0.327197 1.882452
0.4828 0.3793 0.881697 -0.471817 2.219265
0.4828 0.4138 0.822113 -0.569324 2.596482
0.4828 0.4483 0.771112 -0.636699 2.998895
0.4828 0.4828 0.728686 -0.684848 3.417615
0.4828 0.5172 0.0000 0.0000 0.0000
0.4828 0.5517 0.0000 0.0000 0.0000
0.4828 0.5862 0.0000 0.0000 0.0000
0.4828 0.6207 0.0000 0.0000 0.0000
0.4828 0.6552 0.0000 0.0000 0.0000
0.4828 0.6897 0.0000 0.0000 0.0000
0.4828 0.7241 0.0000 0.0000 0.0000
0.4828 0.7586 0.0000 0.0000 0.0000
0.4828 0.7931 0.0000 0.0000 0.0000
0.4828 0.8276 0.0000 0.0000 0.0000
0.4828 0.8621 0.0000 0.0000 0.0000
0.4828 0.8966 0.0000 0.0000 0.0000
0.4828 0.9310 0.0000 0.0000 0.0000
0.4828 0.9655 0.0000 0.0000 0.0000
0.4828 1.0000 0.0000 0.0000 0.0000

0.5172 0.0000 0.0000 0.0000 0.0000
0.5172 0.0345 0.058989 0.998259 3.239291
0.5172 0.0690 0.136589 0.990628 2.797923
0.5172 0.1034 0.240878 0.970555 2.379823
0.5172 0.1379 0.382233 0.924066 1.999641
0.5172 0.1724 0.567593 0.823310 1.683267
0.5172 0.2069 0.778642 0.627468 1.472425
0.5172 0.2414 0.945217 0.326444 1.415098
0.5172 0.2759 1.000000 -0.000000 1.528656
0.5172 0.3103 0.965765 -0.259420 1.780702
0.5172 0.3448 0.900287 -0.435297 2.122458
0.5172 0.3793 0.834866 -0.550453 2.517653
0.5172 0.4138 0.778642 -0.627468 2.944850
0.5172 0.4483 0.732335 -0.680944 3.391981
0.5172 0.4828 0.0000 0.0000 0.0000
0.5172 0.5172 0.0000 0.0000 0.0000
0.5172 0.5517 0.0000 0.0000 0.0000
0.5172 0.5862 0.0000 0.0000 0.0000
0.5172 0.6207 0.0000 0.0000 0.0000
0.5172 0.6552 0.0000 0.0000 0.0000
0.5172 0.6897 0.0000 0.0000 0.0000
0.5172 0.7241 0.0000 0.0000 0.0000
0.5172 0.7586 0.0000 0.0000 0.0000
0.5172 0.7931 0.0000 0.0000 0.0000
0.5172 0.8276 0.0000 0.0000 0.0000
0.5172 0.8621 0.0000 0.0000 0.0000
0.5172 0.8966 0.0000 0.0000 0.0000
0.5172 0.9310 0.0000 0.0000 0.0000
0.5172 0.9655 0.0000 0.0000 0.0000
0.5172 1.0000 0.0000 0.0000 0.0000

0.5517 0.0000 0.0000 0.0000 0.0000
0.5517 0.0345 0.064356 0.997927 3.174238
0.5517 0.0690 0.150987 0.988536 2.705932
0.5517 0.1034 0.270381 0.962753 2.266587
0.5517 0.1379 0.435415 0.900230 1.876651
0.5517 0.1724 0.649209 0.760610 1.573304
0.5517 0.2069 0.867164 0.498022 1.413439
0.5517 0.2414 0.989270 0.146095 1.445474
0.5517 0.2759 0.985480 -0.169792 1.658324
0.5517 0.3103 0.921599 -0.388142 1.994929
0.5517 0.3448 0.849805 -0.527097 2.403852
0.5517 0.3793 0.787297 -0.616573 2.854177
0.5517 0.4138 0.736335 -0.676617 3.329146
0.5517 0.4483 0.0000 0.0000 0.0000
0.5517 0.4828 0.0000 0.0000 0.0000
0.5517 0.5172 0.0000 0.0000 0.0000
0.5517 0.5517 0.0000 0.0000 0.0000
0.5517 0.5862 0.0000 0.0000 0.0000
0.5517 0.6207 0.0000 0.0000 0.0000
0.5517 0.6552 0.0000 0.0000 0.0000
0.5517 0.6897 0.0000 0.0000 0.0000
0.5517 0.7241 0.0000 0.0000 0.0000
0.5517 0.7586 0.0000 0.0000 0.0000
0.5517 0.7931 0.0000 0.0000 0.0000
0.5517 0.8276 0.0000 0.0000 0.0000
0.5517 0.8621 0.0000 0.0000 0.0000
0.5517 0.8966 0.0000 0.0000 0.0000
0.5517 0.9310 0.0000 0.0000 0.0000
0.5517 0.9655 0.0000 0.0000 0.0000
0.5517 1.0000 0.0000 0.0000 0.0000

0.5862 0.0000 0.0000 0.0000 0.0000
0.5862 0.0345 0.070744 0.997495 3.074171
0.5862 0.0690 0.168598 0.985685 2.579856
0.5862 0.1034 0.307440 0.951568 2.122163
0.5862 0.1379 0.502726 0.864446 1.730401
0.5862 0.1724 0.745459 0.666552 1.458694
0.5862 0.2069 0.945642 0.325210 1.379883
0.5862 0.2414 0.998795 -0.049070 1.524190
0.5862 0.2759 0.945642 -0.325210 1.839844
0.5862 0.3103 0.867590 -0.497279 2.256033
0.5862 0.3448 0.797471 -0.603357 2.727111
0.5862 0.3793 0.740837 -0.671684 3.229144
0.5862 0.4138 0.695985 -0.718056 3.749720
0.5862 0.4483 0.0000 0.0000 0.0000
0.5862 0.4828 0.0000 0.0000 0.0000
0.5862 0.5172 0.0000 0.0000 0.0000
0.5862 0.5517 0.0000 0.0000 0.0000
0.5862 0.5862 0.0000 0.0000 0.0000
0.5862 0.6207 0.0000 0.0000 0.0000
0.5862 0.6552 0.0000 0.0000 0.0000
0.5862 0.6897 0.0000 0.0000 0.0000
0.5862 0.7241 0.0000 0.0000 0.0000
0.5862 0.7586 0.0000 0.0000 0.0000
0.5862 0.7931 0.0000 0.0000 0.0000
0.5862 0.8276 0.0000 0.0000 0.0000
0.5862 0.8621 0.0000 0.0000 0.0000
0.5862 0.8966 0.0000 0.0000 0.0000
0.5862 0.9310 0.0000 0.0000 0.0000
0.5862 0.9655 0.0000 0.0000 0.0000
0.5862 1.0000 0.0000 0.0000 0.0000

0.6207 0.0000 0.0000 0.0000 0.0000
0.6207 0.0345 0.078485 0.996915 2.939149
0.6207 0.0690 0.190633 0.981661 2.420125
0.6207 0.1034 0.355173 0.934801 1.948440
0.6207 0.1379 0.588677 0.808369 1.567432
0.6207 0.1724 0.850687 0.525672 1.355832
0.6207 0.2069 0.993516 0.113691 1.393099
0.6207 0.2414 0.971226 -0.238158 1.662583
0.6207 0.2759 0.889048 -0.457814 2.075728
0.6207 0.3103 0.809710 -0.586831 2.564005
0.6207 0.3448 0.746041 -0.665900 3.092024
0.6207 0.3793 0.0000 0.0000 0.0000
0.6207 0.4138 0.0000 0.0000 0.0000
0.6207 0.4483 0.0000 0.0000 0.0000
0.6207 0.4828 0.0000 0.0000 0.0000
0.6207 0.5172 0.0000 0.0000 0.0000
0.6207 0.5517 0.0000 0.0000 0.0000
0.6207 0.5862 0.0000 0.0000 0.0000
0.6207 0.6207 0.0000 0.0000 0.0000
0.6207 0.6552 0.0000 0.0000 0.0000
0.6207 0.6897 0.0000 0.0000 0.0000
0.6207 0.7241 0.0000 0.0000 0.0000
0.6207 0.7586 0.0000 0.0000 0.0000
0.6207 0.7931 0.0000 0.0000 0.0000
0.6207 0.8276 0.0000 0.0000 0.0000
0.6207 0.8621 0.0000 0.0000 0.0000
0.6207 0.8966 0.0000 0.0000 0.0000
0.6207 0.9310 0.0000 0.0000 0.0000
0.6207 0.9655 0.0000 0.0000 0.0000
0.6207 1.0000 0.0000 0.0000 0.0000

0.6552 0.0000 0.0000 0.0000 0.0000
0.6552 0.0345 0.088065 0.996115 2.769261
0.6552 0.0690 0.218976 0.975730 2.227424
0.6552 0.1034 0.418398 0.908264 1.748642
0.6552 0.1379 0.697180 0.716896 1.399215
0.6552 0.1724 0.945974 0.324242 1.289022
0.6552 0.2069 0.993536 -0.113515 1.472778
0.6552 0.2414 0.915082 -0.403268 1.865554
0.6552 0.2759 0.824804 -0.565419 2.365424
0.6552 0.3103 0.752226 -0.658906 2.917857
0.6552 0.3448 0.0000 0.0000 0.0000
0.6552 0.3793 0.0000 0.0000 0.0000
0.6552 0.4138 0.0000 0.0000 0.0000
0.6552 0.4483 0.0000 0.0000 0.0000
0.6552 0.4828 0.0000 0.0000 0.0000
0.6552 0.5172 0.0000 0.0000 0.0000
0.6552 0.5517 0.0000 0.0000 0.0000
0.6552 0.5862 0.0000 0.0000 0.0000
0.6552 0.6207 0.0000 0.0000 0.0000
0.6552 0.6552 0.0000 0.0000 0.0000
0.6552 0.6897 0.0000 0.0000 0.0000
0.6552 0.7241 0.0000 0.0000 0.0000
0.6552 0.7586 0.0000 0.0000 0.0000
0.6552 0.7931 0.0000 0.0000 0.0000
0.6552 0.8276 0.0000 0.0000 0.0000
0.6552 0.8621 0.0000 0.0000 0.0000
0.6552 0.8966 0.0000 0.0000 0.0000
0.6552 0.9310 0.0000 0.0000 0.0000
0.6552 0.9655 0.0000 0.0000 0.0000
0.6552 1.0000 0.0000 0.0000 0.0000

0.6897 0.0000 0.0000 0.0000 0.0000
0.6897 0.0345 0.100238 0.994963 2.564641
0.6897 0.0690 0.256702 0.966491 2.002907
0.6897 0.1034 0.504509 0.863406 1.528663
0.6897 0.1379 0.825176 0.564875 1.246158
0.6897 0.1724 0.997665 0.068295 1.288383
0.6897 0.2069 0.946115 -0.323832 1.630299
0.6897 0.2414 0.843932 -0.536450 2.132309
0.6897 0.2759 0.759802 -0.650154 2.706756
0.6897 0.3103 0.0000 0.0000 0.0000
0.6897 0.3448 0.0000 0.0000 0.0000
0.6897 0.3793 0.0000 0.0000 0.0000
0.6897 0.4138 0.0000 0.0000 0.0000
0.6897 0.4483 0.0000 0.0000 0.0000
0.6897 0.4828 0.0000 0.0000 0.0000
0.6897 0.5172 0.0000 0.0000 0.0000
0.6897 0.5517 0.0000 0.0000 0.0000
0.6897 0.5862 0.0000 0.0000 0.0000
0.6897 0.6207 0.0000 0.0000 0.0000
0.6897 0.6552 0.0000 0.0000 0.0000
0.6897 0.6897 0.0000 0.0000 0.0000
0.6897 0.7241 0.0000 0.0000 0.0000
0.6897 0.7586 0.0000 0.0000 0.0000
0.6897 0.7931 0.0000 0.0000 0.0000
0.6897 0.8276 0.0000 0.0000 0.0000
0.6897 0.8621 0.0000 0.0000 0.0000
0.6897 0.8966 0.0000 0.0000 0.0000
0.6897 0.9310 0.0000 0.0000 0.0000
0.6897 0.9655 0.0000 0.0000 0.0000
0.6897 1.0000 0.0000 0.0000 0.0000

0.7241 0.0000 0.0000 0.0000 0.0000
0.7241 0.0345 0.116221 0.993223 2.325509
0.7241 0.0690 0.309120 0.951023 1.748664
0.7241 0.1034 0.623657 0.781698 1.300106
0.7241 0.1379 0.946241 0.323462 1.142514
0.7241 0.1724 0.979607 -0.200921 1.379499
0.7241 0.2069 0.868878 -0.495027 1.866363
0.7241 0.2414 0.769413 -0.638752 2.458906
0.7241 0.2759 0.0000 0.0000 0.0000
0.7241 0.3103 0.0000 0.0000 0.0000
0.7241 0.3448 0.0000 0.0000 0.0000
0.7241 0.3793 0.0000 0.0000 0.0000
0.7241 0.4138 0.0000 0.0000 0.0000
0.7241 0.4483 0.0000 0.0000 0.0000
0.7241 0.4828 0.0000 0.0000 0.0000
0.7241 0.5172 0.0000 0.0000 0.0000
0.7241 0.5517 0.0000 0.0000 0.0000
0.7241 0.5862 0.0000 0.0000 0.0000
0.7241 0.6207 0.0000 0.0000 0.0000
0.7241 0.6552 0.0000 0.0000 0.0000
0.7241 0.6897 0.0000 0.0000 0.0000
0.7241 0.7241 0.0000 0.0000 0.0000
0.7241 0.7586 0.0000 0.0000 0.0000
0.7241 0.7931 0.0000 0.0000 0.0000
0.7241 0.8276 0.0000 0.0000 0.0000
0.7241 0.8621 0.0000 0.0000 0.0000
0.7241 0.8966 0.0000 0.0000 0.0000
0.7241 0.9310 0.0000 0.0000 0.0000
0.7241 0.9655 0.0000 0.0000 0.0000
0.7241 1.0000 0.0000 0.0000 0.0000

0.7586 0.0000 0.0000 0.0000 0.0000
0.7586 0.0345 0.138127 0.990414 2.052252
0.7586 0.0690 0.385971 0.922511 1.468876
0.7586 0.1034 0.782126 0.623120 1.087313
0.7586 0.1379 1.000000 0.000000 1.133888
0.7586 0.1724 0.902219 -0.431279 1.570972
0.7586 0.2069 0.782126 -0.623120 2.174627
0.7586 0.2414 0.698558 -0.715553 2.840571
0.7586 0.2759 0.0000 0.0000 0.0000
0.7586 0.3103 0.0000 0.0000 0.0000
0.7586 0.3448 0.0000 0.0000 0.0000
0.7586 0.3793 0.0000 0.0000 0.0000
0.7586 0.4138 0.0000 0.0000 0.0000
0.7586 0.4483 0.0000 0.0000 0.0000
0.7586 0.4828 0.0000 0.0000 0.0000
0.7586 0.5172 0.0000 0.0000 0.0000
0.7586 0.5517 0.0000 0.0000 0.0000
0.7586 0.5862 0.0000 0.0000 0.0000
0.7586 0.6207 0.0000 0.0000 0.0000
0.7586 0.6552 0.0000 0.0000 0.0000
0.7586 0.6897 0.0000 0.0000 0.0000
0.7586 0.7241 0.0000 0.0000 0.0000
0.7586 0.7586 0.0000 0.0000 0.0000
0.7586 0.7931 0.0000 0.0000 0.0000
0.7586 0.8276 0.0000 0.0000 0.0000
0.7586 0.8621 0.0000 0.0000 0.0000
0.7586 0.8966 0.0000 0.0000 0.0000
0.7586 0.9310 0.0000 0.0000 0.0000
0.7586 0.9655 0.0000 0.0000 0.0000
0.7586 1.0000 0.0000 0.0000 0.0000

0.7931 0.0000 0.0000 0.0000 0.0000
0.7931 0.0345 0.169953 0.985452 1.745609
0.7931 0.0690 0.505824 0.862637 1.173020
0.7931 0.1034 0.946460 0.322821 0.940359
0.7931 0.1379 0.946460 -0.322821 1.253811
0.7931 0.1724 0.799854 -0.600195 1.854530
0.7931 0.2069 0.0000 0.0000 0.0000
0.7931 0.2414 0.0000 0.0000 0.0000
0.7931 0.2759 0.0000 0.0000 0.0000
0.7931 0.3103 0.0000 0.0000 0.0000
0.7931 0.3448 0.0000 0.0000 0.0000
0.7931 0.3793 0.0000 0.0000 0.0000
0.7931 0.4138 0.0000 0.0000 0.0000
0.7931 0.4483 0.0000 0.0000 0.0000
0.7931 0.4828 0.0000 0.0000 0.0000
0.7931 0.5172 0.0000 0.0000 0.0000
0.7931 0.5517 0.0000 0.0000 0.0000
0.7931 0.5862 0.0000 0.0000 0.0000
0.7931 0.6207 0.0000 0.0000 0.0000
0.7931 0.6552 0.0000 0.0000 0.0000
0.7931 0.6897 0.0000 0.0000 0.0000
0.7931 0.7241 0.0000 0.0000 0.0000
0.7931 0.7586 0.0000 0.0000 0.0000
0.7931 0.7931 0.0000 0.0000 0.0000
0.7931 0.8276 0.0000 0.0000 0.0000
0.7931 0.8621 0.0000 0.0000 0.0000
0.7931 0.8966 0.0000 0.0000 0.0000
0.7931 0.9310 0.0000 0.0000 0.0000
0.7931 0.9655 0.0000 0.0000 0.0000
0.7931 1.0000 0.0000 0.0000 0.0000

0.8276 0.0000 0.0000 0.0000 0.0000
0.8276 0.0345 0.220204 0.975454 1.407193
0.8276 0.0690 0.699282 0.714846 0.886249
0.8276 0.1034 0.993611 -0.112858 0.935585
0.8276 0.1379 0.826348 -0.563160 1.499945
0.8276 0.1724 0.0000 0.0000 0.0000
0.8276 0.2069 0.0000 0.0000 0.0000
0.8276 0.2414 0.0000 0.0000 0.0000
0.8276 0.2759 0.0000 0.0000 0.0000
0.8276 0.3103 0.0000 0.0000 0.0000
0.8276 0.3448 0.0000 0.0000 0.0000
0.8276 0.3793 0.0000 0.0000 0.0000
0.8276 0.4138 0.0000 0.0000 0.0000
0.8276 0.4483 0.0000 0.0000 0.0000
0.8276 0.4828 0.0000 0.0000 0.0000
0.8276 0.5172 0.0000 0.0000 0.0000
0.8276 0.5517 0.0000 0.0000 0.0000
0.8276 0.5862 0.0000 0.0000 0.0000
0.8276 0.6207 0.0000 0.0000 0.0000
0.8276 0.6552 0.0000 0.0000 0.0000
0.8276 0.6897 0.0000 0.0000 0.0000
0.8276 0.7241 0.0000 0.0000 0.0000
0.8276 0.7586 0.0000 0.0000 0.0000
0.8276 0.7931 0.0000 0.0000 0.0000
0.8276 0.8276 0.0000 0.0000 0.0000
0.8276 0.8621 0.0000 0.0000 0.0000
0.8276 0.8966 0.0000 0.0000 0.0000
0.8276 0.9310 0.0000 0.0000 0.0000
0.8276 0.9655 0.0000 0.0000 0.0000
0.8276 1.0000 0.0000 0.0000 0.0000

0.8621 0.0000 0.0000 0.0000 0.0000
0.8621 0.0345 0.310261 0.950652 1.041278
0.8621 0.0690 0.946643 0.322284 0.682555
0.8621 0.1034 0.869743 -0.493505 1.114356
0.8621 0.1379 0.699600 -0.714535 1.847157
0.8621 0.1724 0.0000 0.0000 0.0000
0.8621 0.2069 0.0000 0.0000 0.0000
0.8621 0.2414 0.0000 0.0000 0.0000
0.8621 0.2759 0.0000 0.0000 0.0000
0.8621 0.3103 0.0000 0.0000 0.0000
0.8621 0.3448 0.0000 0.0000 0.0000
0.8621 0.3793 0.0000 0.0000 0.0000
0.8621 0.4138 0.0000 0.0000 0.0000
0.8621 0.4483 0.0000 0.0000 0.0000
0.8621 0.4828 0.0000 0.0000 0.0000
0.8621 0.5172 0.0000 0.0000 0.0000
0.8621 0.5517 0.0000 0.0000 0.0000
0.8621 0.5862 0.0000 0.0000 0.0000
0.8621 0.6207 0.0000 0.0000 0.0000
0.8621 0.6552 0.0000 0.0000 0.0000
0.8621 0.6897 0.0000 0.0000 0.0000
0.8621 0.7241 0.0000 0.0000 0.0000
0.8621 0.7586 0.0000 0.0000 0.0000
0.8621 0.7931 0.0000 0.0000 0.0000
0.8621 0.8276 0.0000 0.0000 0.0000
0.8621 0.8621 0.0000 0.0000 0.0000
0.8621 0.8966 0.0000 0.0000 0.0000
0.8621 0.9310 0.0000 0.0000 0.0000
0.8621 0.9655 0.0000 0.0000 0.0000
0.8621 1.0000 0.0000 0.0000 0.0000

0.8966 0.0000 0.0000 0.0000 0.0000
0.8966 0.0345 0.506832 0.862045 0.663467
0.8966 0.0690 0.946724 -0.322047 0.710379
0.8966 0.1034 0.0000 0.0000 0.0000
0.8966 0.1379 0.0000 0.0000 0.0000
0.8966 0.1724 0.0000 0.0000 0.0000
0.8966 0.2069 0.0000 0.0000 0.0000
0.8966 0.2414 0.0000 0.0000 0.0000
0.8966 0.2759 0.0000 0.0000 0.0000
0.8966 0.3103 0.0000 0.0000 0.0000
0.8966 0.3448 0.0000 0.0000 0.0000
0.8966 0.3793 0.0000 0.0000 0.0000
0.8966 0.4138 0.0000 0.0000 0.0000
0.8966 0.4483 0.0000 0.0000 0.0000
0.8966 0.4828 0.0000 0.0000 0.0000
0.8966 0.5172 0.0000 0.0000 0.0000
0.8966 0.5517 0.0000 0.0000 0.0000
0.8966 0.5862 0.0000 0.0000 0.0000
0.8966 0.6207 0.0000 0.0000 0.0000
0.8966 0.6552 0.0000 0.0000 0.0000
0.8966 0.6897 0.0000 0.0000 0.0000
0.8966 0.7241 0.0000 0.0000 0.0000
0.8966 0.7586 0.0000 0.0000 0.0000
0.8966 0.7931 0.0000 0.0000 0.0000
0.8966 0.8276 0.0000 0.0000 0.0000
0.8966 0.8621 0.0000 0.0000 0.0000
0.8966 0.8966 0.0000 0.0000 0.0000
0.8966 0.9310 0.0000 0.0000 0.0000
0.8966 0.9655 0.0000 0.0000 0.0000
0.8966 1.0000 0.0000 0.0000 0.0000

0.9310 0.0000 0.0000 0.0000 0.0000
0.9310 0.0345 0.946798 0.321828 0.369102
0.9310 0.0690 0.700164 -0.713982 0.998237
0.9310 0.1034 0.0000 0.0000 0.0000
0.9310 0.1379 0.0000 0.0000 0.0000
0.9310 0.1724 0.0000 0.0000 0.0000
0.9310 0.2069 0.0000 0.0000 0.0000
0.9310 0.2414 0.0000 0.0000 0.0000
0.9310 0.2759 0.0000 0.0000 0.0000
0.9310 0.3103 0.0000 0.0000 0.0000
0.9310 0.3448 0.0000 0.0000 0.0000
0.9310 0.3793 0.0000 0.0000 0.0000
0.9310 0.4138 0.0000 0.0000 0.0000
0.9310 0.4483 0.0000 0.0000 0.0000
0.9310 0.4828 0.0000 0.0000 0.0000
0.9310 0.5172 0.0000 0.0000 0.0000
0.9310 0.5517 0.0000 0.0000 0.0000
0.9310 0.5862 0.0000 0.0000 0.0000
0.9310 0.6207 0.0000 0.0000 0.0000
0.9310 0.6552 0.0000 0.0000 0.0000
0.9310 0.6897 0.0000 0.0000 0.0000
0.9310 0.7241 0.0000 0.0000 0.0000
0.9310 0.7586 0.0000 0.0000 0.0000
0.9310 0.7931 0.0000 0.0000 0.0000
0.9310 0.8276 0.0000 0.0000 0.0000
0.9310 0.8621 0.0000 0.0000 0.0000
0.9310 0.8966 0.0000 0.0000 0.0000
0.9310 0.9310 0.0000 0.0000 0.0000
0.9310 0.9655 0.0000 0.0000 0.0000
0.9310 1.0000 0.0000 0.0000 0.0000

0.9655 0.0000 0.0000 0.0000 0.0000
0.9655 0.0345 0.0000 0.0000 0.0000
0.9655 0.0690 0.0000 0.0000 0.0000
0.9655 0.1034 0.0000 0.0000 0.0000
0.9655 0.1379 0.0000 0.0000 0.0000
0.9655 0.1724 0.0000 0.0000 0.0000
0.9655 0.2069 0.0000 0.0000 0.0000
0.9655 0.2414 0.0000 0.0000 0.0000
0.9655 0.2759 0.0000 0.0000 0.0000
0.9655 0.3103 0.0000 0.0000 0.0000
0.9655 0.3448 0.0000 0.0000 0.0000
0.9655 0.3793 0.0000 0.0000 0.0000
0.9655 0.4138 0.0000 0.0000 0.0000
0.9655 0.4483 0.0000 0.0000 0.0000
0.9655 0.4828 0.0000 0.0000 0.0000
0.9655 0.5172 0.0000 0.0000 0.0000
0.9655 0.5517 0.0000 0.0000 0.0000
0.9655 0.5862 0.0000 0.0000 0.0000
0.9655 0.6207 0.0000 0.0000 0.0000
0.9655 0.6552 0.0000 0.0000 0.0000
0.9655 0.6897 0.0000 0.0000 0.0000
0.9655 0.7241 0.0000 0.0000 0.0000
0.9655 0.7586 0.0000 0.0000 0.0000
0.9655 0.7931 0.0000 0.0000 0.0000
0.9655 0.8276 0.0000 0.0000 0.0000
0.9655 0.8621 0.0000 0.0000 0.0000
0.9655 0.8966 0.0000 0.0000 0.0000
0.9655 0.9310 0.0000 0.0000 0.0000
0.9655 0.9655 0.0000 0.0000 0.0000
0.9655 1.0000 0.0000 0.0000 0.0000

1.0000 0.0000 0.0000 0.0000 0.0000
1.0000 0.0345 0.0000 0.0000 0.0000
1.0000 0.0690 0.0000 0.0000 0.0000
1.0000 0.1034 0.0000 0.0000 0.0000
1.0000 0.1379 0.0000 0.0000 0.0000
1.0000 0.1724 0.0000 0.0000 0.0000
1.0000 0.2069 0.0000 0.0000 0.0000
1.0000 0.2414 0.0000 0.0000 0.0000
1.0000 0.2759 0.0000 0.0000 0.0000
1.0000 0.3103 0.0000 0.0000 0.0000
1.0000 0.3448 0.0000 0.0000 0.0000
1.0000 0.3793 0.0000 0.0000 0.0000
1.0000 0.4138 0.0000 0.0000 0.0000
1.0000 0.4483 0.0000 0.0000 0.0000
1.0000 0.4828 0.0000 0.0000 0.0000
1.0000 0.5172 0.0000 0.0000 0.0000
1.0000 0.5517 0.0000 0.0000 0.0000
1.0000 0.5862 0.0000 0.0000 0.0000
1.0000 0.6207 0.0000 0.0000 0.0000
1.0000 0.6552 0.0000 0.0000 0.0000
1.0000 0.6897 0.0000 0.0000 0.0000
1.0000 0.7241 0.0000 0.0000 0.0000
1.0000 0.7586 0.0000 0.0000 0.0000
1.0000 0.7931 0.0000 0.0000 0.0000
1.0000 0.8276 0.0000 0.0000 0.0000
1.0000 0.8621 0.0000 0.0000 0.0000
1.0000 0.8966 0.0000 0.0000 0.0000
1.0000 0.9310 0.0000 0.0000 0.0000
1.0000 0.9655 0.0000 0.0000 0.0000
1.0000 1.0000 0.0000 0.0000 0.0000

