0.0000 0.0000 0.0000 0.0000 0.0000
0.0000 0.0345 0.0000 0.0000 0.0000
0.0000 0.0690 0.0000 0.0000 0.0000
0.0000 0.1034 0.0000 0.0000 0.0000
0.0000 0.1379 0.0000 0.0000 0.0000
0.0000 0.1724 0.0000 0.0000 0.0000
0.0000 0.2069 0.0000 0.0000 0.0000
0.0000 0.2414 0.0000 0.0000 0.0000
0.0000 0.2759 0.0000 0.0000 0.0000
0.0000 0.3103 0.0000 0.0000 0.0000
0.0000 0.3448 0.0000 0.0000 0.0000
0.0000 0.3793 0.0000 0.0000 0.0000
0.0000 0.4138 0.0000 0.0000 0.0000
0.0000 0.4483 0.0000 0.0000 0.0000
0.0000 0.4828 0.0000 0.0000 0.0000
0.0000 0.5172 0.0000 0.0000 0.0000
0.0000 0.5517 0.0000 0.0000 0.0000
0.0000 0.5862 0.0000 0.0000 0.0000
0.0000 0.6207 0.0000 0.0000 0.0000
0.0000 0.6552 0.0000 0.0000 0.0000
0.0000 0.6897 0.0000 0.0000 0.0000
0.0000 0.7241 0.0000 0.0000 0.0000
0.0000 0.7586 0.0000 0.0000 0.0000
0.0000 0.7931 0.0000 0.0000 0.0000
0.0000 0.8276 0.0000 0.0000 0.0000
0.0000 0.8621 0.0000 0.0000 0.0000
0.0000 0.8966 0.0000 0.0000 0.0000
0.0000 0.9310 0.0000 0.0000 0.0000
0.0000 0.9655 0.0000 0.0000 0.0000
0.0000 1.0000 0.0000 0.0000 0.0000

0.0345 0.0000 0.0000 0.0000 0.0000
0.0345 0.0345 0.017296 0.999850 0.611863
0.0345 0.0690 0.037042 0.999314 0.571379
0.0345 0.1034 0.059772 0.998212 0.531152
0.0345 0.1379 0.086170 0.996280 0.491245
0.0345 0.1724 0.117131 0.993116 0.451742
0.0345 0.2069 0.153832 0.988097 0.412761
0.0345 0.2414 0.197826 0.980237 0.374463
0.0345 0.2759 0.251158 0.967946 0.337083
0.0345 0.3103 0.316465 0.948604 0.300962
0.0345 0.3448 0.396931 0.917848 0.266611
0.0345 0.3793 0.495757 0.868461 0.234811
0.0345 0.4138 0.614259 0.789104 0.206740
0.0345 0.4483 0.747231 0.664564 0.184112
0.0345 0.4828 0.876008 0.482297 0.169127
0.0345 0.5172 0.968543 0.248847 0.163895
0.0345 0.5517 1.000000 0.000000 0.169322
0.0345 0.5862 0.975253 -0.221092 0.184470
0.0345 0.6207 0.919264 -0.393642 0.207217
0.0345 0.6552 0.854267 -0.519835 0.235372
0.0345 0.6897 0.792028 -0.610485 0.267229
0.0345 0.7241 0.736810 -0.676099 0.301618
0.0345 0.7586 0.689286 -0.724489 0.337767
0.0345 0.7931 0.648779 -0.760977 0.375167
0.0345 0.8276 0.614259 -0.789104 0.413479
0.0345 0.8621 0.584713 -0.811240 0.452471
0.0345 0.8966 0.559265 -0.828989 0.491982
0.0345 0.9310 0.537194 -0.843459 0.531896
0.0345 0.9655 0.0000 0.0000 0.0000
0.0345 1.0000 0.0000 0.0000 0.0000

0.0690 0.0000 0.0000 0.0000 0.0000
0.0690 0.0345 0.023836 0.999716 1.177267
0.0690 0.0690 0.051170 0.998690 1.096800
0.0690 0.1034 0.082755 0.996570 1.017282
0.0690 0.1379 0.119545 0.992829 0.938957
0.0690 0.1724 0.162744 0.986668 0.862148
0.0690 0.2069 0.213859 0.976865 0.787299
0.0690 0.2414 0.274721 0.961524 0.715026
0.0690 0.2759 0.347410 0.937713 0.646195
0.0690 0.3103 0.433926 0.900948 0.582026
0.0690 0.3448 0.535289 0.844669 0.524237
0.0690 0.3793 0.649637 0.760245 0.475158
0.0690 0.4138 0.769289 0.638901 0.437731
0.0690 0.4483 0.878792 0.477206 0.415120
0.0690 0.4828 0.958716 0.284365 0.409783
0.0690 0.5172 0.996569 0.082766 0.422377
0.0690 0.5517 0.994655 -0.103259 0.451402
0.0690 0.5862 0.965746 -0.259490 0.493972
0.0690 0.6207 0.923539 -0.383504 0.546932
0.0690 0.6552 0.877551 -0.479483 0.607571
0.0690 0.6897 0.832918 -0.553396 0.673820
0.0690 0.7241 0.791875 -0.610683 0.744181
0.0690 0.7586 0.755094 -0.655617 0.817594
0.0690 0.7931 0.722509 -0.691362 0.893307
0.0690 0.8276 0.693755 -0.720211 0.970781
0.0690 0.8621 0.668376 -0.743823 1.049627
0.0690 0.8966 0.645923 -0.763402 1.129558
0.0690 0.9310 0.0000 0.0000 0.0000
0.0690 0.9655 0.0000 0.0000 0.0000
0.0690 1.0000 0.0000 0.0000 0.0000

0.1034 0.0000 0.0000 0.0000 0.0000
0.1034 0.0345 0.026851 0.999639 1.696093
0.1034 0.0690 0.057802 0.998328 1.575762
0.1034 0.1034 0.093758 0.995595 1.457192
0.1034 0.1379 0.135857 0.990728 1.340850
0.1034 0.1724 0.185523 0.982640 1.227371
0.1034 0.2069 0.244488 0.969652 1.117627
0.1034 0.2414 0.314748 0.949175 1.012832
0.1034 0.2759 0.398308 0.917252 0.914690
0.1034 0.3103 0.496465 0.868057 0.825576
0.1034 0.3448 0.608251 0.793744 0.748720
0.1034 0.3793 0.727870 0.685715 0.688243
0.1034 0.4138 0.842391 0.538866 0.648739
0.1034 0.4483 0.933597 0.358326 0.634142
0.1034 0.4828 0.986740 0.162310 0.646142
0.1034 0.5172 0.999673 -0.025579 0.683339
0.1034 0.5517 0.982080 -0.188467 0.741952
0.1034 0.5862 0.947160 -0.320763 0.817389
0.1034 0.6207 0.905336 -0.424696 0.905452
0.1034 0.6552 0.862844 -0.505470 1.002822
0.1034 0.6897 0.822749 -0.568405 1.107046
0.1034 0.7241 0.786247 -0.617912 1.216362
0.1034 0.7586 0.753584 -0.657351 1.329516
0.1034 0.7931 0.724570 -0.689201 1.445607
0.1034 0.8276 0.698848 -0.715270 1.563980
0.1034 0.8621 0.676022 -0.736882 1.684155
0.1034 0.8966 0.0000 0.0000 0.0000
0.1034 0.9310 0.0000 0.0000 0.0000
0.1034 0.9655 0.0000 0.0000 0.0000
0.1034 1.0000 0.0000 0.0000 0.0000

0.1379 0.0000 0.0000 0.0000 0.0000
0.1379 0.0345 0.029064 0.999578 2.168336
0.1379 0.0690 0.062762 0.998029 2.008240
0.1379 0.1034 0.102149 0.994769 1.850823
0.1379 0.1379 0.148560 0.988903 1.696831
0.1379 0.1724 0.203647 0.979044 1.547288
0.1379 0.2069 0.269391 0.963031 1.403615
0.1379 0.2414 0.347956 0.937511 1.267809
0.1379 0.2759 0.441210 0.897404 1.142680
0.1379 0.3103 0.549532 0.835473 1.032118
0.1379 0.3448 0.669523 0.742791 0.941270
0.1379 0.3793 0.791088 0.611702 0.876290
0.1379 0.4138 0.896895 0.442243 0.843178
0.1379 0.4483 0.968754 0.248024 0.845687
0.1379 0.4828 0.998607 0.052757 0.883513
0.1379 0.5172 0.992488 -0.122344 0.952458
0.1379 0.5517 0.963622 -0.267269 1.046389
0.1379 0.5862 0.924172 -0.381977 1.159247
0.1379 0.6207 0.882046 -0.471164 1.286060
0.1379 0.6552 0.841390 -0.540428 1.423102
0.1379 0.6897 0.803987 -0.594647 1.567692
0.1379 0.7241 0.770361 -0.637607 1.717927
0.1379 0.7586 0.740446 -0.672116 1.872446
0.1379 0.7931 0.713926 -0.700221 2.030274
0.1379 0.8276 0.690414 -0.723415 2.190694
0.1379 0.8621 0.0000 0.0000 0.0000
0.1379 0.8966 0.0000 0.0000 0.0000
0.1379 0.9310 0.0000 0.0000 0.0000
0.1379 0.9655 0.0000 0.0000 0.0000
0.1379 1.0000 0.0000 0.0000 0.0000

0.1724 0.0000 0.0000 0.0000 0.0000
0.1724 0.0345 0.031033 0.999518 2.593996
0.1724 0.0690 0.067244 0.997737 2.394242
0.1724 0.1034 0.109862 0.993947 2.198205
0.1724 0.1379 0.160439 0.987046 2.006974
0.1724 0.1724 0.220902 0.975296 1.822063
0.1724 0.2069 0.293507 0.955957 1.645605
0.1724 0.2414 0.380580 0.924748 1.480623
0.1724 0.2759 0.483701 0.875234 1.331392
0.1724 0.3103 0.601847 0.798611 1.203784
0.1724 0.3448 0.728295 0.685264 1.105314
0.1724 0.3793 0.847966 0.530050 1.044255
0.1724 0.4138 0.940319 0.340293 1.027303
0.1724 0.4483 0.990452 0.137860 1.056581
0.1724 0.4828 0.998666 -0.051630 1.128497
0.1724 0.5172 0.977228 -0.212190 1.235628
0.1724 0.5517 0.940319 -0.340293 1.369737
0.1724 0.5862 0.898126 -0.439738 1.523717
0.1724 0.6207 0.856300 -0.516478 1.692151
0.1724 0.6552 0.817410 -0.576057 1.871141
0.1724 0.6897 0.782332 -0.622861 2.057934
0.1724 0.7241 0.751132 -0.660153 2.250588
0.1724 0.7586 0.723525 -0.690298 2.447719
0.1724 0.7931 0.699115 -0.715009 2.648328
0.1724 0.8276 0.0000 0.0000 0.0000
0.1724 0.8621 0.0000 0.0000 0.0000
0.1724 0.8966 0.0000 0.0000 0.0000
0.1724 0.9310 0.0000 0.0000 0.0000
0.1724 0.9655 0.0000 0.0000 0.0000
0.1724 1.0000 0.0000 0.0000 0.0000

0.2069 0.0000 0.0000 0.0000 0.0000
0.2069 0.0345 0.032955 0.999457 2.973077
0.2069 0.0690 0.071680 0.997428 2.733786
0.2069 0.1034 0.117603 0.993061 2.499389
0.2069 0.1379 0.172543 0.985002 2.271403
0.2069 0.1724 0.238743 0.971083 2.051965
0.2069 0.2069 0.318780 0.947829 1.844130
0.2069 0.2414 0.415093 0.909779 1.652281
0.2069 0.2759 0.528672 0.848826 1.482638
0.2069 0.3103 0.656284 0.754514 1.343637
0.2069 0.3448 0.786610 0.617450 1.245581
0.2069 0.3793 0.899216 0.437505 1.198560
0.2069 0.4138 0.972857 0.231408 1.208547
0.2069 0.4483 0.999624 0.027436 1.274201
0.2069 0.4828 0.988510 -0.151156 1.387644
0.2069 0.5172 0.955367 -0.295422 1.538340
0.2069 0.5517 0.913285 -0.407321 1.716504
0.2069 0.5862 0.870019 -0.493019 1.914483
0.2069 0.6207 0.829253 -0.558874 2.126751
0.2069 0.6552 0.792357 -0.610058 2.349438
0.2069 0.6897 0.759569 -0.650427 2.579848
0.2069 0.7241 0.730642 -0.682760 2.816084
0.2069 0.7586 0.705159 -0.709049 3.056798
0.2069 0.7931 0.0000 0.0000 0.0000
0.2069 0.8276 0.0000 0.0000 0.0000
0.2069 0.8621 0.0000 0.0000 0.0000
0.2069 0.8966 0.0000 0.0000 0.0000
0.2069 0.9310 0.0000 0.0000 0.0000
0.2069 0.9655 0.0000 0.0000 0.0000
0.2069 1.0000 0.0000 0.0000 0.0000

0.2414 0.0000 0.0000 0.0000 0.0000
0.2414 0.0345 0.034928 0.999390 3.305584
0.2414 0.0690 0.076288 0.997086 3.026895
0.2414 0.1034 0.125751 0.992062 2.754445
0.2414 0.1379 0.185453 0.982653 2.490285
0.2414 0.1724 0.258023 0.966139 2.237353
0.2414 0.2069 0.346389 0.938091 1.999912
0.2414 0.2414 0.452989 0.891516 1.784159
0.2414 0.2759 0.577687 0.816258 1.598897
0.2414 0.3103 0.713773 0.700378 1.455814
0.2414 0.3448 0.843862 0.536561 1.368207
0.2414 0.3793 0.942901 0.333074 1.346945
0.2414 0.4138 0.993139 0.116940 1.395065
0.2414 0.4483 0.996694 -0.081248 1.505930
0.2414 0.4828 0.969612 -0.244650 1.667069
0.2414 0.5172 0.928367 -0.371665 1.865498
0.2414 0.5517 0.883622 -0.468201 2.090628
0.2414 0.5862 0.840683 -0.541527 2.334746
0.2414 0.6207 0.801637 -0.597811 2.592495
0.2414 0.6552 0.766976 -0.641676 2.860191
0.2414 0.6897 0.736505 -0.676432 3.135288
0.2414 0.7241 0.709782 -0.704421 3.415998
0.2414 0.7586 0.0000 0.0000 0.0000
0.2414 0.7931 0.0000 0.0000 0.0000
0.2414 0.8276 0.0000 0.0000 0.0000
0.2414 0.8621 0.0000 0.0000 0.0000
0.2414 0.8966 0.0000 0.0000 0.0000
0.2414 0.9310 0.0000 0.0000 0.0000
0.2414 0.9655 0.0000 0.0000 0.0000
0.2414 1.0000 0.0000 0.0000 0.0000

0.2759 0.0000 0.0000 0.0000 0.0000
0.2759 0.0345 0.037014 0.999315 3.591522
0.2759 0.0690 0.081218 0.996696 3.273597
0.2759 0.1034 0.134576 0.990903 2.963462
0.2759 0.1379 0.199617 0.979874 2.663838
0.2759 0.1724 0.279432 0.960166 2.378702
0.2759 0.2069 0.377318 0.926084 2.113923
0.2759 0.2414 0.495471 0.868625 1.878131
0.2759 0.2759 0.631698 0.775214 1.683551
0.2759 0.3103 0.773978 0.633213 1.545823
0.2759 0.3448 0.897679 0.440650 1.480896
0.2759 0.3793 0.976000 0.217771 1.498265
0.2759 0.4138 1.000000 0.000000 1.595244
0.2759 0.4483 0.982640 -0.185521 1.758711
0.2759 0.4828 0.943674 -0.330877 1.972204
0.2759 0.5172 0.897679 -0.440650 2.221344
0.2759 0.5517 0.852338 -0.522991 2.495479
0.2759 0.5862 0.810812 -0.585307 2.787241
0.2759 0.6207 0.773978 -0.633213 3.091646
0.2759 0.6552 0.741726 -0.670703 3.405304
0.2759 0.6897 0.713587 -0.700566 3.725879
0.2759 0.7241 0.0000 0.0000 0.0000
0.2759 0.7586 0.0000 0.0000 0.0000
0.2759 0.7931 0.0000 0.0000 0.0000
0.2759 0.8276 0.0000 0.0000 0.0000
0.2759 0.8621 0.0000 0.0000 0.0000
0.2759 0.8966 0.0000 0.0000 0.0000
0.2759 0.9310 0.0000 0.0000 0.0000
0.2759 0.9655 0.0000 0.0000 0.0000
0.2759 1.0000 0.0000 0.0000 0.0000

0.3103 0.0000 0.0000 0.0000 0.0000
0.3103 0.0345 0.039264 0.999229 3.830897
0.3103 0.0690 0.086597 0.996243 3.473930
0.3103 0.1034 0.144328 0.989530 3.126552
0.3103 0.1379 0.215469 0.976511 2.792344
0.3103 0.1724 0.303669 0.952777 2.476644
0.3103 0.2069 0.412574 0.910924 2.187479
0.3103 0.2414 0.543643 0.839316 1.936772
0.3103 0.2759 0.691086 0.722772 1.741215
0.3103 0.3103 0.835186 0.549968 1.620892
0.3103 0.3448 0.944265 0.329186 1.592945
0.3103 0.3793 0.995511 0.094650 1.662039
0.3103 0.4138 0.993316 -0.115429 1.817140
0.3103 0.4483 0.959140 -0.282930 2.038711
0.3103 0.4828 0.912528 -0.409014 2.307684
0.3103 0.5172 0.864645 -0.502383 2.609443
0.3103 0.5517 0.820297 -0.571938 2.933888
0.3103 0.5862 0.780957 -0.624584 3.274282
0.3103 0.6207 0.746660 -0.665206 3.626137
0.3103 0.6552 0.716911 -0.697165 3.986419
0.3103 0.6897 0.0000 0.0000 0.0000
0.3103 0.7241 0.0000 0.0000 0.0000
0.3103 0.7586 0.0000 0.0000 0.0000
0.3103 0.7931 0.0000 0.0000 0.0000
0.3103 0.8276 0.0000 0.0000 0.0000
0.3103 0.8621 0.0000 0.0000 0.0000
0.3103 0.8966 0.0000 0.0000 0.0000
0.3103 0.9310 0.0000 0.0000 0.0000
0.3103 0.9655 0.0000 0.0000 0.0000
0.3103 1.0000 0.0000 0.0000 0.0000

0.3448 0.0000 0.0000 0.0000 0.0000
0.3448 0.0345 0.041726 0.999129 4.023718
0.3448 0.0690 0.092557 0.995707 3.627939
0.3448 0.1034 0.155274 0.987872 3.243862
0.3448 0.1379 0.233498 0.972357 2.876176
0.3448 0.1724 0.331542 0.943440 2.532034
0.3448 0.2069 0.453281 0.891368 2.222400
0.3448 0.2414 0.598507 0.801118 1.963666
0.3448 0.2759 0.755354 0.655317 1.778191
0.3448 0.3103 0.893977 0.448114 1.690266
0.3448 0.3448 0.979003 0.203844 1.714962
0.3448 0.3793 0.999503 -0.031532 1.847768
0.3448 0.4138 0.974267 -0.225397 2.067959
0.3448 0.4483 0.928344 -0.371722 2.351111
0.3448 0.4828 0.877943 -0.478765 2.677320
0.3448 0.5172 0.830418 -0.557141 3.032726
0.3448 0.5517 0.788194 -0.615427 3.408205
0.3448 0.5862 0.751544 -0.659683 3.797810
0.3448 0.6207 0.719962 -0.694014 4.197608
0.3448 0.6552 0.0000 0.0000 0.0000
0.3448 0.6897 0.0000 0.0000 0.0000
0.3448 0.7241 0.0000 0.0000 0.0000
0.3448 0.7586 0.0000 0.0000 0.0000
0.3448 0.7931 0.0000 0.0000 0.0000
0.3448 0.8276 0.0000 0.0000 0.0000
0.3448 0.8621 0.0000 0.0000 0.0000
0.3448 0.8966 0.0000 0.0000 0.0000
0.3448 0.9310 0.0000 0.0000 0.0000
0.3448 0.9655 0.0000 0.0000 0.0000
0.3448 1.0000 0.0000 0.0000 0.0000

0.3793 0.0000 0.0000 0.0000 0.0000
0.3793 0.0345 0.044454 0.999011 4.169996
0.3793 0.0690 0.099245 0.995063 3.735684
0.3793 0.1034 0.167730 0.985833 3.315581
0.3793 0.1379 0.254301 0.967125 2.915834
0.3793 0.1724 0.364044 0.931382 2.546049
0.3793 0.2069 0.500732 0.865602 2.221241
0.3793 0.2414 0.660752 0.750604 1.963856
0.3793 0.2759 0.822515 0.568743 1.803002
0.3793 0.3103 0.945109 0.326757 1.765269
0.3793 0.3448 0.997618 0.068982 1.858172
0.3793 0.3793 0.987876 -0.155247 2.064146
0.3793 0.4138 0.945109 -0.326757 2.353692
0.3793 0.4483 0.892526 -0.450997 2.700056
0.3793 0.4828 0.841476 -0.540294 3.084155
0.3793 0.5172 0.795926 -0.605394 3.493564
0.3793 0.5517 0.756561 -0.653923 3.920361
0.3793 0.5862 0.722883 -0.690971 4.359444
0.3793 0.6207 0.0000 0.0000 0.0000
0.3793 0.6552 0.0000 0.0000 0.0000
0.3793 0.6897 0.0000 0.0000 0.0000
0.3793 0.7241 0.0000 0.0000 0.0000
0.3793 0.7586 0.0000 0.0000 0.0000
0.3793 0.7931 0.0000 0.0000 0.0000
0.3793 0.8276 0.0000 0.0000 0.0000
0.3793 0.8621 0.0000 0.0000 0.0000
0.3793 0.8966 0.0000 0.0000 0.0000
0.3793 0.9310 0.0000 0.0000 0.0000
0.3793 0.9655 0.0000 0.0000 0.0000
0.3793 1.0000 0.0000 0.0000 0.0000

0.4138 0.0000 0.0000 0.0000 0.0000
0.4138 0.0345 0.047510 0.998871 4.269744
0.4138 0.0690 0.106843 0.994276 3.797241
0.4138 0.1034 0.182097 0.983281 3.341964
0.4138 0.1379 0.278645 0.960394 2.912003
0.4138 0.1724 0.402432 0.915450 2.520349
0.4138 0.2069 0.556355 0.830945 2.187673
0.4138 0.2414 0.730258 0.683172 1.944487
0.4138 0.2759 0.888306 0.459253 1.826883
0.4138 0.3103 0.982157 0.188064 1.858852
0.4138 0.3448 0.997633 -0.068770 2.033351
0.4138 0.3793 0.962463 -0.271414 2.318418
0.4138 0.4138 0.908644 -0.417571 2.678986
0.4138 0.4483 0.853782 -0.520631 3.088726
0.4138 0.4828 0.804392 -0.594099 3.530559
0.4138 0.5172 0.761873 -0.647726 3.993848
0.4138 0.5517 0.725785 -0.687922 4.471930
0.4138 0.5862 0.695191 -0.718825 4.960530
0.4138 0.6207 0.0000 0.0000 0.0000
0.4138 0.6552 0.0000 0.0000 0.0000
0.4138 0.6897 0.0000 0.0000 0.0000
0.4138 0.7241 0.0000 0.0000 0.0000
0.4138 0.7586 0.0000 0.0000 0.0000
0.4138 0.7931 0.0000 0.0000 0.0000
0.4138 0.8276 0.0000 0.0000 0.0000
0.4138 0.8621 0.0000 0.0000 0.0000
0.4138 0.8966 0.0000 0.0000 0.0000
0.4138 0.9310 0.0000 0.0000 0.0000
0.4138 0.9655 0.0000 0.0000 0.0000
0.4138 1.0000 0.0000 0.0000 0.0000

0.4483 0.0000 0.0000 0.0000 0.0000
0.4483 0.0345 0.050968 0.998700 4.322979
0.4483 0.0690 0.115578 0.993298 3.812709
0.4483 0.1034 0.198895 0.980021 3.323354
0.4483 0.1379 0.307551 0.951532 2.865647
0.4483 0.1724 0.448317 0.893875 2.457337
0.4483 0.2069 0.621513 0.783404 2.127063
0.4483 0.2414 0.805132 0.593095 1.915624
0.4483 0.2759 0.945682 0.325094 1.863908
0.4483 0.3103 0.999271 0.038168 1.984442
0.4483 0.3448 0.979384 -0.202008 2.249710
0.4483 0.3793 0.926460 -0.376393 2.616046
0.4483 0.4138 0.867676 -0.497130 3.047215
0.4483 0.4483 0.813852 -0.581072 3.519470
0.4483 0.4828 0.767644 -0.640877 4.018350
0.4483 0.5172 0.728762 -0.684767 4.535077
0.4483 0.5517 0.0000 0.0000 0.0000
0.4483 0.5862 0.0000 0.0000 0.0000
0.4483 0.6207 0.0000 0.0000 0.0000
0.4483 0.6552 0.0000 0.0000 0.0000
0.4483 0.6897 0.0000 0.0000 0.0000
0.4483 0.7241 0.0000 0.0000 0.0000
0.4483 0.7586 0.0000 0.0000 0.0000
0.4483 0.7931 0.0000 0.0000 0.0000
0.4483 0.8276 0.0000 0.0000 0.0000
0.4483 0.8621 0.0000 0.0000 0.0000
0.4483 0.8966 0.0000 0.0000 0.0000
0.4483 0.9310 0.0000 0.0000 0.0000
0.4483 0.9655 0.0000 0.0000 0.0000
0.4483 1.0000 0.0000 0.0000 0.0000

0.4828 0.0000 0.0000 0.0000 0.0000
0.4828 0.0345 0.054925 0.998490 4.329722
0.4828 0.0690 0.125753 0.992062 3.782224
0.4828 0.1034 0.218830 0.975763 3.260231
0.4828 0.1379 0.342403 0.939553 2.778156
0.4828 0.1724 0.503714 0.863870 2.360585
0.4828 0.2069 0.696929 0.717140 2.047371
0.4828 0.2414 0.880273 0.474467 1.891100
0.4828 0.2759 0.985611 0.169032 1.930273
0.4828 0.3103 0.993527 -0.113593 2.154253
0.4828 0.3448 0.945904 -0.324445 2.514124
0.4828 0.3793 0.883540 -0.468356 2.960742
0.4828 0.4138 0.824619 -0.565689 3.460684
0.4828 0.4483 0.774055 -0.633118 3.993974
0.4828 0.4828 0.731907 -0.681405 4.548900
0.4828 0.5172 0.0000 0.0000 0.0000
0.4828 0.5517 0.0000 0.0000 0.0000
0.4828 0.5862 0.0000 0.0000 0.0000
0.4828 0.6207 0.0000 0.0000 0.0000
0.4828 0.6552 0.0000 0.0000 0.0000
0.4828 0.6897 0.0000 0.0000 0.0000
0.4828 0.7241 0.0000 0.0000 0.0000
0.4828 0.7586 0.0000 0.0000 0.0000
0.4828 0.7931 0.0000 0.0000 0.0000
0.4828 0.8276 0.0000 0.0000 0.0000
0.4828 0.8621 0.0000 0.0000 0.0000
0.4828 0.8966 0.0000 0.0000 0.0000
0.4828 0.9310 0.0000 0.0000 0.0000
0.4828 0.9655 0.0000 0.0000 0.0000
0.4828 1.0000 0.0000 0.0000 0.0000

0.5172 0.0000 0.0000 0.0000 0.0000
0.5172 0.0345 0.059508 0.998228 4.290005
0.5172 0.0690 0.137773 0.990464 3.705971
0.5172 0.1034 0.242882 0.970056 3.153280
0.5172 0.1379 0.385112 0.922870 2.651606
0.5172 0.1724 0.570979 0.820965 2.235559
0.5172 0.2069 0.781330 0.624118 1.960436
0.5172 0.2414 0.946096 0.323885 1.888855
0.5172 0.2759 1.000000 0.000000 2.042331
0.5172 0.3103 0.966332 -0.257298 2.377673
0.5172 0.3448 0.901779 -0.432198 2.830976
0.5172 0.3793 0.837081 -0.547078 3.354757
0.5172 0.4138 0.781330 -0.624118 3.920872
0.5172 0.4483 0.735315 -0.677725 4.513420
0.5172 0.4828 0.0000 0.0000 0.0000
0.5172 0.5172 0.0000 0.0000 0.0000
0.5172 0.5517 0.0000 0.0000 0.0000
0.5172 0.5862 0.0000 0.0000 0.0000
0.5172 0.6207 0.0000 0.0000 0.0000
0.5172 0.6552 0.0000 0.0000 0.0000
0.5172 0.6897 0.0000 0.0000 0.0000
0.5172 0.7241 0.0000 0.0000 0.0000
0.5172 0.7586 0.0000 0.0000 0.0000
0.5172 0.7931 0.0000 0.0000 0.0000
0.5172 0.8276 0.0000 0.0000 0.0000
0.5172 0.8621 0.0000 0.0000 0.0000
0.5172 0.8966 0.0000 0.0000 0.0000
0.5172 0.9310 0.0000 0.0000 0.0000
0.5172 0.9655 0.0000 0.0000 0.0000
0.5172 1.0000 0.0000 0.0000 0.0000

0.5517 0.0000 0.0000 0.0000 0.0000
0.5517 0.0345 0.064886 0.997893 4.203865
0.5517 0.0690 0.152207 0.988349 3.584210
0.5517 0.1034 0.272451 0.962170 3.003517
0.5517 0.1379 0.438326 0.898816 2.489204
0.5517 0.1724 0.652298 0.757962 2.090842
0.5517 0.2069 0.868926 0.494942 1.883501
0.5517 0.2414 0.989443 0.144923 1.929766
0.5517 0.2759 0.985712 -0.168439 2.213795
0.5517 0.3103 0.922735 -0.385434 2.660497
0.5517 0.3448 0.851740 -0.523965 3.202509
0.5517 0.3793 0.789753 -0.613425 3.799258
0.5517 0.4138 0.739104 -0.673592 4.428670
0.5517 0.4483 0.0000 0.0000 0.0000
0.5517 0.4828 0.0000 0.0000 0.0000
0.5517 0.5172 0.0000 0.0000 0.0000
0.5517 0.5517 0.0000 0.0000 0.0000
0.5517 0.5862 0.0000 0.0000 0.0000
0.5517 0.6207 0.0000 0.0000 0.0000
0.5517 0.6552 0.0000 0.0000 0.0000
0.5517 0.6897 0.0000 0.0000 0.0000
0.5517 0.7241 0.0000 0.0000 0.0000
0.5517 0.7586 0.0000 0.0000 0.0000
0.5517 0.7931 0.0000 0.0000 0.0000
0.5517 0.8276 0.0000 0.0000 0.0000
0.5517 0.8621 0.0000 0.0000 0.0000
0.5517 0.8966 0.0000 0.0000 0.0000
0.5517 0.9310 0.0000 0.0000 0.0000
0.5517 0.9655 0.0000 0.0000 0.0000
0.5517 1.0000 0.0000 0.0000 0.0000

0.5862 0.0000 0.0000 0.0000 0.0000
0.5862 0.0345 0.071291 0.997456 4.071358
0.5862 0.0690 0.169870 0.985467 3.417323
0.5862 0.1034 0.309599 0.950867 2.812503
0.5862 0.1379 0.505634 0.862748 2.296123
0.5862 0.1724 0.748014 0.663683 1.940135
0.5862 0.2069 0.946411 0.322966 1.840109
0.5862 0.2414 0.998814 -0.048693 2.034161
0.5862 0.2759 0.946411 -0.322966 2.453478
0.5862 0.3103 0.869242 -0.494387 3.005201
0.5862 0.3448 0.799709 -0.600388 3.629441
0.5862 0.3793 0.743417 -0.668829 4.294693
0.5862 0.4138 0.698757 -0.715360 4.984563
0.5862 0.4483 0.0000 0.0000 0.0000
0.5862 0.4828 0.0000 0.0000 0.0000
0.5862 0.5172 0.0000 0.0000 0.0000
0.5862 0.5517 0.0000 0.0000 0.0000
0.5862 0.5862 0.0000 0.0000 0.0000
0.5862 0.6207 0.0000 0.0000 0.0000
0.5862 0.6552 0.0000 0.0000 0.0000
0.5862 0.6897 0.0000 0.0000 0.0000
0.5862 0.7241 0.0000 0.0000 0.0000
0.5862 0.7586 0.0000 0.0000 0.0000
0.5862 0.7931 0.0000 0.0000 0.0000
0.5862 0.8276 0.0000 0.0000 0.0000
0.5862 0.8621 0.0000 0.0000 0.0000
0.5862 0.8966 0.0000 0.0000 0.0000
0.5862 0.9310 0.0000 0.0000 0.0000
0.5862 0.9655 0.0000 0.0000 0.0000
0.5862 1.0000 0.0000 0.0000 0.0000

0.6207 0.0000 0.0000 0.0000 0.0000
0.6207 0.0345 0.079056 0.996870 3.892563
0.6207 0.0690 0.191977 0.981399 3.205886
0.6207 0.1034 0.357442 0.933935 2.582758
0.6207 0.1379 0.591483 0.806318 2.081068
0.6207 0.1724 0.852395 0.522899 1.805084
0.6207 0.2069 0.993609 0.112875 1.858249
0.6207 0.2414 0.971626 -0.236524 2.217008
0.6207 0.2759 0.890401 -0.455178 2.764858
0.6207 0.3103 0.811737 -0.584024 3.411895
0.6207 0.3448 0.748449 -0.663193 4.111556
0.6207 0.3793 0.0000 0.0000 0.0000
0.6207 0.4138 0.0000 0.0000 0.0000
0.6207 0.4483 0.0000 0.0000 0.0000
0.6207 0.4828 0.0000 0.0000 0.0000
0.6207 0.5172 0.0000 0.0000 0.0000
0.6207 0.5517 0.0000 0.0000 0.0000
0.6207 0.5862 0.0000 0.0000 0.0000
0.6207 0.6207 0.0000 0.0000 0.0000
0.6207 0.6552 0.0000 0.0000 0.0000
0.6207 0.6897 0.0000 0.0000 0.0000
0.6207 0.7241 0.0000 0.0000 0.0000
0.6207 0.7586 0.0000 0.0000 0.0000
0.6207 0.7931 0.0000 0.0000 0.0000
0.6207 0.8276 0.0000 0.0000 0.0000
0.6207 0.8621 0.0000 0.0000 0.0000
0.6207 0.8966 0.0000 0.0000 0.0000
0.6207 0.9310 0.0000 0.0000 0.0000
0.6207 0.9655 0.0000 0.0000 0.0000
0.6207 1.0000 0.0000 0.0000 0.0000

0.6552 0.0000 0.0000 0.0000 0.0000
0.6552 0.0345 0.088671 0.996061 3.667598
0.6552 0.0690 0.220419 0.975405 2.950815
0.6552 0.1034 0.420784 0.907161 2.318585
0.6552 0.1379 0.699649 0.714486 1.859263
0.6552 0.1724 0.946657 0.322244 1.717666
0.6552 0.2069 0.993624 -0.112744 1.963769
0.6552 0.2414 0.916104 -0.400942 2.484934
0.6552 0.2759 0.826617 -0.562765 3.147363
0.6552 0.3103 0.754474 -0.656330 3.879354
0.6552 0.3448 0.0000 0.0000 0.0000
0.6552 0.3793 0.0000 0.0000 0.0000
0.6552 0.4138 0.0000 0.0000 0.0000
0.6552 0.4483 0.0000 0.0000 0.0000
0.6552 0.4828 0.0000 0.0000 0.0000
0.6552 0.5172 0.0000 0.0000 0.0000
0.6552 0.5517 0.0000 0.0000 0.0000
0.6552 0.5862 0.0000 0.0000 0.0000
0.6552 0.6207 0.0000 0.0000 0.0000
0.6552 0.6552 0.0000 0.0000 0.0000
0.6552 0.6897 0.0000 0.0000 0.0000
0.6552 0.7241 0.0000 0.0000 0.0000
0.6552 0.7586 0.0000 0.0000 0.0000
0.6552 0.7931 0.0000 0.0000 0.0000
0.6552 0.8276 0.0000 0.0000 0.0000
0.6552 0.8621 0.0000 0.0000 0.0000
0.6552 0.8966 0.0000 0.0000 0.0000
0.6552 0.9310 0.0000 0.0000 0.0000
0.6552 0.9655 0.0000 0.0000 0.0000
0.6552 1.0000 0.0000 0.0000 0.0000

0.6897 0.0000 0.0000 0.0000 0.0000
0.6897 0.0345 0.100890 0.994898 3.396641
0.6897 0.0690 0.258276 0.966071 2.653650
0.6897 0.1034 0.506974 0.861961 2.027839
0.6897 0.1379 0.826894 0.562357 1.657707
0.6897 0.1724 0.997695 0.067852 1.717394
0.6897 0.2069 0.946761 -0.321938 2.171746
0.6897 0.2414 0.845517 -0.533949 2.837094
0.6897 0.2759 0.761900 -0.647694 3.598238
0.6897 0.3103 0.0000 0.0000 0.0000
0.6897 0.3448 0.0000 0.0000 0.0000
0.6897 0.3793 0.0000 0.0000 0.0000
0.6897 0.4138 0.0000 0.0000 0.0000
0.6897 0.4483 0.0000 0.0000 0.0000
0.6897 0.4828 0.0000 0.0000 0.0000
0.6897 0.5172 0.0000 0.0000 0.0000
0.6897 0.5517 0.0000 0.0000 0.0000
0.6897 0.5862 0.0000 0.0000 0.0000
0.6897 0.6207 0.0000 0.0000 0.0000
0.6897 0.6552 0.0000 0.0000 0.0000
0.6897 0.6897 0.0000 0.0000 0.0000
0.6897 0.7241 0.0000 0.0000 0.0000
0.6897 0.7586 0.0000 0.0000 0.0000
0.6897 0.7931 0.0000 0.0000 0.0000
0.6897 0.8276 0.0000 0.0000 0.0000
0.6897 0.8621 0.0000 0.0000 0.0000
0.6897 0.8966 0.0000 0.0000 0.0000
0.6897 0.9310 0.0000 0.0000 0.0000
0.6897 0.9655 0.0000 0.0000 0.0000
0.6897 1.0000 0.0000 0.0000 0.0000

0.7241 0.0000 0.0000 0.0000 0.0000
0.7241 0.0345 0.116938 0.993139 3.079989
0.7241 0.0690 0.310865 0.950454 2.317186
0.7241 0.1034 0.626030 0.779799 1.725955
0.7241 0.1379 0.946855 0.321662 1.521528
0.7241 0.1724 0.979852 -0.199723 1.837861
0.7241 0.2069 0.870199 -0.492701 2.483339
0.7241 0.2414 0.771364 -0.636394 3.268451
0.7241 0.2759 0.0000 0.0000 0.0000
0.7241 0.3103 0.0000 0.0000 0.0000
0.7241 0.3448 0.0000 0.0000 0.0000
0.7241 0.3793 0.0000 0.0000 0.0000
0.7241 0.4138 0.0000 0.0000 0.0000
0.7241 0.4483 0.0000 0.0000 0.0000
0.7241 0.4828 0.0000 0.0000 0.0000
0.7241 0.5172 0.0000 0.0000 0.0000
0.7241 0.5517 0.0000 0.0000 0.0000
0.7241 0.5862 0.0000 0.0000 0.0000
0.7241 0.6207 0.0000 0.0000 0.0000
0.7241 0.6552 0.0000 0.0000 0.0000
0.7241 0.6897 0.0000 0.0000 0.0000
0.7241 0.7241 0.0000 0.0000 0.0000
0.7241 0.7586 0.0000 0.0000 0.0000
0.7241 0.7931 0.0000 0.0000 0.0000
0.7241 0.8276 0.0000 0.0000 0.0000
0.7241 0.8621 0.0000 0.0000 0.0000
0.7241 0.8966 0.0000 0.0000 0.0000
0.7241 0.9310 0.0000 0.0000 0.0000
0.7241 0.9655 0.0000 0.0000 0.0000
0.7241 1.0000 0.0000 0.0000 0.0000

0.7586 0.0000 0.0000 0.0000 0.0000
0.7586 0.0345 0.138934 0.990302 2.718157
0.7586 0.0690 0.387926 0.921691 1.946999
0.7586 0.1034 0.783926 0.620855 1.445210
0.7586 0.1379 1.000000 0.000000 1.510583
0.7586 0.1724 0.903211 -0.429196 2.090572
0.7586 0.2069 0.783926 -0.620855 2.890419
0.7586 0.2414 0.700680 -0.713476 3.772792
0.7586 0.2759 0.0000 0.0000 0.0000
0.7586 0.3103 0.0000 0.0000 0.0000
0.7586 0.3448 0.0000 0.0000 0.0000
0.7586 0.3793 0.0000 0.0000 0.0000
0.7586 0.4138 0.0000 0.0000 0.0000
0.7586 0.4483 0.0000 0.0000 0.0000
0.7586 0.4828 0.0000 0.0000 0.0000
0.7586 0.5172 0.0000 0.0000 0.0000
0.7586 0.5517 0.0000 0.0000 0.0000
0.7586 0.5862 0.0000 0.0000 0.0000
0.7586 0.6207 0.0000 0.0000 0.0000
0.7586 0.6552 0.0000 0.0000 0.0000
0.7586 0.6897 0.0000 0.0000 0.0000
0.7586 0.7241 0.0000 0.0000 0.0000
0.7586 0.7586 0.0000 0.0000 0.0000
0.7586 0.7931 0.0000 0.0000 0.0000
0.7586 0.8276 0.0000 0.0000 0.0000
0.7586 0.8621 0.0000 0.0000 0.0000
0.7586 0.8966 0.0000 0.0000 0.0000
0.7586 0.9310 0.0000 0.0000 0.0000
0.7586 0.9655 0.0000 0.0000 0.0000
0.7586 1.0000 0.0000 0.0000 0.0000

0.7931 0.0000 0.0000 0.0000 0.0000
0.7931 0.0345 0.170892 0.985290 2.312133
0.7931 0.0690 0.507962 0.861380 1.555727
0.7931 0.1034 0.947017 0.321182 1.251692
0.7931 0.1379 0.947017 -0.321182 1.668923
0.7931 0.1724 0.801485 -0.598015 2.464954
0.7931 0.2069 0.0000 0.0000 0.0000
0.7931 0.2414 0.0000 0.0000 0.0000
0.7931 0.2759 0.0000 0.0000 0.0000
0.7931 0.3103 0.0000 0.0000 0.0000
0.7931 0.3448 0.0000 0.0000 0.0000
0.7931 0.3793 0.0000 0.0000 0.0000
0.7931 0.4138 0.0000 0.0000 0.0000
0.7931 0.4483 0.0000 0.0000 0.0000
0.7931 0.4828 0.0000 0.0000 0.0000
0.7931 0.5172 0.0000 0.0000 0.0000
0.7931 0.5517 0.0000 0.0000 0.0000
0.7931 0.5862 0.0000 0.0000 0.0000
0.7931 0.6207 0.0000 0.0000 0.0000
0.7931 0.6552 0.0000 0.0000 0.0000
0.7931 0.6897 0.0000 0.0000 0.0000
0.7931 0.7241 0.0000 0.0000 0.0000
0.7931 0.7586 0.0000 0.0000 0.0000
0.7931 0.7931 0.0000 0.0000 0.0000
0.7931 0.8276 0.0000 0.0000 0.0000
0.7931 0.8621 0.0000 0.0000 0.0000
0.7931 0.8966 0.0000 0.0000 0.0000
0.7931 0.9310 0.0000 0.0000 0.0000
0.7931 0.9655 0.0000 0.0000 0.0000
0.7931 1.0000 0.0000 0.0000 0.0000

0.8276 0.0000 0.0000 0.0000 0.0000
0.8276 0.0345 0.221345 0.975195 1.864073
0.8276 0.0690 0.701222 0.712943 1.176814
0.8276 0.1034 0.993680 -0.112254 1.245685
0.8276 0.1379 0.827769 -0.561070 1.993813
0.8276 0.1724 0.0000 0.0000 0.0000
0.8276 0.2069 0.0000 0.0000 0.0000
0.8276 0.2414 0.0000 0.0000 0.0000
0.8276 0.2759 0.0000 0.0000 0.0000
0.8276 0.3103 0.0000 0.0000 0.0000
0.8276 0.3448 0.0000 0.0000 0.0000
0.8276 0.3793 0.0000 0.0000 0.0000
0.8276 0.4138 0.0000 0.0000 0.0000
0.8276 0.4483 0.0000 0.0000 0.0000
0.8276 0.4828 0.0000 0.0000 0.0000
0.8276 0.5172 0.0000 0.0000 0.0000
0.8276 0.5517 0.0000 0.0000 0.0000
0.8276 0.5862 0.0000 0.0000 0.0000
0.8276 0.6207 0.0000 0.0000 0.0000
0.8276 0.6552 0.0000 0.0000 0.0000
0.8276 0.6897 0.0000 0.0000 0.0000
0.8276 0.7241 0.0000 0.0000 0.0000
0.8276 0.7586 0.0000 0.0000 0.0000
0.8276 0.7931 0.0000 0.0000 0.0000
0.8276 0.8276 0.0000 0.0000 0.0000
0.8276 0.8621 0.0000 0.0000 0.0000
0.8276 0.8966 0.0000 0.0000 0.0000
0.8276 0.9310 0.0000 0.0000 0.0000
0.8276 0.9655 0.0000 0.0000 0.0000
0.8276 1.0000 0.0000 0.0000 0.0000

0.8621 0.0000 0.0000 0.0000 0.0000
0.8621 0.0345 0.311725 0.950172 1.379686
0.8621 0.0690 0.947154 0.320781 0.908159
0.8621 0.1034 0.870844 -0.491560 1.481609
0.8621 0.1379 0.701460 -0.712709 2.452502
0.8621 0.1724 0.0000 0.0000 0.0000
0.8621 0.2069 0.0000 0.0000 0.0000
0.8621 0.2414 0.0000 0.0000 0.0000
0.8621 0.2759 0.0000 0.0000 0.0000
0.8621 0.3103 0.0000 0.0000 0.0000
0.8621 0.3448 0.0000 0.0000 0.0000
0.8621 0.3793 0.0000 0.0000 0.0000
0.8621 0.4138 0.0000 0.0000 0.0000
0.8621 0.4483 0.0000 0.0000 0.0000
0.8621 0.4828 0.0000 0.0000 0.0000
0.8621 0.5172 0.0000 0.0000 0.0000
0.8621 0.5517 0.0000 0.0000 0.0000
0.8621 0.5862 0.0000 0.0000 0.0000
0.8621 0.6207 0.0000 0.0000 0.0000
0.8621 0.6552 0.0000 0.0000 0.0000
0.8621 0.6897 0.0000 0.0000 0.0000
0.8621 0.7241 0.0000 0.0000 0.0000
0.8621 0.7586 0.0000 0.0000 0.0000
0.8621 0.7931 0.0000 0.0000 0.0000
0.8621 0.8276 0.0000 0.0000 0.0000
0.8621 0.8621 0.0000 0.0000 0.0000
0.8621 0.8966 0.0000 0.0000 0.0000
0.8621 0.9310 0.0000 0.0000 0.0000
0.8621 0.9655 0.0000 0.0000 0.0000
0.8621 1.0000 0.0000 0.0000 0.0000

0.8966 0.0000 0.0000 0.0000 0.0000
0.8966 0.0345 0.508720 0.860932 0.879781
0.8966 0.0690 0.947214 -0.320603 0.945008
0.8966 0.1034 0.0000 0.0000 0.0000
0.8966 0.1379 0.0000 0.0000 0.0000
0.8966 0.1724 0.0000 0.0000 0.0000
0.8966 0.2069 0.0000 0.0000 0.0000
0.8966 0.2414 0.0000 0.0000 0.0000
0.8966 0.2759 0.0000 0.0000 0.0000
0.8966 0.3103 0.0000 0.0000 0.0000
0.8966 0.3448 0.0000 0.0000 0.0000
0.8966 0.3793 0.0000 0.0000 0.0000
0.8966 0.4138 0.0000 0.0000 0.0000
0.8966 0.4483 0.0000 0.0000 0.0000
0.8966 0.4828 0.0000 0.0000 0.0000
0.8966 0.5172 0.0000 0.0000 0.0000
0.8966 0.5517 0.0000 0.0000 0.0000
0.8966 0.5862 0.0000 0.0000 0.0000
0.8966 0.6207 0.0000 0.0000 0.0000
0.8966 0.6552 0.0000 0.0000 0.0000
0.8966 0.6897 0.0000 0.0000 0.0000
0.8966 0.7241 0.0000 0.0000 0.0000
0.8966 0.7586 0.0000 0.0000 0.0000
0.8966 0.7931 0.0000 0.0000 0.0000
0.8966 0.8276 0.0000 0.0000 0.0000
0.8966 0.8621 0.0000 0.0000 0.0000
0.8966 0.8966 0.0000 0.0000 0.0000
0.8966 0.9310 0.0000 0.0000 0.0000
0.8966 0.9655 0.0000 0.0000 0.0000
0.8966 1.0000 0.0000 0.0000 0.0000

0.9310 0.0000 0.0000 0.0000 0.0000
0.9310 0.0345 0.947269 0.320439 0.490929
0.9310 0.0690 0.701883 -0.712292 1.325125
0.9310 0.1034 0.0000 0.0000 0.0000
0.9310 0.1379 0.0000 0.0000 0.0000
0.9310 0.1724 0.0000 0.0000 0.0000
0.9310 0.2069 0.0000 0.0000 0.0000
0.9310 0.2414 0.0000 0.0000 0.0000
0.9310 0.2759 0.0000 0.0000 0.0000
0.9310 0.3103 0.0000 0.0000 0.0000
0.9310 0.3448 0.0000 0.0000 0.0000
0.9310 0.3793 0.0000 0.0000 0.0000
0.9310 0.4138 0.0000 0.0000 0.0000
0.9310 0.4483 0.0000 0.0000 0.0000
0.9310 0.4828 0.0000 0.0000 0.0000
0.9310 0.5172 0.0000 0.0000 0.0000
0.9310 0.5517 0.0000 0.0000 0.0000
0.9310 0.5862 0.0000 0.0000 0.0000
0.9310 0.6207 0.0000 0.0000 0.0000
0.9310 0.6552 0.0000 0.0000 0.0000
0.9310 0.6897 0.0000 0.0000 0.0000
0.9310 0.7241 0.0000 0.0000 0.0000
0.9310 0.7586 0.0000 0.0000 0.0000
0.9310 0.7931 0.0000 0.0000 0.0000
0.9310 0.8276 0.0000 0.0000 0.0000
0.9310 0.8621 0.0000 0.0000 0.0000
0.9310 0.8966 0.0000 0.0000 0.0000
0.9310 0.9310 0.0000 0.0000 0.0000
0.9310 0.9655 0.0000 0.0000 0.0000
0.9310 1.0000 0.0000 0.0000 0.0000

0.9655 0.0000 0.0000 0.0000 0.0000
0.9655 0.0345 0.0000 0.0000 0.0000
0.9655 0.0690 0.0000 0.0000 0.0000
0.9655 0.1034 0.0000 0.0000 0.0000
0.9655 0.1379 0.0000 0.0000 0.0000
0.9655 0.1724 0.0000 0.0000 0.0000
0.9655 0.2069 0.0000 0.0000 0.0000
0.9655 0.2414 0.0000 0.0000 0.0000
0.9655 0.2759 0.0000 0.0000 0.0000
0.9655 0.3103 0.0000 0.0000 0.0000
0.9655 0.3448 0.0000 0.0000 0.0000
0.9655 0.3793 0.0000 0.0000 0.0000
0.9655 0.4138 0.0000 0.0000 0.0000
0.9655 0.4483 0.0000 0.0000 0.0000
0.9655 0.4828 0.0000 0.0000 0.0000
0.9655 0.5172 0.0000 0.0000 0.0000
0.9655 0.5517 0.0000 0.0000 0.0000
0.9655 0.5862 0.0000 0.0000 0.0000
0.9655 0.6207 0.0000 0.0000 0.0000
0.9655 0.6552 0.0000 0.0000 0.0000
0.9655 0.6897 0.0000 0.0000 0.0000
0.9655 0.7241 0.0000 0.0000 0.0000
0.9655 0.7586 0.0000 0.0000 0.0000
0.9655 0.7931 0.0000 0.0000 0.0000
0.9655 0.8276 0.0000 0.0000 0.0000
0.9655 0.8621 0.0000 0.0000 0.0000
0.9655 0.8966 0.0000 0.0000 0.0000
0.9655 0.9310 0.0000 0.0000 0.0000
0.9655 0.9655 0.0000 0.0000 0.0000
0.9655 1.0000 0.0000 0.0000 0.0000

1.0000 0.0000 0.0000 0.0000 0.0000
1.0000 0.0345 0.0000 0.0000 0.0000
1.0000 0.0690 0.0000 0.0000 0.0000
1.0000 0.1034 0.0000 0.0000 0.0000
1.0000 0.1379 0.0000 0.0000 0.0000
1.0000 0.1724 0.0000 0.0000 0.0000
1.0000 0.2069 0.0000 0.0000 0.0000
1.0000 0.2414 0.0000 0.0000 0.0000
1.0000 0.2759 0.0000 0.0000 0.0000
1.0000 0.3103 0.0000 0.0000 0.0000
1.0000 0.3448 0.0000 0.0000 0.0000
1.0000 0.3793 0.0000 0.0000 0.0000
1.0000 0.4138 0.0000 0.0000 0.0000
1.0000 0.4483 0.0000 0.0000 0.0000
1.0000 0.4828 0.0000 0.0000 0.0000
1.0000 0.5172 0.0000 0.0000 0.0000
1.0000 0.5517 0.0000 0.0000 0.0000
1.0000 0.5862 0.0000 0.0000 0.0000
1.0000 0.6207 0.0000 0.0000 0.0000
1.0000 0.6552 0.0000 0.0000 0.0000
1.0000 0.6897 0.0000 0.0000 0.0000
1.0000 0.7241 0.0000 0.0000 0.0000
1.0000 0.7586 0.0000 0.0000 0.0000
1.0000 0.7931 0.0000 0.0000 0.0000
1.0000 0.8276 0.0000 0.0000 0.0000
1.0000 0.8621 0.0000 0.0000 0.0000
1.0000 0.8966 0.0000 0.0000 0.0000
1.0000 0.9310 0.0000 0.0000 0.0000
1.0000 0.9655 0.0000 0.0000 0.0000
1.0000 1.0000 0.0000 0.0000 0.0000

