0.0000 0.0000 0.0000 0.0000 0.0000
0.0000 0.0345 0.0000 0.0000 0.0000
0.0000 0.0690 0.0000 0.0000 0.0000
0.0000 0.1034 0.0000 0.0000 0.0000
0.0000 0.1379 0.0000 0.0000 0.0000
0.0000 0.1724 0.0000 0.0000 0.0000
0.0000 0.2069 0.0000 0.0000 0.0000
0.0000 0.2414 0.0000 0.0000 0.0000
0.0000 0.2759 0.0000 0.0000 0.0000
0.0000 0.3103 0.0000 0.0000 0.0000
0.0000 0.3448 0.0000 0.0000 0.0000
0.0000 0.3793 0.0000 0.0000 0.0000
0.0000 0.4138 0.0000 0.0000 0.0000
0.0000 0.4483 0.0000 0.0000 0.0000
0.0000 0.4828 0.0000 0.0000 0.0000
0.0000 0.5172 0.0000 0.0000 0.0000
0.0000 0.5517 0.0000 0.0000 0.0000
0.0000 0.5862 0.0000 0.0000 0.0000
0.0000 0.6207 0.0000 0.0000 0.0000
0.0000 0.6552 0.0000 0.0000 0.0000
0.0000 0.6897 0.0000 0.0000 0.0000
0.0000 0.7241 0.0000 0.0000 0.0000
0.0000 0.7586 0.0000 0.0000 0.0000
0.0000 0.7931 0.0000 0.0000 0.0000
0.0000 0.8276 0.0000 0.0000 0.0000
0.0000 0.8621 0.0000 0.0000 0.0000
0.0000 0.8966 0.0000 0.0000 0.0000
0.0000 0.9310 0.0000 0.0000 0.0000
0.0000 0.9655 0.0000 0.0000 0.0000
0.0000 1.0000 0.0000 0.0000 0.0000

0.0345 0.0000 0.0000 0.0000 0.0000
0.0345 0.0345 0.000952 1.000000 0.249703
0.0345 0.0690 0.002041 0.999998 0.233056
0.0345 0.1034 0.003297 0.999995 0.216410
0.0345 0.1379 0.004762 0.999989 0.199764
0.0345 0.1724 0.006493 0.999979 0.183119
0.0345 0.2069 0.008571 0.999963 0.166475
0.0345 0.2414 0.011110 0.999938 0.149831
0.0345 0.2759 0.014284 0.999898 0.133188
0.0345 0.3103 0.018364 0.999831 0.116548
0.0345 0.3448 0.023803 0.999717 0.099909
0.0345 0.3793 0.031413 0.999506 0.083275
0.0345 0.4138 0.042818 0.999083 0.066649
0.0345 0.4483 0.061787 0.998089 0.050036
0.0345 0.4828 0.099504 0.995037 0.033460
0.0345 0.5172 0.209529 0.977802 0.017025
0.0345 0.5517 1.000000 0.000000 0.003805
0.0345 0.5862 0.235998 -0.971754 0.017131
0.0345 0.6207 0.127522 -0.991836 0.033568
0.0345 0.6552 0.090108 -0.995932 0.050145
0.0345 0.6897 0.071247 -0.997459 0.066757
0.0345 0.7241 0.059892 -0.998205 0.083384
0.0345 0.7586 0.052309 -0.998631 0.100018
0.0345 0.7931 0.046887 -0.998900 0.116656
0.0345 0.8276 0.042818 -0.999083 0.133297
0.0345 0.8621 0.039651 -0.999214 0.149940
0.0345 0.8966 0.037117 -0.999311 0.166583
0.0345 0.9310 0.035043 -0.999386 0.183228
0.0345 0.9655 0.0000 0.0000 0.0000
0.0345 1.0000 0.0000 0.0000 0.0000

0.0690 0.0000 0.0000 0.0000 0.0000
0.0690 0.0345 0.015345 0.999882 0.480437
0.0690 0.0690 0.032961 0.999457 0.447330
0.0690 0.1034 0.053372 0.998575 0.414384
0.0690 0.1379 0.077268 0.997010 0.381640
0.0690 0.1724 0.105571 0.994412 0.349157
0.0690 0.2069 0.139531 0.990218 0.317013
0.0690 0.2414 0.180865 0.983508 0.285324
0.0690 0.2759 0.231958 0.972726 0.254259
0.0690 0.3103 0.296099 0.955157 0.224079
0.0690 0.3448 0.377684 0.925935 0.195194
0.0690 0.3793 0.481919 0.876216 0.168273
0.0690 0.4138 0.612572 0.790415 0.144418
0.0690 0.4483 0.764321 0.644836 0.125390
0.0690 0.4828 0.908204 0.418527 0.113642
0.0690 0.5172 0.991778 0.127971 0.111499
0.0690 0.5517 0.987241 -0.159232 0.119479
0.0690 0.5862 0.922818 -0.385237 0.135809
0.0690 0.6207 0.840297 -0.542127 0.157919
0.0690 0.6552 0.762354 -0.647160 0.183735
0.0690 0.6897 0.695795 -0.718240 0.211906
0.0690 0.7241 0.640765 -0.767737 0.241611
0.0690 0.7586 0.595520 -0.803341 0.272347
0.0690 0.7931 0.558128 -0.829755 0.303802
0.0690 0.8276 0.526940 -0.849903 0.335773
0.0690 0.8621 0.500654 -0.865647 0.368127
0.0690 0.8966 0.478270 -0.878213 0.400771
0.0690 0.9310 0.0000 0.0000 0.0000
0.0690 0.9655 0.0000 0.0000 0.0000
0.0690 1.0000 0.0000 0.0000 0.0000

0.1034 0.0000 0.0000 0.0000 0.0000
0.1034 0.0345 0.020958 0.999780 0.692185
0.1034 0.0690 0.045139 0.998981 0.642748
0.1034 0.1034 0.073296 0.997310 0.593749
0.1034 0.1379 0.106410 0.994322 0.545308
0.1034 0.1724 0.145769 0.989319 0.497586
0.1034 0.2069 0.193072 0.981185 0.450813
0.1034 0.2414 0.250535 0.968108 0.405317
0.1034 0.2759 0.320959 0.947093 0.361580
0.1034 0.3103 0.407585 0.913167 0.320323
0.1034 0.3448 0.513258 0.858234 0.282637
0.1034 0.3793 0.637937 0.770088 0.250137
0.1034 0.4138 0.773392 0.633928 0.225084
0.1034 0.4483 0.897350 0.441320 0.210158
0.1034 0.4828 0.978501 0.206241 0.207554
0.1034 0.5172 0.999463 -0.032769 0.217715
0.1034 0.5517 0.971072 -0.238788 0.239019
0.1034 0.5862 0.917351 -0.398079 0.268830
0.1034 0.6207 0.857079 -0.515184 0.304660
0.1034 0.6552 0.799752 -0.600331 0.344637
0.1034 0.6897 0.748762 -0.662839 0.387481
0.1034 0.7241 0.704627 -0.709578 0.432338
0.1034 0.7586 0.666766 -0.745267 0.478645
0.1034 0.7931 0.634296 -0.773090 0.526017
0.1034 0.8276 0.606343 -0.795203 0.574192
0.1034 0.8621 0.582141 -0.813088 0.622983
0.1034 0.8966 0.0000 0.0000 0.0000
0.1034 0.9310 0.0000 0.0000 0.0000
0.1034 0.9655 0.0000 0.0000 0.0000
0.1034 1.0000 0.0000 0.0000 0.0000

0.1379 0.0000 0.0000 0.0000 0.0000
0.1379 0.0345 0.024455 0.999701 0.884926
0.1379 0.0690 0.052833 0.998603 0.819218
0.1379 0.1034 0.086072 0.996289 0.754286
0.1379 0.1379 0.125391 0.992107 0.690348
0.1379 0.1724 0.172380 0.985030 0.627708
0.1379 0.2069 0.229086 0.973406 0.566797
0.1379 0.2414 0.298062 0.954547 0.508238
0.1379 0.2759 0.382228 0.924068 0.452942
0.1379 0.3103 0.484187 0.874965 0.402258
0.1379 0.3448 0.604241 0.796802 0.358150
0.1379 0.3793 0.736268 0.676690 0.323320
0.1379 0.4138 0.862746 0.505638 0.301005
0.1379 0.4483 0.956684 0.291129 0.294070
0.1379 0.4828 0.998034 0.062671 0.303569
0.1379 0.5172 0.989436 -0.144972 0.328079
0.1379 0.5517 0.949722 -0.313095 0.364585
0.1379 0.5862 0.897538 -0.440937 0.409894
0.1379 0.6207 0.844213 -0.536008 0.461420
0.1379 0.6552 0.794840 -0.606819 0.517308
0.1379 0.6897 0.751041 -0.660256 0.576291
0.1379 0.7241 0.712865 -0.701301 0.637510
0.1379 0.7586 0.679774 -0.733422 0.700380
0.1379 0.7931 0.651073 -0.759015 0.764493
0.1379 0.8276 0.626092 -0.779749 0.829561
0.1379 0.8621 0.0000 0.0000 0.0000
0.1379 0.8966 0.0000 0.0000 0.0000
0.1379 0.9310 0.0000 0.0000 0.0000
0.1379 0.9655 0.0000 0.0000 0.0000
0.1379 1.0000 0.0000 0.0000 0.0000

0.1724 0.0000 0.0000 0.0000 0.0000
0.1724 0.0345 0.027181 0.999631 1.058655
0.1724 0.0690 0.058922 0.998263 0.976727
0.1724 0.1034 0.096350 0.995348 0.895964
0.1724 0.1379 0.140932 0.990019 0.816713
0.1724 0.1724 0.194570 0.980889 0.739459
0.1724 0.2069 0.259666 0.965699 0.664900
0.1724 0.2414 0.339074 0.940760 0.594050
0.1724 0.2759 0.435655 0.900114 0.528405
0.1724 0.3103 0.550842 0.834609 0.470148
0.1724 0.3448 0.681315 0.731991 0.422349
0.1724 0.3793 0.813940 0.580949 0.388884
0.1724 0.4138 0.924203 0.381902 0.373623
0.1724 0.4483 0.987605 0.156962 0.378774
0.1724 0.4828 0.998262 -0.058929 0.403555
0.1724 0.5172 0.970613 -0.240648 0.444698
0.1724 0.5517 0.924203 -0.381902 0.498164
0.1724 0.5862 0.872853 -0.487983 0.560437
0.1724 0.6207 0.823578 -0.567203 0.628908
0.1724 0.6552 0.779080 -0.626924 0.701763
0.1724 0.6897 0.739940 -0.672673 0.777773
0.1724 0.7241 0.705856 -0.708356 0.856097
0.1724 0.7586 0.676231 -0.736690 0.936154
0.1724 0.7931 0.650426 -0.759570 1.017536
0.1724 0.8276 0.0000 0.0000 0.0000
0.1724 0.8621 0.0000 0.0000 0.0000
0.1724 0.8966 0.0000 0.0000 0.0000
0.1724 0.9310 0.0000 0.0000 0.0000
0.1724 0.9655 0.0000 0.0000 0.0000
0.1724 1.0000 0.0000 0.0000 0.0000

0.2069 0.0000 0.0000 0.0000 0.0000
0.2069 0.0345 0.029595 0.999562 1.213373
0.2069 0.0690 0.064396 0.997924 1.115276
0.2069 0.1034 0.105742 0.994394 1.018791
0.2069 0.1379 0.155381 0.987855 0.924426
0.2069 0.1724 0.215570 0.976488 0.832900
0.2069 0.2069 0.289104 0.957298 0.745261
0.2069 0.2414 0.379108 0.925353 0.663050
0.2069 0.2759 0.488111 0.872781 0.588548
0.2069 0.3103 0.615539 0.788107 0.525047
0.2069 0.3448 0.752885 0.658152 0.476960
0.2069 0.3793 0.879227 0.476403 0.449265
0.2069 0.4138 0.966659 0.256069 0.445778
0.2069 0.4483 0.999533 0.030551 0.467043
0.2069 0.4828 0.985808 -0.167876 0.509972
0.2069 0.5172 0.945506 -0.325605 0.569689
0.2069 0.5517 0.895610 -0.444840 0.641522
0.2069 0.5862 0.845677 -0.533695 0.721864
0.2069 0.6207 0.799788 -0.600282 0.808181
0.2069 0.6552 0.759145 -0.650922 0.898752
0.2069 0.6897 0.723682 -0.690134 0.992415
0.2069 0.7241 0.692873 -0.721060 1.088370
0.2069 0.7586 0.666080 -0.745881 1.186062
0.2069 0.7931 0.0000 0.0000 0.0000
0.2069 0.8276 0.0000 0.0000 0.0000
0.2069 0.8621 0.0000 0.0000 0.0000
0.2069 0.8966 0.0000 0.0000 0.0000
0.2069 0.9310 0.0000 0.0000 0.0000
0.2069 0.9655 0.0000 0.0000 0.0000
0.2069 1.0000 0.0000 0.0000 0.0000

0.2414 0.0000 0.0000 0.0000 0.0000
0.2414 0.0345 0.031906 0.999491 1.349082
0.2414 0.0690 0.069714 0.997567 1.234871
0.2414 0.1034 0.115010 0.993364 1.122789
0.2414 0.1379 0.169875 0.985466 1.013542
0.2414 0.1724 0.236986 0.971513 0.908154
0.2414 0.2069 0.319581 0.947559 0.808134
0.2414 0.2414 0.420975 0.907072 0.715739
0.2414 0.2759 0.542878 0.839811 0.634308
0.2414 0.3103 0.681349 0.731959 0.568572
0.2414 0.3448 0.820720 0.571330 0.524466
0.2414 0.3793 0.932680 0.360705 0.507660
0.2414 0.4138 0.991793 0.127855 0.520802
0.2414 0.4483 0.996041 -0.088894 0.561796
0.2414 0.4828 0.963898 -0.266270 0.625186
0.2414 0.5172 0.915886 -0.401438 0.704957
0.2414 0.5517 0.864990 -0.501790 0.796199
0.2414 0.5862 0.817218 -0.576329 0.895413
0.2414 0.6207 0.774614 -0.632435 1.000230
0.2414 0.6552 0.737412 -0.675443 1.109062
0.2414 0.6897 0.705156 -0.709052 1.220836
0.2414 0.7241 0.677192 -0.735807 1.334813
0.2414 0.7586 0.0000 0.0000 0.0000
0.2414 0.7931 0.0000 0.0000 0.0000
0.2414 0.8276 0.0000 0.0000 0.0000
0.2414 0.8621 0.0000 0.0000 0.0000
0.2414 0.8966 0.0000 0.0000 0.0000
0.2414 0.9310 0.0000 0.0000 0.0000
0.2414 0.9655 0.0000 0.0000 0.0000
0.2414 1.0000 0.0000 0.0000 0.0000

0.2759 0.0000 0.0000 0.0000 0.0000
0.2759 0.0345 0.034233 0.999414 1.465782
0.2759 0.0690 0.075144 0.997173 1.335524
0.2759 0.1034 0.124616 0.992205 1.207989
0.2759 0.1379 0.185136 0.982713 1.084140
0.2759 0.1724 0.259885 0.965640 0.965395
0.2759 0.2069 0.352588 0.935779 0.853887
0.2759 0.2414 0.466566 0.884486 0.752837
0.2759 0.2759 0.601824 0.798629 0.667017
0.2759 0.3103 0.748974 0.662599 0.602965
0.2759 0.3448 0.883278 0.468849 0.568092
0.2759 0.3793 0.972105 0.234545 0.567801
0.2759 0.4138 1.000000 0.000000 0.602140
0.2759 0.4483 0.979790 -0.200030 0.665774
0.2759 0.4828 0.935048 -0.354521 0.751295
0.2759 0.5172 0.883278 -0.468849 0.852139
0.2759 0.5517 0.833263 -0.552876 0.963505
0.2759 0.5862 0.788274 -0.615324 1.082152
0.2759 0.6207 0.748974 -0.662599 1.205930
0.2759 0.6552 0.714999 -0.699126 1.333413
0.2759 0.6897 0.685669 -0.727914 1.463633
0.2759 0.7241 0.0000 0.0000 0.0000
0.2759 0.7586 0.0000 0.0000 0.0000
0.2759 0.7931 0.0000 0.0000 0.0000
0.2759 0.8276 0.0000 0.0000 0.0000
0.2759 0.8621 0.0000 0.0000 0.0000
0.2759 0.8966 0.0000 0.0000 0.0000
0.2759 0.9310 0.0000 0.0000 0.0000
0.2759 0.9655 0.0000 0.0000 0.0000
0.2759 1.0000 0.0000 0.0000 0.0000

0.3103 0.0000 0.0000 0.0000 0.0000
0.3103 0.0345 0.036657 0.999328 1.563477
0.3103 0.0690 0.080879 0.996724 1.417247
0.3103 0.1034 0.134913 0.990857 1.274434
0.3103 0.1379 0.201747 0.979438 1.136326
0.3103 0.1724 0.285176 0.958475 1.004866
0.3103 0.2069 0.389429 0.921056 0.883027
0.3103 0.2414 0.517425 0.855729 0.775358
0.3103 0.2759 0.665906 0.746036 0.688538
0.3103 0.3103 0.817156 0.576417 0.631232
0.3103 0.3448 0.936808 0.349845 0.611788
0.3103 0.3793 0.994853 0.101324 0.633701
0.3103 0.4138 0.992341 -0.123528 0.693061
0.3103 0.4483 0.953527 -0.301306 0.781378
0.3103 0.4828 0.901473 -0.432835 0.890075
0.3103 0.5172 0.848986 -0.528415 1.012609
0.3103 0.5517 0.801195 -0.598403 1.144545
0.3103 0.5862 0.759414 -0.650608 1.282985
0.3103 0.6207 0.723424 -0.690404 1.426037
0.3103 0.6552 0.692516 -0.721402 1.572443
0.3103 0.6897 0.0000 0.0000 0.0000
0.3103 0.7241 0.0000 0.0000 0.0000
0.3103 0.7586 0.0000 0.0000 0.0000
0.3103 0.7931 0.0000 0.0000 0.0000
0.3103 0.8276 0.0000 0.0000 0.0000
0.3103 0.8621 0.0000 0.0000 0.0000
0.3103 0.8966 0.0000 0.0000 0.0000
0.3103 0.9310 0.0000 0.0000 0.0000
0.3103 0.9655 0.0000 0.0000 0.0000
0.3103 1.0000 0.0000 0.0000 0.0000

0.3448 0.0000 0.0000 0.0000 0.0000
0.3448 0.0345 0.039245 0.999230 1.642169
0.3448 0.0690 0.087087 0.996201 1.480058
0.3448 0.1034 0.146229 0.989251 1.322179
0.3448 0.1379 0.220286 0.975435 1.170245
0.3448 0.1724 0.313795 0.949491 1.026898
0.3448 0.2069 0.431437 0.902143 0.896267
0.3448 0.2414 0.574885 0.818234 0.784730
0.3448 0.2759 0.735011 0.678055 0.701454
0.3448 0.3103 0.882473 0.470363 0.657271
0.3448 0.3448 0.976356 0.216167 0.660078
0.3448 0.3793 0.999438 -0.033527 0.709317
0.3448 0.4138 0.971049 -0.238880 0.796422
0.3448 0.4483 0.920075 -0.391743 0.910592
0.3448 0.4828 0.865083 -0.501629 1.042975
0.3448 0.5172 0.814072 -0.580764 1.187495
0.3448 0.5517 0.769384 -0.638787 1.340233
0.3448 0.5862 0.731045 -0.682330 1.498678
0.3448 0.6207 0.698320 -0.715785 1.661197
0.3448 0.6552 0.0000 0.0000 0.0000
0.3448 0.6897 0.0000 0.0000 0.0000
0.3448 0.7241 0.0000 0.0000 0.0000
0.3448 0.7586 0.0000 0.0000 0.0000
0.3448 0.7931 0.0000 0.0000 0.0000
0.3448 0.8276 0.0000 0.0000 0.0000
0.3448 0.8621 0.0000 0.0000 0.0000
0.3448 0.8966 0.0000 0.0000 0.0000
0.3448 0.9310 0.0000 0.0000 0.0000
0.3448 0.9655 0.0000 0.0000 0.0000
0.3448 1.0000 0.0000 0.0000 0.0000

0.3793 0.0000 0.0000 0.0000 0.0000
0.3793 0.0345 0.042061 0.999115 1.701863
0.3793 0.0690 0.093940 0.995578 1.523981
0.3793 0.1034 0.158917 0.987292 1.351298
0.3793 0.1379 0.241403 0.970425 1.186089
0.3793 0.1724 0.346826 0.937929 1.031949
0.3793 0.2069 0.480081 0.877224 0.894617
0.3793 0.2414 0.639945 0.768420 0.782989
0.3793 0.2759 0.807342 0.590084 0.709305
0.3793 0.3103 0.939246 0.343246 0.685905
0.3793 0.3448 0.997340 0.072895 0.717724
0.3793 0.3793 0.986482 -0.163868 0.798186
0.3793 0.4138 0.939246 -0.343246 0.914540
0.3793 0.4483 0.882066 -0.471126 1.054977
0.3793 0.4828 0.827430 -0.561569 1.211148
0.3793 0.5172 0.779351 -0.626588 1.377713
0.3793 0.5517 0.738273 -0.674502 1.551327
0.3793 0.5862 0.703454 -0.710740 1.729870
0.3793 0.6207 0.0000 0.0000 0.0000
0.3793 0.6552 0.0000 0.0000 0.0000
0.3793 0.6897 0.0000 0.0000 0.0000
0.3793 0.7241 0.0000 0.0000 0.0000
0.3793 0.7586 0.0000 0.0000 0.0000
0.3793 0.7931 0.0000 0.0000 0.0000
0.3793 0.8276 0.0000 0.0000 0.0000
0.3793 0.8621 0.0000 0.0000 0.0000
0.3793 0.8966 0.0000 0.0000 0.0000
0.3793 0.9310 0.0000 0.0000 0.0000
0.3793 0.9655 0.0000 0.0000 0.0000
0.3793 1.0000 0.0000 0.0000 0.0000

0.4138 0.0000 0.0000 0.0000 0.0000
0.4138 0.0345 0.045172 0.998979 1.742564
0.4138 0.0690 0.101632 0.994822 1.549043
0.4138 0.1034 0.173397 0.984852 1.361890
0.4138 0.1379 0.265903 0.964000 1.184127
0.4138 0.1724 0.385608 0.922663 1.020672
0.4138 0.2069 0.536980 0.843595 0.879538
0.4138 0.2414 0.712775 0.701393 0.773050
0.4138 0.2759 0.878503 0.477736 0.716817
0.4138 0.3103 0.980314 0.197445 0.722669
0.4138 0.3448 0.997382 -0.072318 0.789225
0.4138 0.3793 0.958713 -0.284375 0.903163
0.4138 0.4138 0.900331 -0.435205 1.049158
0.4138 0.4483 0.841731 -0.539897 1.215716
0.4138 0.4828 0.789701 -0.613492 1.395492
0.4138 0.5172 0.745418 -0.666597 1.583994
0.4138 0.5517 0.708176 -0.706036 1.778447
0.4138 0.5862 0.676835 -0.736135 1.977098
0.4138 0.6207 0.0000 0.0000 0.0000
0.4138 0.6552 0.0000 0.0000 0.0000
0.4138 0.6897 0.0000 0.0000 0.0000
0.4138 0.7241 0.0000 0.0000 0.0000
0.4138 0.7586 0.0000 0.0000 0.0000
0.4138 0.7931 0.0000 0.0000 0.0000
0.4138 0.8276 0.0000 0.0000 0.0000
0.4138 0.8621 0.0000 0.0000 0.0000
0.4138 0.8966 0.0000 0.0000 0.0000
0.4138 0.9310 0.0000 0.0000 0.0000
0.4138 0.9655 0.0000 0.0000 0.0000
0.4138 1.0000 0.0000 0.0000 0.0000

0.4483 0.0000 0.0000 0.0000 0.0000
0.4483 0.0345 0.048660 0.998815 1.764278
0.4483 0.0690 0.110398 0.993887 1.555286
0.4483 0.1034 0.190202 0.981745 1.354089
0.4483 0.1379 0.294832 0.955549 1.164734
0.4483 0.1724 0.431836 0.901952 0.994013
0.4483 0.2069 0.603740 0.797182 0.853184
0.4483 0.2414 0.791691 0.610921 0.759073
0.4483 0.2759 0.940854 0.338812 0.729977
0.4483 0.3103 0.999200 0.039980 0.773270
0.4483 0.3448 0.977444 -0.211193 0.878313
0.4483 0.3793 0.920137 -0.391597 1.026317
0.4483 0.4138 0.857423 -0.514612 1.201510
0.4483 0.4483 0.800798 -0.598935 1.393675
0.4483 0.4828 0.752743 -0.658315 1.596698
0.4483 0.5172 0.712678 -0.701491 1.806920
0.4483 0.5517 0.0000 0.0000 0.0000
0.4483 0.5862 0.0000 0.0000 0.0000
0.4483 0.6207 0.0000 0.0000 0.0000
0.4483 0.6552 0.0000 0.0000 0.0000
0.4483 0.6897 0.0000 0.0000 0.0000
0.4483 0.7241 0.0000 0.0000 0.0000
0.4483 0.7586 0.0000 0.0000 0.0000
0.4483 0.7931 0.0000 0.0000 0.0000
0.4483 0.8276 0.0000 0.0000 0.0000
0.4483 0.8621 0.0000 0.0000 0.0000
0.4483 0.8966 0.0000 0.0000 0.0000
0.4483 0.9310 0.0000 0.0000 0.0000
0.4483 0.9655 0.0000 0.0000 0.0000
0.4483 1.0000 0.0000 0.0000 0.0000

0.4828 0.0000 0.0000 0.0000 0.0000
0.4828 0.0345 0.052622 0.998614 1.767014
0.4828 0.0690 0.120543 0.992708 1.542760
0.4828 0.1034 0.210043 0.977692 1.328081
0.4828 0.1379 0.329599 0.944121 1.128455
0.4828 0.1724 0.487654 0.873037 0.953387
0.4828 0.2069 0.681386 0.731924 0.818783
0.4828 0.2414 0.871516 0.490367 0.746850
0.4828 0.2759 0.984350 0.176226 0.755703
0.4828 0.3103 0.992953 -0.118511 0.842800
0.4828 0.3448 0.941469 -0.337099 0.987654
0.4828 0.3793 0.874972 -0.484174 1.168986
0.4828 0.4138 0.813030 -0.582221 1.372414
0.4828 0.4483 0.760501 -0.649336 1.589476
0.4828 0.4828 0.717122 -0.696947 1.815288
0.4828 0.5172 0.0000 0.0000 0.0000
0.4828 0.5517 0.0000 0.0000 0.0000
0.4828 0.5862 0.0000 0.0000 0.0000
0.4828 0.6207 0.0000 0.0000 0.0000
0.4828 0.6552 0.0000 0.0000 0.0000
0.4828 0.6897 0.0000 0.0000 0.0000
0.4828 0.7241 0.0000 0.0000 0.0000
0.4828 0.7586 0.0000 0.0000 0.0000
0.4828 0.7931 0.0000 0.0000 0.0000
0.4828 0.8276 0.0000 0.0000 0.0000
0.4828 0.8621 0.0000 0.0000 0.0000
0.4828 0.8966 0.0000 0.0000 0.0000
0.4828 0.9310 0.0000 0.0000 0.0000
0.4828 0.9655 0.0000 0.0000 0.0000
0.4828 1.0000 0.0000 0.0000 0.0000

0.5172 0.0000 0.0000 0.0000 0.0000
0.5172 0.0345 0.057185 0.998364 1.750784
0.5172 0.0690 0.132473 0.991187 1.511538
0.5172 0.1034 0.233898 0.972261 1.284134
0.5172 0.1379 0.372153 0.928172 1.076106
0.5172 0.1724 0.555614 0.831441 0.900976
0.5172 0.2069 0.768969 0.639286 0.781193
0.5172 0.2414 0.941995 0.335628 0.743988
0.5172 0.2759 1.000000 0.000000 0.800951
0.5172 0.3103 0.963682 -0.267054 0.935029
0.5172 0.3448 0.894852 -0.446363 1.118832
0.5172 0.3793 0.826850 -0.562422 1.331932
0.5172 0.4138 0.768969 -0.639286 1.562386
0.5172 0.4483 0.721656 -0.692252 1.803554
0.5172 0.4828 0.0000 0.0000 0.0000
0.5172 0.5172 0.0000 0.0000 0.0000
0.5172 0.5517 0.0000 0.0000 0.0000
0.5172 0.5862 0.0000 0.0000 0.0000
0.5172 0.6207 0.0000 0.0000 0.0000
0.5172 0.6552 0.0000 0.0000 0.0000
0.5172 0.6897 0.0000 0.0000 0.0000
0.5172 0.7241 0.0000 0.0000 0.0000
0.5172 0.7586 0.0000 0.0000 0.0000
0.5172 0.7931 0.0000 0.0000 0.0000
0.5172 0.8276 0.0000 0.0000 0.0000
0.5172 0.8621 0.0000 0.0000 0.0000
0.5172 0.8966 0.0000 0.0000 0.0000
0.5172 0.9310 0.0000 0.0000 0.0000
0.5172 0.9655 0.0000 0.0000 0.0000
0.5172 1.0000 0.0000 0.0000 0.0000

0.5517 0.0000 0.0000 0.0000 0.0000
0.5517 0.0345 0.062516 0.998044 1.715603
0.5517 0.0690 0.146749 0.989174 1.461723
0.5517 0.1034 0.263167 0.964750 1.222646
0.5517 0.1379 0.425207 0.905096 1.008952
0.5517 0.1724 0.638234 0.769843 0.840235
0.5517 0.2069 0.860787 0.508965 0.747594
0.5517 0.2414 0.988638 0.150316 0.759401
0.5517 0.2759 0.984629 -0.174657 0.871421
0.5517 0.3103 0.917465 -0.397817 1.052116
0.5517 0.3448 0.842814 -0.538205 1.272562
0.5517 0.3793 0.778475 -0.627676 1.515509
0.5517 0.4138 0.726432 -0.687238 1.771727
0.5517 0.4483 0.0000 0.0000 0.0000
0.5517 0.4828 0.0000 0.0000 0.0000
0.5517 0.5172 0.0000 0.0000 0.0000
0.5517 0.5517 0.0000 0.0000 0.0000
0.5517 0.5862 0.0000 0.0000 0.0000
0.5517 0.6207 0.0000 0.0000 0.0000
0.5517 0.6552 0.0000 0.0000 0.0000
0.5517 0.6897 0.0000 0.0000 0.0000
0.5517 0.7241 0.0000 0.0000 0.0000
0.5517 0.7586 0.0000 0.0000 0.0000
0.5517 0.7931 0.0000 0.0000 0.0000
0.5517 0.8276 0.0000 0.0000 0.0000
0.5517 0.8621 0.0000 0.0000 0.0000
0.5517 0.8966 0.0000 0.0000 0.0000
0.5517 0.9310 0.0000 0.0000 0.0000
0.5517 0.9655 0.0000 0.0000 0.0000
0.5517 1.0000 0.0000 0.0000 0.0000

0.5862 0.0000 0.0000 0.0000 0.0000
0.5862 0.0345 0.068846 0.997627 1.661493
0.5862 0.0690 0.164178 0.986431 1.393462
0.5862 0.1034 0.299908 0.953968 1.144229
0.5862 0.1379 0.492496 0.870315 0.929045
0.5862 0.1724 0.736328 0.676625 0.776744
0.5862 0.2069 0.942845 0.333230 0.727930
0.5862 0.2414 0.998728 -0.050426 0.801733
0.5862 0.2759 0.942845 -0.333230 0.970574
0.5862 0.3103 0.861627 -0.507542 1.194819
0.5862 0.3448 0.789441 -0.613827 1.448971
0.5862 0.3793 0.731625 -0.681707 1.719821
0.5862 0.4138 0.686121 -0.727488 2.000598
0.5862 0.4483 0.0000 0.0000 0.0000
0.5862 0.4828 0.0000 0.0000 0.0000
0.5862 0.5172 0.0000 0.0000 0.0000
0.5862 0.5517 0.0000 0.0000 0.0000
0.5862 0.5862 0.0000 0.0000 0.0000
0.5862 0.6207 0.0000 0.0000 0.0000
0.5862 0.6552 0.0000 0.0000 0.0000
0.5862 0.6897 0.0000 0.0000 0.0000
0.5862 0.7241 0.0000 0.0000 0.0000
0.5862 0.7586 0.0000 0.0000 0.0000
0.5862 0.7931 0.0000 0.0000 0.0000
0.5862 0.8276 0.0000 0.0000 0.0000
0.5862 0.8621 0.0000 0.0000 0.0000
0.5862 0.8966 0.0000 0.0000 0.0000
0.5862 0.9310 0.0000 0.0000 0.0000
0.5862 0.9655 0.0000 0.0000 0.0000
0.5862 1.0000 0.0000 0.0000 0.0000

0.6207 0.0000 0.0000 0.0000 0.0000
0.6207 0.0345 0.076502 0.997069 1.588484
0.6207 0.0690 0.185958 0.982558 1.306982
0.6207 0.1034 0.347248 0.937773 1.049872
0.6207 0.1379 0.578771 0.815490 0.839862
0.6207 0.1724 0.844545 0.535485 0.719452
0.6207 0.2069 0.993177 0.116616 0.734141
0.6207 0.2414 0.969775 -0.244003 0.877167
0.6207 0.2759 0.884166 -0.467172 1.099540
0.6207 0.3103 0.802443 -0.596729 1.362960
0.6207 0.3448 0.737454 -0.675398 1.647860
0.6207 0.3793 0.0000 0.0000 0.0000
0.6207 0.4138 0.0000 0.0000 0.0000
0.6207 0.4483 0.0000 0.0000 0.0000
0.6207 0.4828 0.0000 0.0000 0.0000
0.6207 0.5172 0.0000 0.0000 0.0000
0.6207 0.5517 0.0000 0.0000 0.0000
0.6207 0.5862 0.0000 0.0000 0.0000
0.6207 0.6207 0.0000 0.0000 0.0000
0.6207 0.6552 0.0000 0.0000 0.0000
0.6207 0.6897 0.0000 0.0000 0.0000
0.6207 0.7241 0.0000 0.0000 0.0000
0.6207 0.7586 0.0000 0.0000 0.0000
0.6207 0.7931 0.0000 0.0000 0.0000
0.6207 0.8276 0.0000 0.0000 0.0000
0.6207 0.8621 0.0000 0.0000 0.0000
0.6207 0.8966 0.0000 0.0000 0.0000
0.6207 0.9310 0.0000 0.0000 0.0000
0.6207 0.9655 0.0000 0.0000 0.0000
0.6207 1.0000 0.0000 0.0000 0.0000

0.6552 0.0000 0.0000 0.0000 0.0000
0.6552 0.0345 0.085964 0.996298 1.496622
0.6552 0.0690 0.213956 0.976843 1.202641
0.6552 0.1034 0.410049 0.912063 0.941274
0.6552 0.1379 0.688415 0.725317 0.747551
0.6552 0.1724 0.943504 0.331360 0.681801
0.6552 0.2069 0.993217 -0.116273 0.777210
0.6552 0.2414 0.911394 -0.411535 0.988151
0.6552 0.2759 0.818307 -0.574781 1.257781
0.6552 0.3103 0.744213 -0.667942 1.555881
0.6552 0.3448 0.0000 0.0000 0.0000
0.6552 0.3793 0.0000 0.0000 0.0000
0.6552 0.4138 0.0000 0.0000 0.0000
0.6552 0.4483 0.0000 0.0000 0.0000
0.6552 0.4828 0.0000 0.0000 0.0000
0.6552 0.5172 0.0000 0.0000 0.0000
0.6552 0.5517 0.0000 0.0000 0.0000
0.6552 0.5862 0.0000 0.0000 0.0000
0.6552 0.6207 0.0000 0.0000 0.0000
0.6552 0.6552 0.0000 0.0000 0.0000
0.6552 0.6897 0.0000 0.0000 0.0000
0.6552 0.7241 0.0000 0.0000 0.0000
0.6552 0.7586 0.0000 0.0000 0.0000
0.6552 0.7931 0.0000 0.0000 0.0000
0.6552 0.8276 0.0000 0.0000 0.0000
0.6552 0.8621 0.0000 0.0000 0.0000
0.6552 0.8966 0.0000 0.0000 0.0000
0.6552 0.9310 0.0000 0.0000 0.0000
0.6552 0.9655 0.0000 0.0000 0.0000
0.6552 1.0000 0.0000 0.0000 0.0000

0.6897 0.0000 0.0000 0.0000 0.0000
0.6897 0.0345 0.097975 0.995189 1.385978
0.6897 0.0690 0.251222 0.967930 1.081043
0.6897 0.1034 0.495858 0.868403 0.821550
0.6897 0.1379 0.819030 0.573751 0.663179
0.6897 0.1724 0.997555 0.069881 0.680618
0.6897 0.2069 0.943781 -0.330571 0.863277
0.6897 0.2414 0.838257 -0.545276 1.133943
0.6897 0.2759 0.752332 -0.658784 1.443945
0.6897 0.3103 0.0000 0.0000 0.0000
0.6897 0.3448 0.0000 0.0000 0.0000
0.6897 0.3793 0.0000 0.0000 0.0000
0.6897 0.4138 0.0000 0.0000 0.0000
0.6897 0.4483 0.0000 0.0000 0.0000
0.6897 0.4828 0.0000 0.0000 0.0000
0.6897 0.5172 0.0000 0.0000 0.0000
0.6897 0.5517 0.0000 0.0000 0.0000
0.6897 0.5862 0.0000 0.0000 0.0000
0.6897 0.6207 0.0000 0.0000 0.0000
0.6897 0.6552 0.0000 0.0000 0.0000
0.6897 0.6897 0.0000 0.0000 0.0000
0.6897 0.7241 0.0000 0.0000 0.0000
0.6897 0.7586 0.0000 0.0000 0.0000
0.6897 0.7931 0.0000 0.0000 0.0000
0.6897 0.8276 0.0000 0.0000 0.0000
0.6897 0.8621 0.0000 0.0000 0.0000
0.6897 0.8966 0.0000 0.0000 0.0000
0.6897 0.9310 0.0000 0.0000 0.0000
0.6897 0.9655 0.0000 0.0000 0.0000
0.6897 1.0000 0.0000 0.0000 0.0000

0.7241 0.0000 0.0000 0.0000 0.0000
0.7241 0.0345 0.113733 0.993511 1.256668
0.7241 0.0690 0.303037 0.952979 0.943284
0.7241 0.1034 0.615286 0.788304 0.696871
0.7241 0.1379 0.944030 0.329861 0.605596
0.7241 0.1724 0.978722 -0.205190 0.730162
0.7241 0.2069 0.864144 -0.503245 0.992370
0.7241 0.2414 0.762471 -0.647022 1.312149
0.7241 0.2759 0.0000 0.0000 0.0000
0.7241 0.3103 0.0000 0.0000 0.0000
0.7241 0.3448 0.0000 0.0000 0.0000
0.7241 0.3793 0.0000 0.0000 0.0000
0.7241 0.4138 0.0000 0.0000 0.0000
0.7241 0.4483 0.0000 0.0000 0.0000
0.7241 0.4828 0.0000 0.0000 0.0000
0.7241 0.5172 0.0000 0.0000 0.0000
0.7241 0.5517 0.0000 0.0000 0.0000
0.7241 0.5862 0.0000 0.0000 0.0000
0.7241 0.6207 0.0000 0.0000 0.0000
0.7241 0.6552 0.0000 0.0000 0.0000
0.7241 0.6897 0.0000 0.0000 0.0000
0.7241 0.7241 0.0000 0.0000 0.0000
0.7241 0.7586 0.0000 0.0000 0.0000
0.7241 0.7931 0.0000 0.0000 0.0000
0.7241 0.8276 0.0000 0.0000 0.0000
0.7241 0.8621 0.0000 0.0000 0.0000
0.7241 0.8966 0.0000 0.0000 0.0000
0.7241 0.9310 0.0000 0.0000 0.0000
0.7241 0.9655 0.0000 0.0000 0.0000
0.7241 1.0000 0.0000 0.0000 0.0000

0.7586 0.0000 0.0000 0.0000 0.0000
0.7586 0.0345 0.135324 0.990801 1.108892
0.7586 0.0690 0.379148 0.925336 0.791562
0.7586 0.1034 0.775725 0.631071 0.580332
0.7586 0.1379 1.000000 0.000000 0.600238
0.7586 0.1724 0.898659 -0.438648 0.834908
0.7586 0.2069 0.775725 -0.631071 1.160664
0.7586 0.2414 0.691049 -0.722808 1.520032
0.7586 0.2759 0.0000 0.0000 0.0000
0.7586 0.3103 0.0000 0.0000 0.0000
0.7586 0.3448 0.0000 0.0000 0.0000
0.7586 0.3793 0.0000 0.0000 0.0000
0.7586 0.4138 0.0000 0.0000 0.0000
0.7586 0.4483 0.0000 0.0000 0.0000
0.7586 0.4828 0.0000 0.0000 0.0000
0.7586 0.5172 0.0000 0.0000 0.0000
0.7586 0.5517 0.0000 0.0000 0.0000
0.7586 0.5862 0.0000 0.0000 0.0000
0.7586 0.6207 0.0000 0.0000 0.0000
0.7586 0.6552 0.0000 0.0000 0.0000
0.7586 0.6897 0.0000 0.0000 0.0000
0.7586 0.7241 0.0000 0.0000 0.0000
0.7586 0.7586 0.0000 0.0000 0.0000
0.7586 0.7931 0.0000 0.0000 0.0000
0.7586 0.8276 0.0000 0.0000 0.0000
0.7586 0.8621 0.0000 0.0000 0.0000
0.7586 0.8966 0.0000 0.0000 0.0000
0.7586 0.9310 0.0000 0.0000 0.0000
0.7586 0.9655 0.0000 0.0000 0.0000
0.7586 1.0000 0.0000 0.0000 0.0000

0.7931 0.0000 0.0000 0.0000 0.0000
0.7931 0.0345 0.166689 0.986010 0.943039
0.7931 0.0690 0.498329 0.866988 0.630883
0.7931 0.1034 0.944458 0.328631 0.499314
0.7931 0.1379 0.944458 -0.328631 0.665752
0.7931 0.1724 0.794051 -0.607851 0.989822
0.7931 0.2069 0.0000 0.0000 0.0000
0.7931 0.2414 0.0000 0.0000 0.0000
0.7931 0.2759 0.0000 0.0000 0.0000
0.7931 0.3103 0.0000 0.0000 0.0000
0.7931 0.3448 0.0000 0.0000 0.0000
0.7931 0.3793 0.0000 0.0000 0.0000
0.7931 0.4138 0.0000 0.0000 0.0000
0.7931 0.4483 0.0000 0.0000 0.0000
0.7931 0.4828 0.0000 0.0000 0.0000
0.7931 0.5172 0.0000 0.0000 0.0000
0.7931 0.5517 0.0000 0.0000 0.0000
0.7931 0.5862 0.0000 0.0000 0.0000
0.7931 0.6207 0.0000 0.0000 0.0000
0.7931 0.6552 0.0000 0.0000 0.0000
0.7931 0.6897 0.0000 0.0000 0.0000
0.7931 0.7241 0.0000 0.0000 0.0000
0.7931 0.7586 0.0000 0.0000 0.0000
0.7931 0.7931 0.0000 0.0000 0.0000
0.7931 0.8276 0.0000 0.0000 0.0000
0.7931 0.8621 0.0000 0.0000 0.0000
0.7931 0.8966 0.0000 0.0000 0.0000
0.7931 0.9310 0.0000 0.0000 0.0000
0.7931 0.9655 0.0000 0.0000 0.0000
0.7931 1.0000 0.0000 0.0000 0.0000

0.8276 0.0000 0.0000 0.0000 0.0000
0.8276 0.0345 0.216235 0.976341 0.759953
0.8276 0.0690 0.692428 0.721487 0.474644
0.8276 0.1034 0.993365 -0.115006 0.496277
0.8276 0.1379 0.821293 -0.570507 0.800339
0.8276 0.1724 0.0000 0.0000 0.0000
0.8276 0.2069 0.0000 0.0000 0.0000
0.8276 0.2414 0.0000 0.0000 0.0000
0.8276 0.2759 0.0000 0.0000 0.0000
0.8276 0.3103 0.0000 0.0000 0.0000
0.8276 0.3448 0.0000 0.0000 0.0000
0.8276 0.3793 0.0000 0.0000 0.0000
0.8276 0.4138 0.0000 0.0000 0.0000
0.8276 0.4483 0.0000 0.0000 0.0000
0.8276 0.4828 0.0000 0.0000 0.0000
0.8276 0.5172 0.0000 0.0000 0.0000
0.8276 0.5517 0.0000 0.0000 0.0000
0.8276 0.5862 0.0000 0.0000 0.0000
0.8276 0.6207 0.0000 0.0000 0.0000
0.8276 0.6552 0.0000 0.0000 0.0000
0.8276 0.6897 0.0000 0.0000 0.0000
0.8276 0.7241 0.0000 0.0000 0.0000
0.8276 0.7586 0.0000 0.0000 0.0000
0.8276 0.7931 0.0000 0.0000 0.0000
0.8276 0.8276 0.0000 0.0000 0.0000
0.8276 0.8621 0.0000 0.0000 0.0000
0.8276 0.8966 0.0000 0.0000 0.0000
0.8276 0.9310 0.0000 0.0000 0.0000
0.8276 0.9655 0.0000 0.0000 0.0000
0.8276 1.0000 0.0000 0.0000 0.0000

0.8621 0.0000 0.0000 0.0000 0.0000
0.8621 0.0345 0.305160 0.952301 0.561878
0.8621 0.0690 0.944815 0.327606 0.362955
0.8621 0.1034 0.865819 -0.500358 0.594105
0.8621 0.1379 0.693032 -0.720907 0.989637
0.8621 0.1724 0.0000 0.0000 0.0000
0.8621 0.2069 0.0000 0.0000 0.0000
0.8621 0.2414 0.0000 0.0000 0.0000
0.8621 0.2759 0.0000 0.0000 0.0000
0.8621 0.3103 0.0000 0.0000 0.0000
0.8621 0.3448 0.0000 0.0000 0.0000
0.8621 0.3793 0.0000 0.0000 0.0000
0.8621 0.4138 0.0000 0.0000 0.0000
0.8621 0.4483 0.0000 0.0000 0.0000
0.8621 0.4828 0.0000 0.0000 0.0000
0.8621 0.5172 0.0000 0.0000 0.0000
0.8621 0.5517 0.0000 0.0000 0.0000
0.8621 0.5862 0.0000 0.0000 0.0000
0.8621 0.6207 0.0000 0.0000 0.0000
0.8621 0.6552 0.0000 0.0000 0.0000
0.8621 0.6897 0.0000 0.0000 0.0000
0.8621 0.7241 0.0000 0.0000 0.0000
0.8621 0.7586 0.0000 0.0000 0.0000
0.8621 0.7931 0.0000 0.0000 0.0000
0.8621 0.8276 0.0000 0.0000 0.0000
0.8621 0.8621 0.0000 0.0000 0.0000
0.8621 0.8966 0.0000 0.0000 0.0000
0.8621 0.9310 0.0000 0.0000 0.0000
0.8621 0.9655 0.0000 0.0000 0.0000
0.8621 1.0000 0.0000 0.0000 0.0000

0.8966 0.0000 0.0000 0.0000 0.0000
0.8966 0.0345 0.500222 0.865897 0.357035
0.8966 0.0690 0.944971 -0.327154 0.377994
0.8966 0.1034 0.0000 0.0000 0.0000
0.8966 0.1379 0.0000 0.0000 0.0000
0.8966 0.1724 0.0000 0.0000 0.0000
0.8966 0.2069 0.0000 0.0000 0.0000
0.8966 0.2414 0.0000 0.0000 0.0000
0.8966 0.2759 0.0000 0.0000 0.0000
0.8966 0.3103 0.0000 0.0000 0.0000
0.8966 0.3448 0.0000 0.0000 0.0000
0.8966 0.3793 0.0000 0.0000 0.0000
0.8966 0.4138 0.0000 0.0000 0.0000
0.8966 0.4483 0.0000 0.0000 0.0000
0.8966 0.4828 0.0000 0.0000 0.0000
0.8966 0.5172 0.0000 0.0000 0.0000
0.8966 0.5517 0.0000 0.0000 0.0000
0.8966 0.5862 0.0000 0.0000 0.0000
0.8966 0.6207 0.0000 0.0000 0.0000
0.8966 0.6552 0.0000 0.0000 0.0000
0.8966 0.6897 0.0000 0.0000 0.0000
0.8966 0.7241 0.0000 0.0000 0.0000
0.8966 0.7586 0.0000 0.0000 0.0000
0.8966 0.7931 0.0000 0.0000 0.0000
0.8966 0.8276 0.0000 0.0000 0.0000
0.8966 0.8621 0.0000 0.0000 0.0000
0.8966 0.8966 0.0000 0.0000 0.0000
0.8966 0.9310 0.0000 0.0000 0.0000
0.8966 0.9655 0.0000 0.0000 0.0000
0.8966 1.0000 0.0000 0.0000 0.0000

0.9310 0.0000 0.0000 0.0000 0.0000
0.9310 0.0345 0.945115 0.326736 0.196517
0.9310 0.0690 0.694103 -0.719876 0.535169
0.9310 0.1034 0.0000 0.0000 0.0000
0.9310 0.1379 0.0000 0.0000 0.0000
0.9310 0.1724 0.0000 0.0000 0.0000
0.9310 0.2069 0.0000 0.0000 0.0000
0.9310 0.2414 0.0000 0.0000 0.0000
0.9310 0.2759 0.0000 0.0000 0.0000
0.9310 0.3103 0.0000 0.0000 0.0000
0.9310 0.3448 0.0000 0.0000 0.0000
0.9310 0.3793 0.0000 0.0000 0.0000
0.9310 0.4138 0.0000 0.0000 0.0000
0.9310 0.4483 0.0000 0.0000 0.0000
0.9310 0.4828 0.0000 0.0000 0.0000
0.9310 0.5172 0.0000 0.0000 0.0000
0.9310 0.5517 0.0000 0.0000 0.0000
0.9310 0.5862 0.0000 0.0000 0.0000
0.9310 0.6207 0.0000 0.0000 0.0000
0.9310 0.6552 0.0000 0.0000 0.0000
0.9310 0.6897 0.0000 0.0000 0.0000
0.9310 0.7241 0.0000 0.0000 0.0000
0.9310 0.7586 0.0000 0.0000 0.0000
0.9310 0.7931 0.0000 0.0000 0.0000
0.9310 0.8276 0.0000 0.0000 0.0000
0.9310 0.8621 0.0000 0.0000 0.0000
0.9310 0.8966 0.0000 0.0000 0.0000
0.9310 0.9310 0.0000 0.0000 0.0000
0.9310 0.9655 0.0000 0.0000 0.0000
0.9310 1.0000 0.0000 0.0000 0.0000

0.9655 0.0000 0.0000 0.0000 0.0000
0.9655 0.0345 0.0000 0.0000 0.0000
0.9655 0.0690 0.0000 0.0000 0.0000
0.9655 0.1034 0.0000 0.0000 0.0000
0.9655 0.1379 0.0000 0.0000 0.0000
0.9655 0.1724 0.0000 0.0000 0.0000
0.9655 0.2069 0.0000 0.0000 0.0000
0.9655 0.2414 0.0000 0.0000 0.0000
0.9655 0.2759 0.0000 0.0000 0.0000
0.9655 0.3103 0.0000 0.0000 0.0000
0.9655 0.3448 0.0000 0.0000 0.0000
0.9655 0.3793 0.0000 0.0000 0.0000
0.9655 0.4138 0.0000 0.0000 0.0000
0.9655 0.4483 0.0000 0.0000 0.0000
0.9655 0.4828 0.0000 0.0000 0.0000
0.9655 0.5172 0.0000 0.0000 0.0000
0.9655 0.5517 0.0000 0.0000 0.0000
0.9655 0.5862 0.0000 0.0000 0.0000
0.9655 0.6207 0.0000 0.0000 0.0000
0.9655 0.6552 0.0000 0.0000 0.0000
0.9655 0.6897 0.0000 0.0000 0.0000
0.9655 0.7241 0.0000 0.0000 0.0000
0.9655 0.7586 0.0000 0.0000 0.0000
0.9655 0.7931 0.0000 0.0000 0.0000
0.9655 0.8276 0.0000 0.0000 0.0000
0.9655 0.8621 0.0000 0.0000 0.0000
0.9655 0.8966 0.0000 0.0000 0.0000
0.9655 0.9310 0.0000 0.0000 0.0000
0.9655 0.9655 0.0000 0.0000 0.0000
0.9655 1.0000 0.0000 0.0000 0.0000

1.0000 0.0000 0.0000 0.0000 0.0000
1.0000 0.0345 0.0000 0.0000 0.0000
1.0000 0.0690 0.0000 0.0000 0.0000
1.0000 0.1034 0.0000 0.0000 0.0000
1.0000 0.1379 0.0000 0.0000 0.0000
1.0000 0.1724 0.0000 0.0000 0.0000
1.0000 0.2069 0.0000 0.0000 0.0000
1.0000 0.2414 0.0000 0.0000 0.0000
1.0000 0.2759 0.0000 0.0000 0.0000
1.0000 0.3103 0.0000 0.0000 0.0000
1.0000 0.3448 0.0000 0.0000 0.0000
1.0000 0.3793 0.0000 0.0000 0.0000
1.0000 0.4138 0.0000 0.0000 0.0000
1.0000 0.4483 0.0000 0.0000 0.0000
1.0000 0.4828 0.0000 0.0000 0.0000
1.0000 0.5172 0.0000 0.0000 0.0000
1.0000 0.5517 0.0000 0.0000 0.0000
1.0000 0.5862 0.0000 0.0000 0.0000
1.0000 0.6207 0.0000 0.0000 0.0000
1.0000 0.6552 0.0000 0.0000 0.0000
1.0000 0.6897 0.0000 0.0000 0.0000
1.0000 0.7241 0.0000 0.0000 0.0000
1.0000 0.7586 0.0000 0.0000 0.0000
1.0000 0.7931 0.0000 0.0000 0.0000
1.0000 0.8276 0.0000 0.0000 0.0000
1.0000 0.8621 0.0000 0.0000 0.0000
1.0000 0.8966 0.0000 0.0000 0.0000
1.0000 0.9310 0.0000 0.0000 0.0000
1.0000 0.9655 0.0000 0.0000 0.0000
1.0000 1.0000 0.0000 0.0000 0.0000

