0.0000 0.0000 0.000000 0.000000 0.000000
0.0000 0.0345 -1.000000 0.000000 0.006897
0.0000 0.0690 -1.000000 0.000000 0.013793
0.0000 0.1034 -1.000000 0.000000 0.020690
0.0000 0.1379 -1.000000 0.000000 0.027586
0.0000 0.1724 -1.000000 0.000000 0.034483
0.0000 0.2069 -1.000000 0.000000 0.041379
0.0000 0.2414 -1.000000 0.000000 0.048276
0.0000 0.2759 -1.000000 0.000000 0.055172
0.0000 0.3103 -1.000000 0.000000 0.062069
0.0000 0.3448 -1.000000 0.000000 0.068966
0.0000 0.3793 -1.000000 0.000000 0.075862
0.0000 0.4138 -1.000000 0.000000 0.082759
0.0000 0.4483 -1.000000 0.000000 0.089655
0.0000 0.4828 -1.000000 0.000000 0.096552
0.0000 0.5172 -1.000000 0.000000 0.103448
0.0000 0.5517 -1.000000 0.000000 0.110345
0.0000 0.5862 -1.000000 -0.000000 0.117241
0.0000 0.6207 -1.000000 -0.000000 0.124138
0.0000 0.6552 -1.000000 -0.000000 0.131034
0.0000 0.6897 -1.000000 -0.000000 0.137931
0.0000 0.7241 -1.000000 -0.000000 0.144828
0.0000 0.7586 -1.000000 -0.000000 0.151724
0.0000 0.7931 -1.000000 -0.000000 0.158621
0.0000 0.8276 -1.000000 -0.000000 0.165517
0.0000 0.8621 -1.000000 -0.000000 0.172414
0.0000 0.8966 -1.000000 -0.000000 0.179310
0.0000 0.9310 -1.000000 -0.000000 0.186207
0.0000 0.9655 -1.000000 -0.000000 0.193103
0.0000 1.0000 -1.000000 -0.000000 0.200000

0.0345 0.0000 0.000000 1.000000 0.665874
0.0345 0.0345 0.017521 0.999846 0.624353
0.0345 0.0690 0.037525 0.999296 0.583050
0.0345 0.1034 0.060548 0.998165 0.542017
0.0345 0.1379 0.087285 0.996183 0.501319
0.0345 0.1724 0.118637 0.992938 0.461044
0.0345 0.2069 0.155789 0.987790 0.421315
0.0345 0.2414 0.200301 0.979734 0.382302
0.0345 0.2759 0.254221 0.967146 0.344247
0.0345 0.3103 0.320169 0.947360 0.307507
0.0345 0.3448 0.401276 0.915957 0.272614
0.0345 0.3793 0.500607 0.865675 0.240374
0.0345 0.4138 0.619208 0.785227 0.212000
0.0345 0.4483 0.751486 0.659749 0.189241
0.0345 0.4828 0.878625 0.477513 0.174308
0.0345 0.5172 0.969311 0.245840 0.169286
0.0345 0.5517 1.000000 0.000000 0.175030
0.0345 0.5862 0.975863 -0.218384 0.190569
0.0345 0.6207 0.921090 -0.389350 0.213778
0.0345 0.6552 0.857233 -0.514928 0.242464
0.0345 0.6897 0.795829 -0.605522 0.274917
0.0345 0.7241 0.741154 -0.671335 0.309958
0.0345 0.7586 0.693958 -0.720016 0.346802
0.0345 0.7931 0.653636 -0.756809 0.384932
0.0345 0.8276 0.619208 -0.785227 0.424001
0.0345 0.8621 0.589695 -0.807626 0.463772
0.0345 0.8966 0.564244 -0.825608 0.504078
0.0345 0.9310 0.542147 -0.840284 0.544802
0.0345 0.9655 0.522829 -0.852438 0.585856
0.0345 1.0000 0.0000 0.0000 0.0000

0.0690 0.0000 0.000000 1.000000 1.284185
0.0690 0.0345 0.023954 0.999713 1.201296
0.0690 0.0690 0.051421 0.998677 1.119198
0.0690 0.1034 0.083159 0.996536 1.038078
0.0690 0.1379 0.120124 0.992759 0.958187
0.0690 0.1724 0.163522 0.986540 0.879857
0.0690 0.2069 0.214862 0.976644 0.803547
0.0690 0.2414 0.275969 0.961167 0.729890
0.0690 0.2759 0.348910 0.937156 0.659774
0.0690 0.3103 0.435655 0.900114 0.594455
0.0690 0.3448 0.537163 0.843479 0.535690
0.0690 0.3793 0.651476 0.758669 0.485863
0.0690 0.4138 0.770826 0.637046 0.447965
0.0690 0.4483 0.879770 0.475400 0.425200
0.0690 0.4828 0.959095 0.283086 0.420035
0.0690 0.5172 0.996602 0.082364 0.433101
0.0690 0.5517 0.994706 -0.102759 0.462854
0.0690 0.5862 0.966063 -0.258306 0.506364
0.0690 0.6207 0.924203 -0.381902 0.560434
0.0690 0.6552 0.878537 -0.477674 0.622319
0.0690 0.6897 0.834165 -0.551514 0.689918
0.0690 0.7241 0.793320 -0.608805 0.761711
0.0690 0.7586 0.756682 -0.653783 0.836620
0.0690 0.7931 0.724200 -0.689590 0.913879
0.0690 0.8276 0.695517 -0.718509 0.992939
0.0690 0.8621 0.670188 -0.742192 1.073403
0.0690 0.8966 0.647768 -0.761838 1.154977
0.0690 0.9310 0.627854 -0.778331 1.237441
0.0690 0.9655 0.0000 0.0000 0.0000
0.0690 1.0000 0.0000 0.0000 0.0000

0.1034 0.0000 0.000000 1.000000 1.854935
0.1034 0.0345 0.026932 0.999637 1.730711
0.1034 0.0690 0.057976 0.998318 1.607936
0.1034 0.1034 0.094039 0.995568 1.486970
0.1034 0.1379 0.136261 0.990673 1.368291
0.1034 0.1724 0.186065 0.982537 1.252551
0.1034 0.2069 0.245184 0.969477 1.140643
0.1034 0.2414 0.315607 0.948890 1.033813
0.1034 0.2759 0.399322 0.916811 0.933806
0.1034 0.3103 0.497596 0.867409 0.843054
0.1034 0.3448 0.609410 0.792855 0.764857
0.1034 0.3793 0.728904 0.684616 0.703416
0.1034 0.4138 0.843130 0.537710 0.663402
0.1034 0.4483 0.933958 0.357382 0.648793
0.1034 0.4828 0.986818 0.161832 0.661273
0.1034 0.5172 0.999675 -0.025502 0.699395
0.1034 0.5517 0.982185 -0.187918 0.759306
0.1034 0.5862 0.947454 -0.319894 0.836337
0.1034 0.6207 0.905829 -0.423644 0.926225
0.1034 0.6552 0.863510 -0.504332 1.025596
0.1034 0.6897 0.823551 -0.567242 1.131956
0.1034 0.7241 0.787154 -0.616757 1.243511
0.1034 0.7586 0.754568 -0.656222 1.358984
0.1034 0.7931 0.725610 -0.688106 1.477456
0.1034 0.8276 0.699929 -0.714213 1.598261
0.1034 0.8621 0.677131 -0.735862 1.720906
0.1034 0.8966 0.656842 -0.754028 1.845025
0.1034 0.9310 0.0000 0.0000 0.0000
0.1034 0.9655 0.0000 0.0000 0.0000
0.1034 1.0000 0.0000 0.0000 0.0000

0.1379 0.0000 0.000000 1.000000 2.378121
0.1379 0.0345 0.029127 0.999576 2.212592
0.1379 0.0690 0.062898 0.998020 2.049242
0.1379 0.1034 0.102371 0.994746 1.888638
0.1379 0.1379 0.148878 0.988856 1.731544
0.1379 0.1724 0.204075 0.978955 1.579008
0.1379 0.2069 0.269938 0.962878 1.432487
0.1379 0.2414 0.348625 0.937262 1.294026
0.1379 0.2759 0.441987 0.897021 1.166498
0.1379 0.3103 0.550371 0.834920 1.053879
0.1379 0.3448 0.670330 0.742063 0.961423
0.1379 0.3793 0.791735 0.610865 0.895399
0.1379 0.4138 0.897278 0.441465 0.861901
0.1379 0.4483 0.968884 0.247515 0.864719
0.1379 0.4828 0.998613 0.052642 0.903512
0.1379 0.5172 0.992520 -0.122081 0.973992
0.1379 0.5517 0.963772 -0.266727 1.069914
0.1379 0.5862 0.924466 -0.381264 1.185117
0.1379 0.6207 0.882473 -0.470363 1.314542
0.1379 0.6552 0.841927 -0.539592 1.454396
0.1379 0.6897 0.804608 -0.593807 1.601950
0.1379 0.7241 0.771046 -0.636780 1.755264
0.1379 0.7586 0.741176 -0.671310 1.912953
0.1379 0.7931 0.714691 -0.699441 2.074020
0.1379 0.8276 0.691203 -0.722660 2.237735
0.1379 0.8621 0.670330 -0.742063 2.403557
0.1379 0.8966 0.0000 0.0000 0.0000
0.1379 0.9310 0.0000 0.0000 0.0000
0.1379 0.9655 0.0000 0.0000 0.0000
0.1379 1.0000 0.0000 0.0000 0.0000

0.1724 0.0000 0.000000 1.000000 2.853746
0.1724 0.0345 0.031086 0.999517 2.646939
0.1724 0.0690 0.067359 0.997729 2.443123
0.1724 0.1034 0.110048 0.993926 2.243113
0.1724 0.1379 0.160707 0.987002 2.048023
0.1724 0.1724 0.221262 0.975214 1.859404
0.1724 0.2069 0.293966 0.955816 1.679437
0.1724 0.2414 0.381138 0.924518 1.511215
0.1724 0.2759 0.484335 0.874883 1.359109
0.1724 0.3103 0.602505 0.798115 1.229114
0.1724 0.3448 0.728880 0.684642 1.128896
0.1724 0.3793 0.848374 0.529398 1.066880
0.1724 0.4138 0.940506 0.339778 1.049856
0.1724 0.4483 0.990484 0.137628 1.079956
0.1724 0.4828 0.998671 -0.051542 1.153495
0.1724 0.5172 0.977304 -0.211843 1.262908
0.1724 0.5517 0.940506 -0.339778 1.399809
0.1724 0.5862 0.898423 -0.439131 1.556962
0.1724 0.6207 0.856691 -0.515830 1.728855
0.1724 0.6552 0.817874 -0.575398 1.911514
0.1724 0.6897 0.782852 -0.622209 2.102135
0.1724 0.7241 0.751692 -0.659515 2.298739
0.1724 0.7586 0.724115 -0.689679 2.499914
0.1724 0.7931 0.699727 -0.714411 2.704640
0.1724 0.8276 0.678117 -0.734954 2.912169
0.1724 0.8621 0.0000 0.0000 0.0000
0.1724 0.8966 0.0000 0.0000 0.0000
0.1724 0.9310 0.0000 0.0000 0.0000
0.1724 0.9655 0.0000 0.0000 0.0000
0.1724 1.0000 0.0000 0.0000 0.0000

0.2069 0.0000 0.000000 1.000000 3.281807
0.2069 0.0345 0.033002 0.999455 3.033757
0.2069 0.0690 0.071780 0.997420 2.789598
0.2069 0.1034 0.117766 0.993041 2.550447
0.2069 0.1379 0.172779 0.984961 2.317855
0.2069 0.1724 0.239060 0.971005 2.094010
0.2069 0.2069 0.319183 0.947693 1.882034
0.2069 0.2414 0.415576 0.909558 1.686410
0.2069 0.2759 0.529208 0.848492 1.513491
0.2069 0.3103 0.656809 0.754057 1.371890
0.2069 0.3448 0.787031 0.616913 1.272108
0.2069 0.3793 0.899458 0.437007 1.224413
0.2069 0.4138 0.972930 0.231100 1.234854
0.2069 0.4483 0.999625 0.027397 1.302035
0.2069 0.4828 0.988542 -0.150948 1.417912
0.2069 0.5172 0.955484 -0.295043 1.571752
0.2069 0.5517 0.913498 -0.406843 1.753591
0.2069 0.5862 0.870316 -0.492494 1.955636
0.2069 0.6207 0.829617 -0.558333 2.172256
0.2069 0.6552 0.792771 -0.609519 2.399506
0.2069 0.6897 0.760021 -0.649899 2.634636
0.2069 0.7241 0.731121 -0.682248 2.875716
0.2069 0.7586 0.705658 -0.708553 3.121366
0.2069 0.7931 0.683185 -0.730245 3.370587
0.2069 0.8276 0.0000 0.0000 0.0000
0.2069 0.8621 0.0000 0.0000 0.0000
0.2069 0.8966 0.0000 0.0000 0.0000
0.2069 0.9310 0.0000 0.0000 0.0000
0.2069 0.9655 0.0000 0.0000 0.0000
0.2069 1.0000 0.0000 0.0000 0.0000

0.2414 0.0000 0.000000 1.000000 3.662307
0.2414 0.0345 0.034970 0.999388 3.373050
0.2414 0.0690 0.076379 0.997079 3.088689
0.2414 0.1034 0.125899 0.992043 2.810712
0.2414 0.1379 0.185667 0.982613 2.541212
0.2414 0.1724 0.258311 0.966062 2.283195
0.2414 0.2069 0.346753 0.937957 2.041019
0.2414 0.2414 0.453419 0.891297 1.821017
0.2414 0.2759 0.578147 0.815933 1.632178
0.2414 0.3103 0.714190 0.699951 1.486429
0.2414 0.3448 0.844152 0.536104 1.397318
0.2414 0.3793 0.943025 0.332721 1.375894
0.2414 0.4138 0.993155 0.116803 1.425213
0.2414 0.4483 0.996702 -0.081152 1.538487
0.2414 0.4828 0.969681 -0.244375 1.703001
0.2414 0.5172 0.928520 -0.371283 1.905530
0.2414 0.5517 0.883853 -0.467765 2.135284
0.2414 0.5862 0.840978 -0.541070 2.384406
0.2414 0.6207 0.801979 -0.597352 2.647434
0.2414 0.6552 0.767353 -0.641225 2.920614
0.2414 0.6897 0.736907 -0.675994 3.201347
0.2414 0.7241 0.710202 -0.703998 3.487810
0.2414 0.7586 0.686745 -0.726898 3.778701
0.2414 0.7931 0.0000 0.0000 0.0000
0.2414 0.8276 0.0000 0.0000 0.0000
0.2414 0.8621 0.0000 0.0000 0.0000
0.2414 0.8966 0.0000 0.0000 0.0000
0.2414 0.9310 0.0000 0.0000 0.0000
0.2414 0.9655 0.0000 0.0000 0.0000
0.2414 1.0000 0.0000 0.0000 0.0000

0.2759 0.0000 0.000000 1.000000 3.995244
0.2759 0.0345 0.037052 0.999313 3.664823
0.2759 0.0690 0.081301 0.996690 3.340428
0.2759 0.1034 0.134713 0.990885 3.023998
0.2759 0.1379 0.199816 0.979833 2.718315
0.2759 0.1724 0.279699 0.960088 2.427444
0.2759 0.2069 0.377654 0.925947 2.157383
0.2759 0.2414 0.495858 0.868403 1.916949
0.2759 0.2759 0.632092 0.774894 1.718620
0.2759 0.3103 0.774300 0.632819 1.578351
0.2759 0.3448 0.897860 0.440282 1.512382
0.2759 0.3793 0.976048 0.217556 1.530353
0.2759 0.4138 1.000000 0.000000 1.629489
0.2759 0.4483 0.982675 -0.185336 1.796402
0.2759 0.4828 0.943781 -0.330571 2.014313
0.2759 0.5172 0.897860 -0.440282 2.268573
0.2759 0.5517 0.852580 -0.522597 2.548326
0.2759 0.5862 0.811100 -0.584908 2.846064
0.2759 0.6207 0.774300 -0.632819 3.156702
0.2759 0.6552 0.742072 -0.670320 3.476784
0.2759 0.6897 0.713950 -0.700196 3.803927
0.2759 0.7241 0.689384 -0.724396 4.136455
0.2759 0.7586 0.0000 0.0000 0.0000
0.2759 0.7931 0.0000 0.0000 0.0000
0.2759 0.8276 0.0000 0.0000 0.0000
0.2759 0.8621 0.0000 0.0000 0.0000
0.2759 0.8966 0.0000 0.0000 0.0000
0.2759 0.9310 0.0000 0.0000 0.0000
0.2759 0.9655 0.0000 0.0000 0.0000
0.2759 1.0000 0.0000 0.0000 0.0000

0.3103 0.0000 0.000000 1.000000 4.280618
0.3103 0.0345 0.039300 0.999227 3.909084
0.3103 0.0690 0.086676 0.996237 3.544851
0.3103 0.1034 0.144457 0.989511 3.190420
0.3103 0.1379 0.215658 0.976469 2.849452
0.3103 0.1724 0.303922 0.952697 2.527402
0.3103 0.2069 0.412888 0.910782 2.232470
0.3103 0.2414 0.543994 0.839089 1.976834
0.3103 0.2759 0.691417 0.722456 1.777528
0.3103 0.3103 0.835417 0.549617 1.655029
0.3103 0.3448 0.944359 0.328917 1.626783
0.3103 0.3793 0.995519 0.094564 1.697500
0.3103 0.4138 0.993328 -0.115324 1.855902
0.3103 0.4483 0.959211 -0.282692 2.082072
0.3103 0.4828 0.912668 -0.408702 2.356578
0.3103 0.5172 0.864845 -0.502039 2.664523
0.3103 0.5517 0.820543 -0.571585 2.995611
0.3103 0.5862 0.781237 -0.624235 3.342973
0.3103 0.6207 0.746963 -0.664866 3.702032
0.3103 0.6552 0.717230 -0.696836 4.069692
0.3103 0.6897 0.691417 -0.722456 4.443820
0.3103 0.7241 0.0000 0.0000 0.0000
0.3103 0.7586 0.0000 0.0000 0.0000
0.3103 0.7931 0.0000 0.0000 0.0000
0.3103 0.8276 0.0000 0.0000 0.0000
0.3103 0.8621 0.0000 0.0000 0.0000
0.3103 0.8966 0.0000 0.0000 0.0000
0.3103 0.9310 0.0000 0.0000 0.0000
0.3103 0.9655 0.0000 0.0000 0.0000
0.3103 1.0000 0.0000 0.0000 0.0000

0.3448 0.0000 0.000000 1.000000 4.518430
0.3448 0.0345 0.041761 0.999128 4.105841
0.3448 0.0690 0.092632 0.995700 3.702005
0.3448 0.1034 0.155398 0.987852 3.310128
0.3448 0.1379 0.233679 0.972314 2.935005
0.3448 0.1724 0.331785 0.943355 2.583941
0.3448 0.2069 0.453577 0.891217 2.268138
0.3448 0.2414 0.598822 0.800882 2.004330
0.3448 0.2759 0.755620 0.655010 1.815331
0.3448 0.3103 0.894124 0.447820 1.725894
0.3448 0.3448 0.979037 0.203683 1.751339
0.3448 0.3793 0.999504 -0.031506 1.887025
0.3448 0.4138 0.974308 -0.225221 2.111808
0.3448 0.4483 0.928449 -0.371459 2.400791
0.3448 0.4828 0.878108 -0.478462 2.733690
0.3448 0.5172 0.830630 -0.556825 3.096372
0.3448 0.5517 0.788439 -0.615113 3.479536
0.3448 0.5862 0.751812 -0.659377 3.877115
0.3448 0.6207 0.720246 -0.693718 4.285098
0.3448 0.6552 0.693032 -0.720907 4.700777
0.3448 0.6897 0.0000 0.0000 0.0000
0.3448 0.7241 0.0000 0.0000 0.0000
0.3448 0.7586 0.0000 0.0000 0.0000
0.3448 0.7931 0.0000 0.0000 0.0000
0.3448 0.8276 0.0000 0.0000 0.0000
0.3448 0.8621 0.0000 0.0000 0.0000
0.3448 0.8966 0.0000 0.0000 0.0000
0.3448 0.9310 0.0000 0.0000 0.0000
0.3448 0.9655 0.0000 0.0000 0.0000
0.3448 1.0000 0.0000 0.0000 0.0000

0.3793 0.0000 0.000000 1.000000 4.708680
0.3793 0.0345 0.044487 0.999010 4.255105
0.3793 0.0690 0.099318 0.995056 3.811951
0.3793 0.1034 0.167852 0.985812 3.383317
0.3793 0.1379 0.254478 0.967079 2.975484
0.3793 0.1724 0.364279 0.931290 2.598265
0.3793 0.2069 0.501011 0.865441 2.266995
0.3793 0.2414 0.661029 0.750360 2.004586
0.3793 0.2759 0.822713 0.568457 1.840725
0.3793 0.3103 0.945184 0.326540 1.802492
0.3793 0.3448 0.997621 0.068931 1.897498
0.3793 0.3793 0.987893 -0.155134 2.107801
0.3793 0.4138 0.945184 -0.326540 2.403323
0.3793 0.4483 0.892660 -0.450730 2.756793
0.3793 0.4828 0.841659 -0.540009 3.148755
0.3793 0.5172 0.796143 -0.605109 3.566542
0.3793 0.5517 0.756802 -0.653645 4.002073
0.3793 0.5862 0.723140 -0.690702 4.450142
0.3793 0.6207 0.694345 -0.719642 4.907316
0.3793 0.6552 0.0000 0.0000 0.0000
0.3793 0.6897 0.0000 0.0000 0.0000
0.3793 0.7241 0.0000 0.0000 0.0000
0.3793 0.7586 0.0000 0.0000 0.0000
0.3793 0.7931 0.0000 0.0000 0.0000
0.3793 0.8276 0.0000 0.0000 0.0000
0.3793 0.8621 0.0000 0.0000 0.0000
0.3793 0.8966 0.0000 0.0000 0.0000
0.3793 0.9310 0.0000 0.0000 0.0000
0.3793 0.9655 0.0000 0.0000 0.0000
0.3793 1.0000 0.0000 0.0000 0.0000

0.4138 0.0000 0.000000 1.000000 4.851367
0.4138 0.0345 0.047542 0.998869 4.356888
0.4138 0.0690 0.106915 0.994268 3.874766
0.4138 0.1034 0.182217 0.983258 3.410244
0.4138 0.1379 0.278820 0.960343 2.971588
0.4138 0.1724 0.402661 0.915349 2.572068
0.4138 0.2069 0.556616 0.830770 2.232790
0.4138 0.2414 0.730489 0.682924 1.984890
0.4138 0.2759 0.888433 0.459007 1.865166
0.4138 0.3103 0.982180 0.187941 1.898032
0.4138 0.3448 0.997636 -0.068723 2.076252
0.4138 0.3793 0.962511 -0.271243 2.367223
0.4138 0.4138 0.908752 -0.417337 2.735194
0.4138 0.4483 0.853939 -0.520373 3.153324
0.4138 0.4828 0.804585 -0.593838 3.604197
0.4138 0.5172 0.762090 -0.647471 4.076964
0.4138 0.5517 0.726018 -0.687675 4.564829
0.4138 0.5862 0.695435 -0.718589 5.063429
0.4138 0.6207 0.0000 0.0000 0.0000
0.4138 0.6552 0.0000 0.0000 0.0000
0.4138 0.6897 0.0000 0.0000 0.0000
0.4138 0.7241 0.0000 0.0000 0.0000
0.4138 0.7586 0.0000 0.0000 0.0000
0.4138 0.7931 0.0000 0.0000 0.0000
0.4138 0.8276 0.0000 0.0000 0.0000
0.4138 0.8621 0.0000 0.0000 0.0000
0.4138 0.8966 0.0000 0.0000 0.0000
0.4138 0.9310 0.0000 0.0000 0.0000
0.4138 0.9655 0.0000 0.0000 0.0000
0.4138 1.0000 0.0000 0.0000 0.0000

0.4483 0.0000 0.000000 1.000000 4.946492
0.4483 0.0345 0.051000 0.998699 4.411210
0.4483 0.0690 0.115650 0.993290 3.890552
0.4483 0.1034 0.199015 0.979997 3.391262
0.4483 0.1379 0.307725 0.951475 2.924303
0.4483 0.1724 0.448541 0.893762 2.507802
0.4483 0.2069 0.621752 0.783214 2.170998
0.4483 0.2414 0.805309 0.592855 1.955511
0.4483 0.2759 0.945744 0.324912 1.903012
0.4483 0.3103 0.999272 0.038145 2.026207
0.4483 0.3448 0.979409 -0.201887 2.297000
0.4483 0.3793 0.926542 -0.376191 2.670869
0.4483 0.4138 0.867810 -0.496896 3.110869
0.4483 0.4483 0.814024 -0.580831 3.592785
0.4483 0.4828 0.767841 -0.640640 4.101870
0.4483 0.5172 0.728976 -0.684539 4.629169
0.4483 0.5517 0.696353 -0.717700 5.169111
0.4483 0.5862 0.0000 0.0000 0.0000
0.4483 0.6207 0.0000 0.0000 0.0000
0.4483 0.6552 0.0000 0.0000 0.0000
0.4483 0.6897 0.0000 0.0000 0.0000
0.4483 0.7241 0.0000 0.0000 0.0000
0.4483 0.7586 0.0000 0.0000 0.0000
0.4483 0.7931 0.0000 0.0000 0.0000
0.4483 0.8276 0.0000 0.0000 0.0000
0.4483 0.8621 0.0000 0.0000 0.0000
0.4483 0.8966 0.0000 0.0000 0.0000
0.4483 0.9310 0.0000 0.0000 0.0000
0.4483 0.9655 0.0000 0.0000 0.0000
0.4483 1.0000 0.0000 0.0000 0.0000

0.4828 0.0000 0.000000 1.000000 4.994055
0.4828 0.0345 0.054957 0.998489 4.418092
0.4828 0.0690 0.125824 0.992053 3.859448
0.4828 0.1034 0.218951 0.975736 3.326859
0.4828 0.1379 0.342578 0.939489 2.835046
0.4828 0.1724 0.503932 0.863743 2.409115
0.4828 0.2069 0.697137 0.716938 2.089743
0.4828 0.2414 0.880388 0.474254 1.930562
0.4828 0.2759 0.985627 0.168937 1.970776
0.4828 0.3103 0.993535 -0.113528 2.199476
0.4828 0.3448 0.945962 -0.324277 2.566764
0.4828 0.3793 0.883652 -0.468144 3.022534
0.4828 0.4138 0.824772 -0.565466 3.532703
0.4828 0.4483 0.774235 -0.632898 4.076901
0.4828 0.4828 0.732104 -0.681193 4.643177
0.4828 0.5172 0.0000 0.0000 0.0000
0.4828 0.5517 0.0000 0.0000 0.0000
0.4828 0.5862 0.0000 0.0000 0.0000
0.4828 0.6207 0.0000 0.0000 0.0000
0.4828 0.6552 0.0000 0.0000 0.0000
0.4828 0.6897 0.0000 0.0000 0.0000
0.4828 0.7241 0.0000 0.0000 0.0000
0.4828 0.7586 0.0000 0.0000 0.0000
0.4828 0.7931 0.0000 0.0000 0.0000
0.4828 0.8276 0.0000 0.0000 0.0000
0.4828 0.8621 0.0000 0.0000 0.0000
0.4828 0.8966 0.0000 0.0000 0.0000
0.4828 0.9310 0.0000 0.0000 0.0000
0.4828 0.9655 0.0000 0.0000 0.0000
0.4828 1.0000 0.0000 0.0000 0.0000

0.5172 0.0000 0.000000 1.000000 4.994055
0.5172 0.0345 0.059540 0.998226 4.377564
0.5172 0.0690 0.137846 0.990454 3.781642
0.5172 0.1034 0.243005 0.970025 3.217736
0.5172 0.1379 0.385289 0.922796 2.705937
0.5172 0.1724 0.571187 0.820820 2.281584
0.5172 0.2069 0.781495 0.623912 2.001105
0.5172 0.2414 0.946150 0.323728 1.928335
0.5172 0.2759 1.000000 0.000000 2.085137
0.5172 0.3103 0.966367 -0.257169 2.427421
0.5172 0.3448 0.901869 -0.432009 2.890020
0.5172 0.3793 0.837217 -0.546871 3.424517
0.5172 0.4138 0.781495 -0.623912 4.002210
0.5172 0.4483 0.735498 -0.677527 4.606877
0.5172 0.4828 0.0000 0.0000 0.0000
0.5172 0.5172 0.0000 0.0000 0.0000
0.5172 0.5517 0.0000 0.0000 0.0000
0.5172 0.5862 0.0000 0.0000 0.0000
0.5172 0.6207 0.0000 0.0000 0.0000
0.5172 0.6552 0.0000 0.0000 0.0000
0.5172 0.6897 0.0000 0.0000 0.0000
0.5172 0.7241 0.0000 0.0000 0.0000
0.5172 0.7586 0.0000 0.0000 0.0000
0.5172 0.7931 0.0000 0.0000 0.0000
0.5172 0.8276 0.0000 0.0000 0.0000
0.5172 0.8621 0.0000 0.0000 0.0000
0.5172 0.8966 0.0000 0.0000 0.0000
0.5172 0.9310 0.0000 0.0000 0.0000
0.5172 0.9655 0.0000 0.0000 0.0000
0.5172 1.0000 0.0000 0.0000 0.0000

0.5517 0.0000 0.000000 1.000000 4.946492
0.5517 0.0345 0.064918 0.997891 4.289667
0.5517 0.0690 0.152282 0.988337 3.657400
0.5517 0.1034 0.272579 0.962134 3.064928
0.5517 0.1379 0.438505 0.898729 2.540250
0.5517 0.1724 0.652488 0.757799 2.133972
0.5517 0.2069 0.869034 0.494753 1.922674
0.5517 0.2414 0.989453 0.144851 1.970124
0.5517 0.2759 0.985726 -0.168356 2.260084
0.5517 0.3103 0.922805 -0.385268 2.715962
0.5517 0.3448 0.851858 -0.523773 3.269066
0.5517 0.3793 0.789903 -0.613231 3.878016
0.5517 0.4138 0.739273 -0.673406 4.520299
0.5517 0.4483 0.698406 -0.715702 5.183539
0.5517 0.4828 0.0000 0.0000 0.0000
0.5517 0.5172 0.0000 0.0000 0.0000
0.5517 0.5517 0.0000 0.0000 0.0000
0.5517 0.5862 0.0000 0.0000 0.0000
0.5517 0.6207 0.0000 0.0000 0.0000
0.5517 0.6552 0.0000 0.0000 0.0000
0.5517 0.6897 0.0000 0.0000 0.0000
0.5517 0.7241 0.0000 0.0000 0.0000
0.5517 0.7586 0.0000 0.0000 0.0000
0.5517 0.7931 0.0000 0.0000 0.0000
0.5517 0.8276 0.0000 0.0000 0.0000
0.5517 0.8621 0.0000 0.0000 0.0000
0.5517 0.8966 0.0000 0.0000 0.0000
0.5517 0.9310 0.0000 0.0000 0.0000
0.5517 0.9655 0.0000 0.0000 0.0000
0.5517 1.0000 0.0000 0.0000 0.0000

0.5862 0.0000 0.000000 1.000000 4.851367
0.5862 0.0345 0.071324 0.997453 4.154457
0.5862 0.0690 0.169948 0.985453 3.487112
0.5862 0.1034 0.309732 0.950824 2.870031
0.5862 0.1379 0.505813 0.862643 2.343267
0.5862 0.1724 0.748171 0.663506 1.980256
0.5862 0.2069 0.946457 0.322829 1.878461
0.5862 0.2414 0.998815 -0.048670 2.076658
0.5862 0.2759 0.946457 -0.322829 2.504615
0.5862 0.3103 0.869343 -0.494209 3.067633
0.5862 0.3448 0.799846 -0.600205 3.704637
0.5862 0.3793 0.743575 -0.668653 4.383491
0.5862 0.4138 0.698926 -0.715194 5.087470
0.5862 0.4483 0.0000 0.0000 0.0000
0.5862 0.4828 0.0000 0.0000 0.0000
0.5862 0.5172 0.0000 0.0000 0.0000
0.5862 0.5517 0.0000 0.0000 0.0000
0.5862 0.5862 0.0000 0.0000 0.0000
0.5862 0.6207 0.0000 0.0000 0.0000
0.5862 0.6552 0.0000 0.0000 0.0000
0.5862 0.6897 0.0000 0.0000 0.0000
0.5862 0.7241 0.0000 0.0000 0.0000
0.5862 0.7586 0.0000 0.0000 0.0000
0.5862 0.7931 0.0000 0.0000 0.0000
0.5862 0.8276 0.0000 0.0000 0.0000
0.5862 0.8621 0.0000 0.0000 0.0000
0.5862 0.8966 0.0000 0.0000 0.0000
0.5862 0.9310 0.0000 0.0000 0.0000
0.5862 0.9655 0.0000 0.0000 0.0000
0.5862 1.0000 0.0000 0.0000 0.0000

0.6207 0.0000 0.000000 1.000000 4.708680
0.6207 0.0345 0.079091 0.996867 3.972015
0.6207 0.0690 0.192060 0.981383 3.271366
0.6207 0.1034 0.357582 0.933882 2.635618
0.6207 0.1379 0.591655 0.806191 2.123872
0.6207 0.1724 0.852499 0.522729 1.842523
0.6207 0.2069 0.993615 0.112825 1.897012
0.6207 0.2414 0.971650 -0.236424 2.263211
0.6207 0.2759 0.890483 -0.455016 2.822286
0.6207 0.3103 0.811861 -0.583851 3.482554
0.6207 0.3448 0.748596 -0.663026 4.196519
0.6207 0.3793 0.699388 -0.714742 4.940958
0.6207 0.4138 0.0000 0.0000 0.0000
0.6207 0.4483 0.0000 0.0000 0.0000
0.6207 0.4828 0.0000 0.0000 0.0000
0.6207 0.5172 0.0000 0.0000 0.0000
0.6207 0.5517 0.0000 0.0000 0.0000
0.6207 0.5862 0.0000 0.0000 0.0000
0.6207 0.6207 0.0000 0.0000 0.0000
0.6207 0.6552 0.0000 0.0000 0.0000
0.6207 0.6897 0.0000 0.0000 0.0000
0.6207 0.7241 0.0000 0.0000 0.0000
0.6207 0.7586 0.0000 0.0000 0.0000
0.6207 0.7931 0.0000 0.0000 0.0000
0.6207 0.8276 0.0000 0.0000 0.0000
0.6207 0.8621 0.0000 0.0000 0.0000
0.6207 0.8966 0.0000 0.0000 0.0000
0.6207 0.9310 0.0000 0.0000 0.0000
0.6207 0.9655 0.0000 0.0000 0.0000
0.6207 1.0000 0.0000 0.0000 0.0000

0.6552 0.0000 0.000000 1.000000 4.518430
0.6552 0.0345 0.088708 0.996058 3.742459
0.6552 0.0690 0.220508 0.975385 3.011098
0.6552 0.1034 0.420931 0.907093 2.366081
0.6552 0.1379 0.699801 0.714338 1.897602
0.6552 0.1724 0.946698 0.322122 1.753387
0.6552 0.2069 0.993629 -0.112697 2.004685
0.6552 0.2414 0.916166 -0.400799 2.536549
0.6552 0.2759 0.826728 -0.562602 3.212526
0.6552 0.3103 0.754612 -0.656171 3.959481
0.6552 0.3448 0.699801 -0.714338 4.744004
0.6552 0.3793 0.0000 0.0000 0.0000
0.6552 0.4138 0.0000 0.0000 0.0000
0.6552 0.4483 0.0000 0.0000 0.0000
0.6552 0.4828 0.0000 0.0000 0.0000
0.6552 0.5172 0.0000 0.0000 0.0000
0.6552 0.5517 0.0000 0.0000 0.0000
0.6552 0.5862 0.0000 0.0000 0.0000
0.6552 0.6207 0.0000 0.0000 0.0000
0.6552 0.6552 0.0000 0.0000 0.0000
0.6552 0.6897 0.0000 0.0000 0.0000
0.6552 0.7241 0.0000 0.0000 0.0000
0.6552 0.7586 0.0000 0.0000 0.0000
0.6552 0.7931 0.0000 0.0000 0.0000
0.6552 0.8276 0.0000 0.0000 0.0000
0.6552 0.8621 0.0000 0.0000 0.0000
0.6552 0.8966 0.0000 0.0000 0.0000
0.6552 0.9310 0.0000 0.0000 0.0000
0.6552 0.9655 0.0000 0.0000 0.0000
0.6552 1.0000 0.0000 0.0000 0.0000

0.6897 0.0000 0.000000 1.000000 4.280618
0.6897 0.0345 0.100930 0.994894 3.465975
0.6897 0.0690 0.258373 0.966045 2.707879
0.6897 0.1034 0.507126 0.861872 2.069438
0.6897 0.1379 0.827000 0.562202 1.692004
0.6897 0.1724 0.997697 0.067824 1.753145
0.6897 0.2069 0.946800 -0.321822 2.216867
0.6897 0.2414 0.845614 -0.533795 2.895827
0.6897 0.2759 0.762029 -0.647543 3.672529
0.6897 0.3103 0.0000 0.0000 0.0000
0.6897 0.3448 0.0000 0.0000 0.0000
0.6897 0.3793 0.0000 0.0000 0.0000
0.6897 0.4138 0.0000 0.0000 0.0000
0.6897 0.4483 0.0000 0.0000 0.0000
0.6897 0.4828 0.0000 0.0000 0.0000
0.6897 0.5172 0.0000 0.0000 0.0000
0.6897 0.5517 0.0000 0.0000 0.0000
0.6897 0.5862 0.0000 0.0000 0.0000
0.6897 0.6207 0.0000 0.0000 0.0000
0.6897 0.6552 0.0000 0.0000 0.0000
0.6897 0.6897 0.0000 0.0000 0.0000
0.6897 0.7241 0.0000 0.0000 0.0000
0.6897 0.7586 0.0000 0.0000 0.0000
0.6897 0.7931 0.0000 0.0000 0.0000
0.6897 0.8276 0.0000 0.0000 0.0000
0.6897 0.8621 0.0000 0.0000 0.0000
0.6897 0.8966 0.0000 0.0000 0.0000
0.6897 0.9310 0.0000 0.0000 0.0000
0.6897 0.9655 0.0000 0.0000 0.0000
0.6897 1.0000 0.0000 0.0000 0.0000

0.7241 0.0000 0.000000 1.000000 3.995244
0.7241 0.0345 0.116982 0.993134 3.142863
0.7241 0.0690 0.310973 0.950419 2.364563
0.7241 0.1034 0.626176 0.779682 1.761443
0.7241 0.1379 0.946892 0.321551 1.553113
0.7241 0.1724 0.979867 -0.199650 1.876058
0.7241 0.2069 0.870280 -0.492558 2.534755
0.7241 0.2414 0.771484 -0.636249 3.335914
0.7241 0.2759 0.700506 -0.713646 4.198764
0.7241 0.3103 0.0000 0.0000 0.0000
0.7241 0.3448 0.0000 0.0000 0.0000
0.7241 0.3793 0.0000 0.0000 0.0000
0.7241 0.4138 0.0000 0.0000 0.0000
0.7241 0.4483 0.0000 0.0000 0.0000
0.7241 0.4828 0.0000 0.0000 0.0000
0.7241 0.5172 0.0000 0.0000 0.0000
0.7241 0.5517 0.0000 0.0000 0.0000
0.7241 0.5862 0.0000 0.0000 0.0000
0.7241 0.6207 0.0000 0.0000 0.0000
0.7241 0.6552 0.0000 0.0000 0.0000
0.7241 0.6897 0.0000 0.0000 0.0000
0.7241 0.7241 0.0000 0.0000 0.0000
0.7241 0.7586 0.0000 0.0000 0.0000
0.7241 0.7931 0.0000 0.0000 0.0000
0.7241 0.8276 0.0000 0.0000 0.0000
0.7241 0.8621 0.0000 0.0000 0.0000
0.7241 0.8966 0.0000 0.0000 0.0000
0.7241 0.9310 0.0000 0.0000 0.0000
0.7241 0.9655 0.0000 0.0000 0.0000
0.7241 1.0000 0.0000 0.0000 0.0000

0.7586 0.0000 0.000000 1.000000 3.662307
0.7586 0.0345 0.138984 0.990295 2.773649
0.7586 0.0690 0.388046 0.921640 1.986843
0.7586 0.1034 0.784036 0.620715 1.475035
0.7586 0.1379 1.000000 0.000000 1.541974
0.7586 0.1724 0.903272 -0.429068 2.133872
0.7586 0.2069 0.784036 -0.620715 2.950070
0.7586 0.2414 0.700810 -0.713348 3.850478
0.7586 0.2759 0.0000 0.0000 0.0000
0.7586 0.3103 0.0000 0.0000 0.0000
0.7586 0.3448 0.0000 0.0000 0.0000
0.7586 0.3793 0.0000 0.0000 0.0000
0.7586 0.4138 0.0000 0.0000 0.0000
0.7586 0.4483 0.0000 0.0000 0.0000
0.7586 0.4828 0.0000 0.0000 0.0000
0.7586 0.5172 0.0000 0.0000 0.0000
0.7586 0.5517 0.0000 0.0000 0.0000
0.7586 0.5862 0.0000 0.0000 0.0000
0.7586 0.6207 0.0000 0.0000 0.0000
0.7586 0.6552 0.0000 0.0000 0.0000
0.7586 0.6897 0.0000 0.0000 0.0000
0.7586 0.7241 0.0000 0.0000 0.0000
0.7586 0.7586 0.0000 0.0000 0.0000
0.7586 0.7931 0.0000 0.0000 0.0000
0.7586 0.8276 0.0000 0.0000 0.0000
0.7586 0.8621 0.0000 0.0000 0.0000
0.7586 0.8966 0.0000 0.0000 0.0000
0.7586 0.9310 0.0000 0.0000 0.0000
0.7586 0.9655 0.0000 0.0000 0.0000
0.7586 1.0000 0.0000 0.0000 0.0000

0.7931 0.0000 0.000000 1.000000 3.281807
0.7931 0.0345 0.170950 0.985280 2.359344
0.7931 0.0690 0.508093 0.861302 1.587619
0.7931 0.1034 0.947051 0.321082 1.277637
0.7931 0.1379 0.947051 -0.321082 1.703516
0.7931 0.1724 0.801585 -0.597881 2.515823
0.7931 0.2069 0.0000 0.0000 0.0000
0.7931 0.2414 0.0000 0.0000 0.0000
0.7931 0.2759 0.0000 0.0000 0.0000
0.7931 0.3103 0.0000 0.0000 0.0000
0.7931 0.3448 0.0000 0.0000 0.0000
0.7931 0.3793 0.0000 0.0000 0.0000
0.7931 0.4138 0.0000 0.0000 0.0000
0.7931 0.4483 0.0000 0.0000 0.0000
0.7931 0.4828 0.0000 0.0000 0.0000
0.7931 0.5172 0.0000 0.0000 0.0000
0.7931 0.5517 0.0000 0.0000 0.0000
0.7931 0.5862 0.0000 0.0000 0.0000
0.7931 0.6207 0.0000 0.0000 0.0000
0.7931 0.6552 0.0000 0.0000 0.0000
0.7931 0.6897 0.0000 0.0000 0.0000
0.7931 0.7241 0.0000 0.0000 0.0000
0.7931 0.7586 0.0000 0.0000 0.0000
0.7931 0.7931 0.0000 0.0000 0.0000
0.7931 0.8276 0.0000 0.0000 0.0000
0.7931 0.8621 0.0000 0.0000 0.0000
0.7931 0.8966 0.0000 0.0000 0.0000
0.7931 0.9310 0.0000 0.0000 0.0000
0.7931 0.9655 0.0000 0.0000 0.0000
0.7931 1.0000 0.0000 0.0000 0.0000

0.8276 0.0000 0.000000 1.000000 2.853746
0.8276 0.0345 0.221416 0.975180 1.902147
0.8276 0.0690 0.701341 0.712826 1.201028
0.8276 0.1034 0.993684 -0.112217 1.271527
0.8276 0.1379 0.827856 -0.560941 2.034970
0.8276 0.1724 0.701341 -0.712826 3.002570
0.8276 0.2069 0.0000 0.0000 0.0000
0.8276 0.2414 0.0000 0.0000 0.0000
0.8276 0.2759 0.0000 0.0000 0.0000
0.8276 0.3103 0.0000 0.0000 0.0000
0.8276 0.3448 0.0000 0.0000 0.0000
0.8276 0.3793 0.0000 0.0000 0.0000
0.8276 0.4138 0.0000 0.0000 0.0000
0.8276 0.4483 0.0000 0.0000 0.0000
0.8276 0.4828 0.0000 0.0000 0.0000
0.8276 0.5172 0.0000 0.0000 0.0000
0.8276 0.5517 0.0000 0.0000 0.0000
0.8276 0.5862 0.0000 0.0000 0.0000
0.8276 0.6207 0.0000 0.0000 0.0000
0.8276 0.6552 0.0000 0.0000 0.0000
0.8276 0.6897 0.0000 0.0000 0.0000
0.8276 0.7241 0.0000 0.0000 0.0000
0.8276 0.7586 0.0000 0.0000 0.0000
0.8276 0.7931 0.0000 0.0000 0.0000
0.8276 0.8276 0.0000 0.0000 0.0000
0.8276 0.8621 0.0000 0.0000 0.0000
0.8276 0.8966 0.0000 0.0000 0.0000
0.8276 0.9310 0.0000 0.0000 0.0000
0.8276 0.9655 0.0000 0.0000 0.0000
0.8276 1.0000 0.0000 0.0000 0.0000

0.8621 0.0000 0.000000 1.000000 2.378121
0.8621 0.0345 0.311816 0.950143 1.407887
0.8621 0.0690 0.947185 0.320688 0.926960
0.8621 0.1034 0.870911 -0.491440 1.512213
0.8621 0.1379 0.701575 -0.712596 2.502948
0.8621 0.1724 0.0000 0.0000 0.0000
0.8621 0.2069 0.0000 0.0000 0.0000
0.8621 0.2414 0.0000 0.0000 0.0000
0.8621 0.2759 0.0000 0.0000 0.0000
0.8621 0.3103 0.0000 0.0000 0.0000
0.8621 0.3448 0.0000 0.0000 0.0000
0.8621 0.3793 0.0000 0.0000 0.0000
0.8621 0.4138 0.0000 0.0000 0.0000
0.8621 0.4483 0.0000 0.0000 0.0000
0.8621 0.4828 0.0000 0.0000 0.0000
0.8621 0.5172 0.0000 0.0000 0.0000
0.8621 0.5517 0.0000 0.0000 0.0000
0.8621 0.5862 0.0000 0.0000 0.0000
0.8621 0.6207 0.0000 0.0000 0.0000
0.8621 0.6552 0.0000 0.0000 0.0000
0.8621 0.6897 0.0000 0.0000 0.0000
0.8621 0.7241 0.0000 0.0000 0.0000
0.8621 0.7586 0.0000 0.0000 0.0000
0.8621 0.7931 0.0000 0.0000 0.0000
0.8621 0.8276 0.0000 0.0000 0.0000
0.8621 0.8621 0.0000 0.0000 0.0000
0.8621 0.8966 0.0000 0.0000 0.0000
0.8621 0.9310 0.0000 0.0000 0.0000
0.8621 0.9655 0.0000 0.0000 0.0000
0.8621 1.0000 0.0000 0.0000 0.0000

0.8966 0.0000 0.000000 1.000000 1.854935
0.8966 0.0345 0.508836 0.860863 0.897807
0.8966 0.0690 0.947244 -0.320514 0.964561
0.8966 0.1034 0.0000 0.0000 0.0000
0.8966 0.1379 0.0000 0.0000 0.0000
0.8966 0.1724 0.0000 0.0000 0.0000
0.8966 0.2069 0.0000 0.0000 0.0000
0.8966 0.2414 0.0000 0.0000 0.0000
0.8966 0.2759 0.0000 0.0000 0.0000
0.8966 0.3103 0.0000 0.0000 0.0000
0.8966 0.3448 0.0000 0.0000 0.0000
0.8966 0.3793 0.0000 0.0000 0.0000
0.8966 0.4138 0.0000 0.0000 0.0000
0.8966 0.4483 0.0000 0.0000 0.0000
0.8966 0.4828 0.0000 0.0000 0.0000
0.8966 0.5172 0.0000 0.0000 0.0000
0.8966 0.5517 0.0000 0.0000 0.0000
0.8966 0.5862 0.0000 0.0000 0.0000
0.8966 0.6207 0.0000 0.0000 0.0000
0.8966 0.6552 0.0000 0.0000 0.0000
0.8966 0.6897 0.0000 0.0000 0.0000
0.8966 0.7241 0.0000 0.0000 0.0000
0.8966 0.7586 0.0000 0.0000 0.0000
0.8966 0.7931 0.0000 0.0000 0.0000
0.8966 0.8276 0.0000 0.0000 0.0000
0.8966 0.8621 0.0000 0.0000 0.0000
0.8966 0.8966 0.0000 0.0000 0.0000
0.8966 0.9310 0.0000 0.0000 0.0000
0.8966 0.9655 0.0000 0.0000 0.0000
0.8966 1.0000 0.0000 0.0000 0.0000

0.9310 0.0000 0.000000 1.000000 1.284185
0.9310 0.0345 0.947298 0.320354 0.501081
0.9310 0.0690 0.701989 -0.712188 1.352366
0.9310 0.1034 0.0000 0.0000 0.0000
0.9310 0.1379 0.0000 0.0000 0.0000
0.9310 0.1724 0.0000 0.0000 0.0000
0.9310 0.2069 0.0000 0.0000 0.0000
0.9310 0.2414 0.0000 0.0000 0.0000
0.9310 0.2759 0.0000 0.0000 0.0000
0.9310 0.3103 0.0000 0.0000 0.0000
0.9310 0.3448 0.0000 0.0000 0.0000
0.9310 0.3793 0.0000 0.0000 0.0000
0.9310 0.4138 0.0000 0.0000 0.0000
0.9310 0.4483 0.0000 0.0000 0.0000
0.9310 0.4828 0.0000 0.0000 0.0000
0.9310 0.5172 0.0000 0.0000 0.0000
0.9310 0.5517 0.0000 0.0000 0.0000
0.9310 0.5862 0.0000 0.0000 0.0000
0.9310 0.6207 0.0000 0.0000 0.0000
0.9310 0.6552 0.0000 0.0000 0.0000
0.9310 0.6897 0.0000 0.0000 0.0000
0.9310 0.7241 0.0000 0.0000 0.0000
0.9310 0.7586 0.0000 0.0000 0.0000
0.9310 0.7931 0.0000 0.0000 0.0000
0.9310 0.8276 0.0000 0.0000 0.0000
0.9310 0.8621 0.0000 0.0000 0.0000
0.9310 0.8966 0.0000 0.0000 0.0000
0.9310 0.9310 0.0000 0.0000 0.0000
0.9310 0.9655 0.0000 0.0000 0.0000
0.9310 1.0000 0.0000 0.0000 0.0000

0.9655 0.0000 0.000000 1.000000 0.665874
0.9655 0.0345 0.0000 0.0000 0.0000
0.9655 0.0690 0.0000 0.0000 0.0000
0.9655 0.1034 0.0000 0.0000 0.0000
0.9655 0.1379 0.0000 0.0000 0.0000
0.9655 0.1724 0.0000 0.0000 0.0000
0.9655 0.2069 0.0000 0.0000 0.0000
0.9655 0.2414 0.0000 0.0000 0.0000
0.9655 0.2759 0.0000 0.0000 0.0000
0.9655 0.3103 0.0000 0.0000 0.0000
0.9655 0.3448 0.0000 0.0000 0.0000
0.9655 0.3793 0.0000 0.0000 0.0000
0.9655 0.4138 0.0000 0.0000 0.0000
0.9655 0.4483 0.0000 0.0000 0.0000
0.9655 0.4828 0.0000 0.0000 0.0000
0.9655 0.5172 0.0000 0.0000 0.0000
0.9655 0.5517 0.0000 0.0000 0.0000
0.9655 0.5862 0.0000 0.0000 0.0000
0.9655 0.6207 0.0000 0.0000 0.0000
0.9655 0.6552 0.0000 0.0000 0.0000
0.9655 0.6897 0.0000 0.0000 0.0000
0.9655 0.7241 0.0000 0.0000 0.0000
0.9655 0.7586 0.0000 0.0000 0.0000
0.9655 0.7931 0.0000 0.0000 0.0000
0.9655 0.8276 0.0000 0.0000 0.0000
0.9655 0.8621 0.0000 0.0000 0.0000
0.9655 0.8966 0.0000 0.0000 0.0000
0.9655 0.9310 0.0000 0.0000 0.0000
0.9655 0.9655 0.0000 0.0000 0.0000
0.9655 1.0000 0.0000 0.0000 0.0000

1.0000 0.0000 0.000000 0.000000 0.000000
1.0000 0.0345 0.0000 0.0000 0.0000
1.0000 0.0690 0.0000 0.0000 0.0000
1.0000 0.1034 0.0000 0.0000 0.0000
1.0000 0.1379 0.0000 0.0000 0.0000
1.0000 0.1724 0.0000 0.0000 0.0000
1.0000 0.2069 0.0000 0.0000 0.0000
1.0000 0.2414 0.0000 0.0000 0.0000
1.0000 0.2759 0.0000 0.0000 0.0000
1.0000 0.3103 0.0000 0.0000 0.0000
1.0000 0.3448 0.0000 0.0000 0.0000
1.0000 0.3793 0.0000 0.0000 0.0000
1.0000 0.4138 0.0000 0.0000 0.0000
1.0000 0.4483 0.0000 0.0000 0.0000
1.0000 0.4828 0.0000 0.0000 0.0000
1.0000 0.5172 0.0000 0.0000 0.0000
1.0000 0.5517 0.0000 0.0000 0.0000
1.0000 0.5862 0.0000 0.0000 0.0000
1.0000 0.6207 0.0000 0.0000 0.0000
1.0000 0.6552 0.0000 0.0000 0.0000
1.0000 0.6897 0.0000 0.0000 0.0000
1.0000 0.7241 0.0000 0.0000 0.0000
1.0000 0.7586 0.0000 0.0000 0.0000
1.0000 0.7931 0.0000 0.0000 0.0000
1.0000 0.8276 0.0000 0.0000 0.0000
1.0000 0.8621 0.0000 0.0000 0.0000
1.0000 0.8966 0.0000 0.0000 0.0000
1.0000 0.9310 0.0000 0.0000 0.0000
1.0000 0.9655 0.0000 0.0000 0.0000
1.0000 1.0000 0.0000 0.0000 0.0000

