0.0000 0.0000 0.000000 0.000000 0.000000
0.0000 0.0345 -1.000000 0.000000 0.006897
0.0000 0.0690 -1.000000 0.000000 0.013793
0.0000 0.1034 -1.000000 0.000000 0.020690
0.0000 0.1379 -1.000000 0.000000 0.027586
0.0000 0.1724 -1.000000 0.000000 0.034483
0.0000 0.2069 -1.000000 0.000000 0.041379
0.0000 0.2414 -1.000000 0.000000 0.048276
0.0000 0.2759 -1.000000 0.000000 0.055172
0.0000 0.3103 -1.000000 0.000000 0.062069
0.0000 0.3448 -1.000000 0.000000 0.068966
0.0000 0.3793 -1.000000 0.000000 0.075862
0.0000 0.4138 -1.000000 0.000000 0.082759
0.0000 0.4483 -1.000000 0.000000 0.089655
0.0000 0.4828 -1.000000 0.000000 0.096552
0.0000 0.5172 -1.000000 0.000000 0.103448
0.0000 0.5517 -1.000000 0.000000 0.110345
0.0000 0.5862 -1.000000 -0.000000 0.117241
0.0000 0.6207 -1.000000 -0.000000 0.124138
0.0000 0.6552 -1.000000 -0.000000 0.131034
0.0000 0.6897 -1.000000 -0.000000 0.137931
0.0000 0.7241 -1.000000 -0.000000 0.144828
0.0000 0.7586 -1.000000 -0.000000 0.151724
0.0000 0.7931 -1.000000 -0.000000 0.158621
0.0000 0.8276 -1.000000 -0.000000 0.165517
0.0000 0.8621 -1.000000 -0.000000 0.172414
0.0000 0.8966 -1.000000 -0.000000 0.179310
0.0000 0.9310 -1.000000 -0.000000 0.186207
0.0000 0.9655 -1.000000 -0.000000 0.193103
0.0000 1.0000 -1.000000 -0.000000 0.200000

0.0345 0.0000 0.000000 1.000000 0.386207
0.0345 0.0345 0.009523 0.999955 0.362085
0.0345 0.0690 0.020404 0.999792 0.338001
0.0345 0.1034 0.032949 0.999457 0.313964
0.0345 0.1379 0.047565 0.998868 0.289983
0.0345 0.1724 0.064799 0.997898 0.266076
0.0345 0.2069 0.085401 0.996347 0.242264
0.0345 0.2414 0.110432 0.993884 0.218578
0.0345 0.2759 0.141421 0.989949 0.195064
0.0345 0.3103 0.180652 0.983547 0.171792
0.0345 0.3448 0.231621 0.972806 0.148876
0.0345 0.3793 0.299827 0.953994 0.126510
0.0345 0.4138 0.393919 0.919145 0.105045
0.0345 0.4483 0.526355 0.850265 0.085166
0.0345 0.4828 0.707107 0.707107 0.068272
0.0345 0.5172 0.906183 0.422885 0.057079
0.0345 0.5517 1.000000 0.000000 0.055172
0.0345 0.5862 0.924678 -0.380750 0.063396
0.0345 0.6207 0.789352 -0.613941 0.078633
0.0345 0.6552 0.670913 -0.741536 0.097654
0.0345 0.6897 0.581238 -0.813733 0.118653
0.0345 0.7241 0.514496 -0.857493 0.140747
0.0345 0.7586 0.464007 -0.885832 0.163493
0.0345 0.7931 0.424907 -0.905237 0.186653
0.0345 0.8276 0.393919 -0.919145 0.210090
0.0345 0.8621 0.368846 -0.929491 0.233721
0.0345 0.8966 0.348187 -0.937425 0.257492
0.0345 0.9310 0.330896 -0.943667 0.281367
0.0345 0.9655 0.316228 -0.948683 0.305323
0.0345 1.0000 0.0000 0.0000 0.0000

0.0690 0.0000 0.000000 1.000000 0.744828
0.0690 0.0345 0.019798 0.999804 0.696688
0.0690 0.0690 0.042515 0.999096 0.648863
0.0690 0.1034 0.068802 0.997630 0.601425
0.0690 0.1379 0.099504 0.995037 0.554476
0.0690 0.1724 0.135719 0.990747 0.508150
0.0690 0.2069 0.178885 0.983870 0.462635
0.0690 0.2414 0.230877 0.972983 0.418195
0.0690 0.2759 0.294086 0.955779 0.375213
0.0690 0.3103 0.371391 0.928477 0.334252
0.0690 0.3448 0.465746 0.884918 0.296150
0.0690 0.3793 0.578747 0.815507 0.262160
0.0690 0.4138 0.707107 0.707107 0.234077
0.0690 0.4483 0.836970 0.547249 0.214238
0.0690 0.4828 0.941742 0.336336 0.205049
0.0690 0.5172 0.995037 0.099504 0.207928
0.0690 0.5517 0.992278 -0.124035 0.222407
0.0690 0.5862 0.951445 -0.307820 0.246449
0.0690 0.6207 0.894427 -0.447214 0.277581
0.0690 0.6552 0.835417 -0.549616 0.313698
0.0690 0.6897 0.780869 -0.624695 0.353276
0.0690 0.7241 0.732793 -0.680451 0.395275
0.0690 0.7586 0.691223 -0.722642 0.439002
0.0690 0.7931 0.655473 -0.755219 0.483989
0.0690 0.8276 0.624695 -0.780869 0.529914
0.0690 0.8621 0.598084 -0.801433 0.576553
0.0690 0.8966 0.574946 -0.818192 0.623747
0.0690 0.9310 0.554700 -0.832050 0.671379
0.0690 0.9655 0.0000 0.0000 0.0000
0.0690 1.0000 0.0000 0.0000 0.0000

0.1034 0.0000 0.000000 1.000000 1.075862
0.1034 0.0345 0.024048 0.999711 1.003739
0.1034 0.0690 0.051782 0.998658 0.932285
0.1034 0.1034 0.084039 0.996462 0.861669
0.1034 0.1379 0.121891 0.992543 0.792113
0.1034 0.1724 0.166716 0.986005 0.723924
0.1034 0.2069 0.220261 0.975441 0.657528
0.1034 0.2414 0.284682 0.958622 0.593524
0.1034 0.2759 0.362446 0.932005 0.532778
0.1034 0.3103 0.455876 0.890043 0.476536
0.1034 0.3448 0.565842 0.824513 0.426584
0.1034 0.3793 0.688985 0.724776 0.385375
0.1034 0.4138 0.813733 0.581238 0.355958
0.1034 0.4483 0.919145 0.393919 0.341397
0.1034 0.4828 0.983547 0.180652 0.343584
0.1034 0.5172 0.999592 -0.028560 0.362217
0.1034 0.5517 0.977802 -0.209529 0.394974
0.1034 0.5862 0.935357 -0.353706 0.438704
0.1034 0.6207 0.885832 -0.464007 0.490480
0.1034 0.6552 0.836859 -0.547419 0.548026
0.1034 0.6897 0.791782 -0.610803 0.609711
0.1034 0.7241 0.751626 -0.659590 0.674400
0.1034 0.7586 0.716349 -0.697742 0.741307
0.1034 0.7931 0.685497 -0.728075 0.809882
0.1034 0.8276 0.658505 -0.752577 0.879736
0.1034 0.8621 0.634817 -0.772663 0.950587
0.1034 0.8966 0.613941 -0.789352 1.022226
0.1034 0.9310 0.0000 0.0000 0.0000
0.1034 0.9655 0.0000 0.0000 0.0000
0.1034 1.0000 0.0000 0.0000 0.0000

0.1379 0.0000 0.000000 1.000000 1.379310
0.1379 0.0345 0.026872 0.999639 1.283222
0.1379 0.0690 0.058042 0.998314 1.188210
0.1379 0.1034 0.094512 0.995524 1.094555
0.1379 0.1379 0.137568 0.990492 1.002636
0.1379 0.1724 0.188847 0.982006 0.912979
0.1379 0.2069 0.250383 0.968147 0.826321
0.1379 0.2414 0.324561 0.945865 0.743709
0.1379 0.2759 0.413803 0.910366 0.666651
0.1379 0.3103 0.519581 0.854421 0.597299
0.1379 0.3448 0.640184 0.768221 0.538638
0.1379 0.3793 0.767077 0.641555 0.494488
0.1379 0.4138 0.882353 0.470588 0.468966
0.1379 0.4483 0.963730 0.266879 0.465147
0.1379 0.4828 0.998371 0.057050 0.483546
0.1379 0.5172 0.991228 -0.132164 0.521819
0.1379 0.5517 0.957826 -0.287348 0.576017
0.1379 0.5862 0.912924 -0.408131 0.642120
0.1379 0.6207 0.865865 -0.500278 0.716843
0.1379 0.6552 0.821257 -0.570558 0.797767
0.1379 0.6897 0.780869 -0.624695 0.883190
0.1379 0.7241 0.745056 -0.667002 0.971925
0.1379 0.7586 0.713564 -0.700590 1.063143
0.1379 0.7931 0.685923 -0.727674 1.156258
0.1379 0.8276 0.661622 -0.749838 1.250845
0.1379 0.8621 0.640184 -0.768221 1.346595
0.1379 0.8966 0.0000 0.0000 0.0000
0.1379 0.9310 0.0000 0.0000 0.0000
0.1379 0.9655 0.0000 0.0000 0.0000
0.1379 1.0000 0.0000 0.0000 0.0000

0.1724 0.0000 0.000000 1.000000 1.655172
0.1724 0.0345 0.029201 0.999574 1.535137
0.1724 0.0690 0.063288 0.997995 1.416633
0.1724 0.1034 0.103442 0.994635 1.300078
0.1724 0.1379 0.151183 0.988506 1.186047
0.1724 0.1724 0.208434 0.978036 1.075343
0.1724 0.2069 0.277540 0.960714 0.969107
0.1724 0.2414 0.361105 0.932525 0.868979
0.1724 0.2759 0.461353 0.887217 0.777324
0.1724 0.3103 0.578429 0.815733 0.697490
0.1724 0.3448 0.707107 0.707107 0.633958
0.1724 0.3793 0.832945 0.553355 0.592000
0.1724 0.4138 0.933346 0.358979 0.576347
0.1724 0.4483 0.989235 0.146337 0.589100
0.1724 0.4828 0.998494 -0.054862 0.628533
0.1724 0.5172 0.974391 -0.224860 0.690086
0.1724 0.5517 0.933346 -0.358979 0.768463
0.1724 0.5862 0.887085 -0.461605 0.859071
0.1724 0.6207 0.841879 -0.539666 0.958447
0.1724 0.6552 0.800389 -0.599481 1.064138
0.1724 0.6897 0.763386 -0.645942 1.174440
0.1724 0.7241 0.730788 -0.682604 1.288170
0.1724 0.7586 0.702179 -0.712000 1.404494
0.1724 0.7931 0.677057 -0.735931 1.522819
0.1724 0.8276 0.654931 -0.755689 1.642712
0.1724 0.8621 0.0000 0.0000 0.0000
0.1724 0.8966 0.0000 0.0000 0.0000
0.1724 0.9310 0.0000 0.0000 0.0000
0.1724 0.9655 0.0000 0.0000 0.0000
0.1724 1.0000 0.0000 0.0000 0.0000

0.2069 0.0000 0.000000 1.000000 1.903448
0.2069 0.0345 0.031357 0.999508 1.759486
0.2069 0.0690 0.068217 0.997671 1.617561
0.2069 0.1034 0.111968 0.993712 1.478261
0.2069 0.1379 0.164399 0.986394 1.342403
0.2069 0.1724 0.227770 0.973715 1.211145
0.2069 0.2069 0.304776 0.952424 1.086158
0.2069 0.2414 0.398206 0.917296 0.969867
0.2069 0.2759 0.509802 0.860292 0.865785
0.2069 0.3103 0.637568 0.770394 0.778822
0.2069 0.3448 0.771373 0.636383 0.715249
0.2069 0.3793 0.890344 0.455289 0.681643
0.2069 0.4138 0.970143 0.242536 0.682445
0.2069 0.4483 0.999584 0.028834 0.717540
0.2069 0.4828 0.987330 -0.158678 0.782326
0.2069 0.5172 0.951034 -0.309086 0.870196
0.2069 0.5517 0.905459 -0.424434 0.974930
0.2069 0.5862 0.859161 -0.511706 1.091683
0.2069 0.6207 0.816024 -0.578017 1.217002
0.2069 0.6552 0.777364 -0.629051 1.348501
0.2069 0.6897 0.743294 -0.668965 1.484538
0.2069 0.7241 0.713448 -0.700708 1.623973
0.2069 0.7586 0.687311 -0.726363 1.766002
0.2069 0.7931 0.664364 -0.747409 1.910046
0.2069 0.8276 0.0000 0.0000 0.0000
0.2069 0.8621 0.0000 0.0000 0.0000
0.2069 0.8966 0.0000 0.0000 0.0000
0.2069 0.9310 0.0000 0.0000 0.0000
0.2069 0.9655 0.0000 0.0000 0.0000
0.2069 1.0000 0.0000 0.0000 0.0000

0.2414 0.0000 0.000000 1.000000 2.124138
0.2414 0.0345 0.033491 0.999439 1.956270
0.2414 0.0690 0.073162 0.997320 1.791007
0.2414 0.1034 0.120647 0.992695 1.629142
0.2414 0.1379 0.178061 0.984020 1.471796
0.2414 0.1724 0.248061 0.968744 1.320586
0.2414 0.2069 0.333739 0.942666 1.177878
0.2414 0.2414 0.437969 0.898990 1.047152
0.2414 0.2759 0.561501 0.827476 0.933458
0.2414 0.3103 0.698885 0.715234 0.843708
0.2414 0.3448 0.833397 0.552674 0.786146
0.2414 0.3793 0.938343 0.345705 0.768045
0.2414 0.4138 0.992543 0.121891 0.792113
0.2414 0.4483 0.996405 -0.084715 0.854797
0.2414 0.4828 0.967075 -0.254493 0.948470
0.2414 0.5172 0.922789 -0.385305 1.064987
0.2414 0.5517 0.875242 -0.483686 1.197699
0.2414 0.5862 0.830068 -0.557662 1.341809
0.2414 0.6207 0.789352 -0.613941 1.494023
0.2414 0.6552 0.753481 -0.657470 1.652102
0.2414 0.6897 0.722146 -0.691740 1.814514
0.2414 0.7241 0.694812 -0.719191 1.980193
0.2414 0.7586 0.670913 -0.741536 2.148384
0.2414 0.7931 0.0000 0.0000 0.0000
0.2414 0.8276 0.0000 0.0000 0.0000
0.2414 0.8621 0.0000 0.0000 0.0000
0.2414 0.8966 0.0000 0.0000 0.0000
0.2414 0.9310 0.0000 0.0000 0.0000
0.2414 0.9655 0.0000 0.0000 0.0000
0.2414 1.0000 0.0000 0.0000 0.0000

0.2759 0.0000 0.000000 1.000000 2.317241
0.2759 0.0345 0.035692 0.999363 2.125492
0.2759 0.0690 0.078330 0.996927 1.936986
0.2759 0.1034 0.129844 0.991534 1.752769
0.2759 0.1379 0.192745 0.981249 1.574348
0.2759 0.1724 0.270177 0.962811 1.403935
0.2759 0.2069 0.365652 0.930751 1.244823
0.2759 0.2414 0.481919 0.876216 1.101917
0.2759 0.2759 0.617822 0.786318 0.982317
0.2759 0.3103 0.762509 0.646977 0.895410
0.2759 0.3448 0.891163 0.453683 0.851270
0.2759 0.3793 0.974255 0.225448 0.856534
0.2759 0.4138 1.000000 0.000000 0.910345
0.2759 0.4483 0.981365 -0.192155 1.004934
0.2759 0.4828 0.939793 -0.341743 1.130109
0.2759 0.5172 0.891163 -0.453683 1.276905
0.2759 0.5517 0.843661 -0.536875 1.438721
0.2759 0.5862 0.800513 -0.599315 1.611035
0.2759 0.6207 0.762509 -0.646977 1.790821
0.2759 0.6552 0.729428 -0.684057 1.976040
0.2759 0.6897 0.700708 -0.713448 2.165298
0.2759 0.7241 0.675725 -0.737154 2.357622
0.2759 0.7586 0.0000 0.0000 0.0000
0.2759 0.7931 0.0000 0.0000 0.0000
0.2759 0.8276 0.0000 0.0000 0.0000
0.2759 0.8621 0.0000 0.0000 0.0000
0.2759 0.8966 0.0000 0.0000 0.0000
0.2759 0.9310 0.0000 0.0000 0.0000
0.2759 0.9655 0.0000 0.0000 0.0000
0.2759 1.0000 0.0000 0.0000 0.0000

0.3103 0.0000 0.000000 1.000000 2.482759
0.3103 0.0345 0.038024 0.999277 2.267157
0.3103 0.0690 0.083878 0.996476 2.055520
0.3103 0.1034 0.139855 0.990172 1.849208
0.3103 0.1379 0.208958 0.977925 1.650223
0.3103 0.1724 0.294915 0.955524 1.461557
0.3103 0.2069 0.401661 0.915788 1.287754
0.3103 0.2414 0.531363 0.847144 1.135661
0.3103 0.2759 0.679408 0.733761 1.015082
0.3103 0.3103 0.826927 0.562310 0.938248
0.3103 0.3448 0.940887 0.338719 0.916230
0.3103 0.3793 0.995215 0.097712 0.952835
0.3103 0.4138 0.992877 -0.119145 1.041904
0.3103 0.4483 0.956603 -0.291396 1.171531
0.3103 0.4828 0.907504 -0.420044 1.329908
0.3103 0.5172 0.857493 -0.514496 1.508005
0.3103 0.5517 0.811534 -0.584305 1.699633
0.3103 0.5862 0.771039 -0.636788 1.900704
0.3103 0.6207 0.735931 -0.677057 2.108519
0.3103 0.6552 0.705620 -0.708591 2.321266
0.3103 0.6897 0.679408 -0.733761 2.537706
0.3103 0.7241 0.0000 0.0000 0.0000
0.3103 0.7586 0.0000 0.0000 0.0000
0.3103 0.7931 0.0000 0.0000 0.0000
0.3103 0.8276 0.0000 0.0000 0.0000
0.3103 0.8621 0.0000 0.0000 0.0000
0.3103 0.8966 0.0000 0.0000 0.0000
0.3103 0.9310 0.0000 0.0000 0.0000
0.3103 0.9655 0.0000 0.0000 0.0000
0.3103 1.0000 0.0000 0.0000 0.0000

0.3448 0.0000 0.000000 1.000000 2.620690
0.3448 0.0345 0.040546 0.999178 2.381269
0.3448 0.0690 0.089956 0.995946 2.146634
0.3448 0.1034 0.150977 0.988537 1.918543
0.3448 0.1379 0.227230 0.973841 1.699633
0.3448 0.1724 0.323144 0.946350 1.493943
0.3448 0.2069 0.442990 0.896527 1.307729
0.3448 0.2414 0.587459 0.809254 1.150485
0.3448 0.2759 0.745938 0.666016 1.035494
0.3448 0.3103 0.888713 0.458463 0.977779
0.3448 0.3448 0.977802 0.209529 0.987436
0.3448 0.3793 0.999473 -0.032450 1.062629
0.3448 0.4138 0.972806 -0.231621 1.191009
0.3448 0.4483 0.924573 -0.381005 1.357570
0.3448 0.4828 0.872050 -0.489416 1.550053
0.3448 0.5172 0.822897 -0.568191 1.759972
0.3448 0.5517 0.779509 -0.626391 1.981796
0.3448 0.5862 0.742053 -0.670342 2.211945
0.3448 0.6207 0.709918 -0.704284 2.448072
0.3448 0.6552 0.682318 -0.731055 2.688603
0.3448 0.6897 0.0000 0.0000 0.0000
0.3448 0.7241 0.0000 0.0000 0.0000
0.3448 0.7586 0.0000 0.0000 0.0000
0.3448 0.7931 0.0000 0.0000 0.0000
0.3448 0.8276 0.0000 0.0000 0.0000
0.3448 0.8621 0.0000 0.0000 0.0000
0.3448 0.8966 0.0000 0.0000 0.0000
0.3448 0.9310 0.0000 0.0000 0.0000
0.3448 0.9655 0.0000 0.0000 0.0000
0.3448 1.0000 0.0000 0.0000 0.0000

0.3793 0.0000 0.000000 1.000000 2.731035
0.3793 0.0345 0.043316 0.999061 2.467834
0.3793 0.0690 0.096723 0.995311 2.210364
0.3793 0.1034 0.163543 0.986536 1.960884
0.3793 0.1379 0.248183 0.968713 1.722869
0.3793 0.1724 0.355900 0.934524 1.501779
0.3793 0.2069 0.491013 0.871152 1.306237
0.3793 0.2414 0.651038 0.759045 1.149357
0.3793 0.2759 0.815507 0.578747 1.048639
0.3793 0.3103 0.942428 0.334410 1.020841
0.3793 0.3448 0.997491 0.070790 1.071654
0.3793 0.3793 0.987241 -0.159232 1.191059
0.3793 0.4138 0.942428 -0.334410 1.361121
0.3793 0.4483 0.887721 -0.460381 1.565419
0.3793 0.4828 0.834998 -0.550252 1.792281
0.3793 0.5172 0.788256 -0.615348 2.034173
0.3793 0.5517 0.748075 -0.663615 2.286329
0.3793 0.5862 0.713847 -0.700302 2.545701
0.3793 0.6207 0.684675 -0.728848 2.810292
0.3793 0.6552 0.0000 0.0000 0.0000
0.3793 0.6897 0.0000 0.0000 0.0000
0.3793 0.7241 0.0000 0.0000 0.0000
0.3793 0.7586 0.0000 0.0000 0.0000
0.3793 0.7931 0.0000 0.0000 0.0000
0.3793 0.8276 0.0000 0.0000 0.0000
0.3793 0.8621 0.0000 0.0000 0.0000
0.3793 0.8966 0.0000 0.0000 0.0000
0.3793 0.9310 0.0000 0.0000 0.0000
0.3793 0.9655 0.0000 0.0000 0.0000
0.3793 1.0000 0.0000 0.0000 0.0000

0.4138 0.0000 0.000000 1.000000 2.813793
0.4138 0.0345 0.046398 0.998923 2.526859
0.4138 0.0690 0.104365 0.994539 2.246752
0.4138 0.1034 0.177964 0.984037 1.976377
0.4138 0.1379 0.272603 0.962127 1.720327
0.4138 0.1724 0.394479 0.918905 1.486027
0.4138 0.2069 0.547249 0.836970 1.285425
0.4138 0.2414 0.722114 0.691774 1.136509
0.4138 0.2759 0.883788 0.467888 1.061263
0.4138 0.3103 0.981314 0.192414 1.075265
0.4138 0.3448 0.997518 -0.070413 1.175331
0.4138 0.3793 0.960745 -0.277434 1.342350
0.4138 0.4138 0.904819 -0.425797 1.554893
0.4138 0.4483 0.848214 -0.529654 1.796879
0.4138 0.4828 0.797581 -0.603212 2.057948
0.4138 0.5172 0.754223 -0.656618 2.331698
0.4138 0.5517 0.717581 -0.696475 2.614148
0.4138 0.5862 0.686624 -0.727013 2.902760
0.4138 0.6207 0.0000 0.0000 0.0000
0.4138 0.6552 0.0000 0.0000 0.0000
0.4138 0.6897 0.0000 0.0000 0.0000
0.4138 0.7241 0.0000 0.0000 0.0000
0.4138 0.7586 0.0000 0.0000 0.0000
0.4138 0.7931 0.0000 0.0000 0.0000
0.4138 0.8276 0.0000 0.0000 0.0000
0.4138 0.8621 0.0000 0.0000 0.0000
0.4138 0.8966 0.0000 0.0000 0.0000
0.4138 0.9310 0.0000 0.0000 0.0000
0.4138 0.9655 0.0000 0.0000 0.0000
0.4138 1.0000 0.0000 0.0000 0.0000

0.4483 0.0000 0.000000 1.000000 2.868966
0.4483 0.0345 0.049870 0.998756 2.558356
0.4483 0.0690 0.113115 0.993582 2.255858
0.4483 0.1034 0.194766 0.980850 1.965221
0.4483 0.1379 0.301521 0.953459 1.692566
0.4483 0.1724 0.440534 0.897736 1.448087
0.4483 0.2069 0.613175 0.789947 1.248447
0.4483 0.2414 0.798888 0.601480 1.117933
0.4483 0.2759 0.943460 0.331486 1.081858
0.4483 0.3103 0.999239 0.039009 1.149151
0.4483 0.3448 0.978494 -0.206277 1.303904
0.4483 0.3793 0.923546 -0.383487 1.519630
0.4483 0.4138 0.862932 -0.505320 1.774224
0.4483 0.4483 0.807791 -0.589469 2.053280
0.4483 0.4828 0.760706 -0.649097 2.348091
0.4483 0.5172 0.721257 -0.692667 2.653412
0.4483 0.5517 0.688260 -0.725464 2.965998
0.4483 0.5862 0.0000 0.0000 0.0000
0.4483 0.6207 0.0000 0.0000 0.0000
0.4483 0.6552 0.0000 0.0000 0.0000
0.4483 0.6897 0.0000 0.0000 0.0000
0.4483 0.7241 0.0000 0.0000 0.0000
0.4483 0.7586 0.0000 0.0000 0.0000
0.4483 0.7931 0.0000 0.0000 0.0000
0.4483 0.8276 0.0000 0.0000 0.0000
0.4483 0.8621 0.0000 0.0000 0.0000
0.4483 0.8966 0.0000 0.0000 0.0000
0.4483 0.9310 0.0000 0.0000 0.0000
0.4483 0.9655 0.0000 0.0000 0.0000
0.4483 1.0000 0.0000 0.0000 0.0000

0.4828 0.0000 0.000000 1.000000 2.896552
0.4828 0.0345 0.053830 0.998550 2.562336
0.4828 0.0690 0.123276 0.992372 2.237758
0.4828 0.1034 0.214657 0.976689 1.927694
0.4828 0.1379 0.336336 0.941742 1.640394
0.4828 0.1724 0.496139 0.868243 1.390044
0.4828 0.2069 0.689655 0.724138 1.200000
0.4828 0.2414 0.876216 0.481919 1.101917
0.4828 0.2759 0.985030 0.172380 1.120217
0.4828 0.3103 0.993263 -0.115881 1.249799
0.4828 0.3448 0.943858 -0.330350 1.461353
0.4828 0.3793 0.879571 -0.475768 1.724979
0.4828 0.4138 0.819232 -0.573462 2.020395
0.4828 0.4483 0.767737 -0.640765 2.335570
0.4828 0.4828 0.724999 -0.688749 2.663498
0.4828 0.5172 0.0000 0.0000 0.0000
0.4828 0.5517 0.0000 0.0000 0.0000
0.4828 0.5862 0.0000 0.0000 0.0000
0.4828 0.6207 0.0000 0.0000 0.0000
0.4828 0.6552 0.0000 0.0000 0.0000
0.4828 0.6897 0.0000 0.0000 0.0000
0.4828 0.7241 0.0000 0.0000 0.0000
0.4828 0.7586 0.0000 0.0000 0.0000
0.4828 0.7931 0.0000 0.0000 0.0000
0.4828 0.8276 0.0000 0.0000 0.0000
0.4828 0.8621 0.0000 0.0000 0.0000
0.4828 0.8966 0.0000 0.0000 0.0000
0.4828 0.9310 0.0000 0.0000 0.0000
0.4828 0.9655 0.0000 0.0000 0.0000
0.4828 1.0000 0.0000 0.0000 0.0000

0.5172 0.0000 0.000000 1.000000 2.896552
0.5172 0.0345 0.058404 0.998293 2.538816
0.5172 0.0690 0.135254 0.990811 2.192561
0.5172 0.1034 0.238617 0.971114 1.864194
0.5172 0.1379 0.378976 0.925407 1.565016
0.5172 0.1724 0.563744 0.825950 1.315100
0.5172 0.2069 0.775562 0.631271 1.147110
0.5172 0.2414 0.944200 0.329372 1.099270
0.5172 0.2759 1.000000 0.000000 1.186207
0.5172 0.3103 0.965108 -0.261851 1.382729
0.5172 0.3448 0.898568 -0.438835 1.650136
0.5172 0.3793 0.832321 -0.554294 1.959622
0.5172 0.4138 0.775562 -0.631271 2.294221
0.5172 0.4483 0.728927 -0.684591 2.644416
0.5172 0.4828 0.0000 0.0000 0.0000
0.5172 0.5172 0.0000 0.0000 0.0000
0.5172 0.5517 0.0000 0.0000 0.0000
0.5172 0.5862 0.0000 0.0000 0.0000
0.5172 0.6207 0.0000 0.0000 0.0000
0.5172 0.6552 0.0000 0.0000 0.0000
0.5172 0.6897 0.0000 0.0000 0.0000
0.5172 0.7241 0.0000 0.0000 0.0000
0.5172 0.7586 0.0000 0.0000 0.0000
0.5172 0.7931 0.0000 0.0000 0.0000
0.5172 0.8276 0.0000 0.0000 0.0000
0.5172 0.8621 0.0000 0.0000 0.0000
0.5172 0.8966 0.0000 0.0000 0.0000
0.5172 0.9310 0.0000 0.0000 0.0000
0.5172 0.9655 0.0000 0.0000 0.0000
0.5172 1.0000 0.0000 0.0000 0.0000

0.5517 0.0000 0.000000 1.000000 2.868966
0.5517 0.0345 0.063759 0.997965 2.487821
0.5517 0.0690 0.149613 0.988745 2.120418
0.5517 0.1034 0.268045 0.963407 1.775310
0.5517 0.1379 0.432120 0.901816 1.468302
0.5517 0.1724 0.645691 0.763599 1.228303
0.5517 0.2069 0.865140 0.501530 1.100081
0.5517 0.2414 0.989071 0.147439 1.122614
0.5517 0.2759 0.985212 -0.171341 1.288013
0.5517 0.3103 0.920291 -0.391235 1.551234
0.5517 0.3448 0.847584 -0.530661 1.871445
0.5517 0.3793 0.784486 -0.620147 2.224167
0.5517 0.4138 0.733172 -0.680043 2.596183
0.5517 0.4483 0.691905 -0.721988 2.980276
0.5517 0.4828 0.0000 0.0000 0.0000
0.5517 0.5172 0.0000 0.0000 0.0000
0.5517 0.5517 0.0000 0.0000 0.0000
0.5517 0.5862 0.0000 0.0000 0.0000
0.5517 0.6207 0.0000 0.0000 0.0000
0.5517 0.6552 0.0000 0.0000 0.0000
0.5517 0.6897 0.0000 0.0000 0.0000
0.5517 0.7241 0.0000 0.0000 0.0000
0.5517 0.7586 0.0000 0.0000 0.0000
0.5517 0.7931 0.0000 0.0000 0.0000
0.5517 0.8276 0.0000 0.0000 0.0000
0.5517 0.8621 0.0000 0.0000 0.0000
0.5517 0.8966 0.0000 0.0000 0.0000
0.5517 0.9310 0.0000 0.0000 0.0000
0.5517 0.9655 0.0000 0.0000 0.0000
0.5517 1.0000 0.0000 0.0000 0.0000

0.5862 0.0000 0.000000 1.000000 2.813793
0.5862 0.0345 0.070128 0.997538 2.409380
0.5862 0.0690 0.167164 0.985929 2.021549
0.5862 0.1034 0.305002 0.952352 1.661947
0.5862 0.1379 0.499428 0.866355 1.353271
0.5862 0.1724 0.742540 0.669802 1.137753
0.5862 0.2069 0.944757 0.327773 1.073073
0.5862 0.2414 0.998774 -0.049502 1.184210
0.5862 0.2759 0.944757 -0.327773 1.430764
0.5862 0.3103 0.865695 -0.500572 1.756611
0.5862 0.3448 0.794910 -0.606727 2.125593
0.5862 0.3793 0.737892 -0.674918 2.518823
0.5862 0.4138 0.692826 -0.721105 2.926544
0.5862 0.4483 0.0000 0.0000 0.0000
0.5862 0.4828 0.0000 0.0000 0.0000
0.5862 0.5172 0.0000 0.0000 0.0000
0.5862 0.5517 0.0000 0.0000 0.0000
0.5862 0.5862 0.0000 0.0000 0.0000
0.5862 0.6207 0.0000 0.0000 0.0000
0.5862 0.6552 0.0000 0.0000 0.0000
0.5862 0.6897 0.0000 0.0000 0.0000
0.5862 0.7241 0.0000 0.0000 0.0000
0.5862 0.7586 0.0000 0.0000 0.0000
0.5862 0.7931 0.0000 0.0000 0.0000
0.5862 0.8276 0.0000 0.0000 0.0000
0.5862 0.8621 0.0000 0.0000 0.0000
0.5862 0.8966 0.0000 0.0000 0.0000
0.5862 0.9310 0.0000 0.0000 0.0000
0.5862 0.9655 0.0000 0.0000 0.0000
0.5862 1.0000 0.0000 0.0000 0.0000

0.6207 0.0000 0.000000 1.000000 2.731035
0.6207 0.0345 0.077841 0.996966 2.303541
0.6207 0.0690 0.189117 0.981955 1.896288
0.6207 0.1034 0.352609 0.935771 1.525573
0.6207 0.1379 0.585491 0.810679 1.225026
0.6207 0.1724 0.848731 0.528825 1.056344
0.6207 0.2069 0.993409 0.114624 1.083000
0.6207 0.2414 0.970767 -0.240025 1.292970
0.6207 0.2759 0.887496 -0.460815 1.616326
0.6207 0.3103 0.807391 -0.590017 1.998775
0.6207 0.3448 0.743294 -0.668965 2.412374
0.6207 0.3793 0.693642 -0.720320 2.843563
0.6207 0.4138 0.0000 0.0000 0.0000
0.6207 0.4483 0.0000 0.0000 0.0000
0.6207 0.4828 0.0000 0.0000 0.0000
0.6207 0.5172 0.0000 0.0000 0.0000
0.6207 0.5517 0.0000 0.0000 0.0000
0.6207 0.5862 0.0000 0.0000 0.0000
0.6207 0.6207 0.0000 0.0000 0.0000
0.6207 0.6552 0.0000 0.0000 0.0000
0.6207 0.6897 0.0000 0.0000 0.0000
0.6207 0.7241 0.0000 0.0000 0.0000
0.6207 0.7586 0.0000 0.0000 0.0000
0.6207 0.7931 0.0000 0.0000 0.0000
0.6207 0.8276 0.0000 0.0000 0.0000
0.6207 0.8621 0.0000 0.0000 0.0000
0.6207 0.8966 0.0000 0.0000 0.0000
0.6207 0.9310 0.0000 0.0000 0.0000
0.6207 0.9655 0.0000 0.0000 0.0000
0.6207 1.0000 0.0000 0.0000 0.0000

0.6552 0.0000 0.000000 1.000000 2.620690
0.6552 0.0345 0.087384 0.996175 2.170371
0.6552 0.0690 0.217349 0.976094 1.745168
0.6552 0.1034 0.415700 0.909502 1.368692
0.6552 0.1379 0.694369 0.719619 1.092532
0.6552 0.1724 0.945190 0.326520 1.003265
0.6552 0.2069 0.993435 -0.114396 1.145451
0.6552 0.2414 0.913909 -0.405918 1.452645
0.6552 0.2759 0.822730 -0.568432 1.844154
0.6552 0.3103 0.749661 -0.661822 2.276891
0.6552 0.3448 0.694369 -0.719619 2.731331
0.6552 0.3793 0.0000 0.0000 0.0000
0.6552 0.4138 0.0000 0.0000 0.0000
0.6552 0.4483 0.0000 0.0000 0.0000
0.6552 0.4828 0.0000 0.0000 0.0000
0.6552 0.5172 0.0000 0.0000 0.0000
0.6552 0.5517 0.0000 0.0000 0.0000
0.6552 0.5862 0.0000 0.0000 0.0000
0.6552 0.6207 0.0000 0.0000 0.0000
0.6552 0.6552 0.0000 0.0000 0.0000
0.6552 0.6897 0.0000 0.0000 0.0000
0.6552 0.7241 0.0000 0.0000 0.0000
0.6552 0.7586 0.0000 0.0000 0.0000
0.6552 0.7931 0.0000 0.0000 0.0000
0.6552 0.8276 0.0000 0.0000 0.0000
0.6552 0.8621 0.0000 0.0000 0.0000
0.6552 0.8966 0.0000 0.0000 0.0000
0.6552 0.9310 0.0000 0.0000 0.0000
0.6552 0.9655 0.0000 0.0000 0.0000
0.6552 1.0000 0.0000 0.0000 0.0000

0.6897 0.0000 0.000000 1.000000 2.482759
0.6897 0.0345 0.099504 0.995037 2.009975
0.6897 0.0690 0.254926 0.966961 1.569083
0.6897 0.1034 0.501718 0.865031 1.195891
0.6897 0.1379 0.823213 0.567733 0.971802
0.6897 0.1724 0.997630 0.068802 1.002375
0.6897 0.2069 0.945373 -0.325991 1.269340
0.6897 0.2414 0.842121 -0.539289 1.662470
0.6897 0.2759 0.757410 -0.652940 2.112462
0.6897 0.3103 0.0000 0.0000 0.0000
0.6897 0.3448 0.0000 0.0000 0.0000
0.6897 0.3793 0.0000 0.0000 0.0000
0.6897 0.4138 0.0000 0.0000 0.0000
0.6897 0.4483 0.0000 0.0000 0.0000
0.6897 0.4828 0.0000 0.0000 0.0000
0.6897 0.5172 0.0000 0.0000 0.0000
0.6897 0.5517 0.0000 0.0000 0.0000
0.6897 0.5862 0.0000 0.0000 0.0000
0.6897 0.6207 0.0000 0.0000 0.0000
0.6897 0.6552 0.0000 0.0000 0.0000
0.6897 0.6897 0.0000 0.0000 0.0000
0.6897 0.7241 0.0000 0.0000 0.0000
0.6897 0.7586 0.0000 0.0000 0.0000
0.6897 0.7931 0.0000 0.0000 0.0000
0.6897 0.8276 0.0000 0.0000 0.0000
0.6897 0.8621 0.0000 0.0000 0.0000
0.6897 0.8966 0.0000 0.0000 0.0000
0.6897 0.9310 0.0000 0.0000 0.0000
0.6897 0.9655 0.0000 0.0000 0.0000
0.6897 1.0000 0.0000 0.0000 0.0000

0.7241 0.0000 0.000000 1.000000 2.317241
0.7241 0.0345 0.115414 0.993317 1.822524
0.7241 0.0690 0.307150 0.951661 1.369656
0.7241 0.1034 0.620964 0.783839 1.016218
0.7241 0.1379 0.945538 0.325513 0.889842
0.7241 0.1724 0.979326 -0.202287 1.073926
0.7241 0.2069 0.867367 -0.497669 1.455058
0.7241 0.2414 0.767189 -0.641421 1.919231
0.7241 0.2759 0.695611 -0.718418 2.419107
0.7241 0.3103 0.0000 0.0000 0.0000
0.7241 0.3448 0.0000 0.0000 0.0000
0.7241 0.3793 0.0000 0.0000 0.0000
0.7241 0.4138 0.0000 0.0000 0.0000
0.7241 0.4483 0.0000 0.0000 0.0000
0.7241 0.4828 0.0000 0.0000 0.0000
0.7241 0.5172 0.0000 0.0000 0.0000
0.7241 0.5517 0.0000 0.0000 0.0000
0.7241 0.5862 0.0000 0.0000 0.0000
0.7241 0.6207 0.0000 0.0000 0.0000
0.7241 0.6552 0.0000 0.0000 0.0000
0.7241 0.6897 0.0000 0.0000 0.0000
0.7241 0.7241 0.0000 0.0000 0.0000
0.7241 0.7586 0.0000 0.0000 0.0000
0.7241 0.7931 0.0000 0.0000 0.0000
0.7241 0.8276 0.0000 0.0000 0.0000
0.7241 0.8621 0.0000 0.0000 0.0000
0.7241 0.8966 0.0000 0.0000 0.0000
0.7241 0.9310 0.0000 0.0000 0.0000
0.7241 0.9655 0.0000 0.0000 0.0000
0.7241 1.0000 0.0000 0.0000 0.0000

0.7586 0.0000 0.000000 1.000000 2.124138
0.7586 0.0345 0.137218 0.990541 1.608317
0.7586 0.0690 0.383764 0.923431 1.150133
0.7586 0.1034 0.780075 0.625685 0.848724
0.7586 0.1379 1.000000 0.000000 0.882759
0.7586 0.1724 0.901083 -0.433646 1.224580
0.7586 0.2069 0.780075 -0.625685 1.697449
0.7586 0.2414 0.696146 -0.717900 2.219115
0.7586 0.2759 0.0000 0.0000 0.0000
0.7586 0.3103 0.0000 0.0000 0.0000
0.7586 0.3448 0.0000 0.0000 0.0000
0.7586 0.3793 0.0000 0.0000 0.0000
0.7586 0.4138 0.0000 0.0000 0.0000
0.7586 0.4483 0.0000 0.0000 0.0000
0.7586 0.4828 0.0000 0.0000 0.0000
0.7586 0.5172 0.0000 0.0000 0.0000
0.7586 0.5517 0.0000 0.0000 0.0000
0.7586 0.5862 0.0000 0.0000 0.0000
0.7586 0.6207 0.0000 0.0000 0.0000
0.7586 0.6552 0.0000 0.0000 0.0000
0.7586 0.6897 0.0000 0.0000 0.0000
0.7586 0.7241 0.0000 0.0000 0.0000
0.7586 0.7586 0.0000 0.0000 0.0000
0.7586 0.7931 0.0000 0.0000 0.0000
0.7586 0.8276 0.0000 0.0000 0.0000
0.7586 0.8621 0.0000 0.0000 0.0000
0.7586 0.8966 0.0000 0.0000 0.0000
0.7586 0.9310 0.0000 0.0000 0.0000
0.7586 0.9655 0.0000 0.0000 0.0000
0.7586 1.0000 0.0000 0.0000 0.0000

0.7931 0.0000 0.000000 1.000000 1.903448
0.7931 0.0345 0.168894 0.985634 1.367927
0.7931 0.0690 0.503404 0.864051 0.917889
0.7931 0.1034 0.945822 0.324685 0.732805
0.7931 0.1379 0.945822 -0.324685 0.977074
0.7931 0.1724 0.797995 -0.602665 1.447594
0.7931 0.2069 0.0000 0.0000 0.0000
0.7931 0.2414 0.0000 0.0000 0.0000
0.7931 0.2759 0.0000 0.0000 0.0000
0.7931 0.3103 0.0000 0.0000 0.0000
0.7931 0.3448 0.0000 0.0000 0.0000
0.7931 0.3793 0.0000 0.0000 0.0000
0.7931 0.4138 0.0000 0.0000 0.0000
0.7931 0.4483 0.0000 0.0000 0.0000
0.7931 0.4828 0.0000 0.0000 0.0000
0.7931 0.5172 0.0000 0.0000 0.0000
0.7931 0.5517 0.0000 0.0000 0.0000
0.7931 0.5862 0.0000 0.0000 0.0000
0.7931 0.6207 0.0000 0.0000 0.0000
0.7931 0.6552 0.0000 0.0000 0.0000
0.7931 0.6897 0.0000 0.0000 0.0000
0.7931 0.7241 0.0000 0.0000 0.0000
0.7931 0.7586 0.0000 0.0000 0.0000
0.7931 0.7931 0.0000 0.0000 0.0000
0.7931 0.8276 0.0000 0.0000 0.0000
0.7931 0.8621 0.0000 0.0000 0.0000
0.7931 0.8966 0.0000 0.0000 0.0000
0.7931 0.9310 0.0000 0.0000 0.0000
0.7931 0.9655 0.0000 0.0000 0.0000
0.7931 1.0000 0.0000 0.0000 0.0000

0.8276 0.0000 0.000000 1.000000 1.655172
0.8276 0.0345 0.218917 0.975744 1.102607
0.8276 0.0690 0.697078 0.716995 0.692546
0.8276 0.1034 0.993533 -0.113547 0.728852
0.8276 0.1379 0.824729 -0.565528 1.170709
0.8276 0.1724 0.697078 -0.716995 1.731364
0.8276 0.2069 0.0000 0.0000 0.0000
0.8276 0.2414 0.0000 0.0000 0.0000
0.8276 0.2759 0.0000 0.0000 0.0000
0.8276 0.3103 0.0000 0.0000 0.0000
0.8276 0.3448 0.0000 0.0000 0.0000
0.8276 0.3793 0.0000 0.0000 0.0000
0.8276 0.4138 0.0000 0.0000 0.0000
0.8276 0.4483 0.0000 0.0000 0.0000
0.8276 0.4828 0.0000 0.0000 0.0000
0.8276 0.5172 0.0000 0.0000 0.0000
0.8276 0.5517 0.0000 0.0000 0.0000
0.8276 0.5862 0.0000 0.0000 0.0000
0.8276 0.6207 0.0000 0.0000 0.0000
0.8276 0.6552 0.0000 0.0000 0.0000
0.8276 0.6897 0.0000 0.0000 0.0000
0.8276 0.7241 0.0000 0.0000 0.0000
0.8276 0.7586 0.0000 0.0000 0.0000
0.8276 0.7931 0.0000 0.0000 0.0000
0.8276 0.8276 0.0000 0.0000 0.0000
0.8276 0.8621 0.0000 0.0000 0.0000
0.8276 0.8966 0.0000 0.0000 0.0000
0.8276 0.9310 0.0000 0.0000 0.0000
0.8276 0.9655 0.0000 0.0000 0.0000
0.8276 1.0000 0.0000 0.0000 0.0000

0.8621 0.0000 0.000000 1.000000 1.379310
0.8621 0.0345 0.308608 0.951189 0.815676
0.8621 0.0690 0.946059 0.323993 0.532153
0.8621 0.1034 0.868487 -0.495712 0.869526
0.8621 0.1379 0.697488 -0.716597 1.443605
0.8621 0.1724 0.0000 0.0000 0.0000
0.8621 0.2069 0.0000 0.0000 0.0000
0.8621 0.2414 0.0000 0.0000 0.0000
0.8621 0.2759 0.0000 0.0000 0.0000
0.8621 0.3103 0.0000 0.0000 0.0000
0.8621 0.3448 0.0000 0.0000 0.0000
0.8621 0.3793 0.0000 0.0000 0.0000
0.8621 0.4138 0.0000 0.0000 0.0000
0.8621 0.4483 0.0000 0.0000 0.0000
0.8621 0.4828 0.0000 0.0000 0.0000
0.8621 0.5172 0.0000 0.0000 0.0000
0.8621 0.5517 0.0000 0.0000 0.0000
0.8621 0.5862 0.0000 0.0000 0.0000
0.8621 0.6207 0.0000 0.0000 0.0000
0.8621 0.6552 0.0000 0.0000 0.0000
0.8621 0.6897 0.0000 0.0000 0.0000
0.8621 0.7241 0.0000 0.0000 0.0000
0.8621 0.7586 0.0000 0.0000 0.0000
0.8621 0.7931 0.0000 0.0000 0.0000
0.8621 0.8276 0.0000 0.0000 0.0000
0.8621 0.8621 0.0000 0.0000 0.0000
0.8621 0.8966 0.0000 0.0000 0.0000
0.8621 0.9310 0.0000 0.0000 0.0000
0.8621 0.9655 0.0000 0.0000 0.0000
0.8621 1.0000 0.0000 0.0000 0.0000

0.8966 0.0000 0.000000 1.000000 1.075862
0.8966 0.0345 0.504697 0.863297 0.519260
0.8966 0.0690 0.946164 -0.323688 0.553961
0.8966 0.1034 0.0000 0.0000 0.0000
0.8966 0.1379 0.0000 0.0000 0.0000
0.8966 0.1724 0.0000 0.0000 0.0000
0.8966 0.2069 0.0000 0.0000 0.0000
0.8966 0.2414 0.0000 0.0000 0.0000
0.8966 0.2759 0.0000 0.0000 0.0000
0.8966 0.3103 0.0000 0.0000 0.0000
0.8966 0.3448 0.0000 0.0000 0.0000
0.8966 0.3793 0.0000 0.0000 0.0000
0.8966 0.4138 0.0000 0.0000 0.0000
0.8966 0.4483 0.0000 0.0000 0.0000
0.8966 0.4828 0.0000 0.0000 0.0000
0.8966 0.5172 0.0000 0.0000 0.0000
0.8966 0.5517 0.0000 0.0000 0.0000
0.8966 0.5862 0.0000 0.0000 0.0000
0.8966 0.6207 0.0000 0.0000 0.0000
0.8966 0.6552 0.0000 0.0000 0.0000
0.8966 0.6897 0.0000 0.0000 0.0000
0.8966 0.7241 0.0000 0.0000 0.0000
0.8966 0.7586 0.0000 0.0000 0.0000
0.8966 0.7931 0.0000 0.0000 0.0000
0.8966 0.8276 0.0000 0.0000 0.0000
0.8966 0.8621 0.0000 0.0000 0.0000
0.8966 0.8966 0.0000 0.0000 0.0000
0.8966 0.9310 0.0000 0.0000 0.0000
0.8966 0.9655 0.0000 0.0000 0.0000
0.8966 1.0000 0.0000 0.0000 0.0000

0.9310 0.0000 0.000000 1.000000 0.744828
0.9310 0.0345 0.946260 0.323405 0.287885
0.9310 0.0690 0.698213 -0.715890 0.780317
0.9310 0.1034 0.0000 0.0000 0.0000
0.9310 0.1379 0.0000 0.0000 0.0000
0.9310 0.1724 0.0000 0.0000 0.0000
0.9310 0.2069 0.0000 0.0000 0.0000
0.9310 0.2414 0.0000 0.0000 0.0000
0.9310 0.2759 0.0000 0.0000 0.0000
0.9310 0.3103 0.0000 0.0000 0.0000
0.9310 0.3448 0.0000 0.0000 0.0000
0.9310 0.3793 0.0000 0.0000 0.0000
0.9310 0.4138 0.0000 0.0000 0.0000
0.9310 0.4483 0.0000 0.0000 0.0000
0.9310 0.4828 0.0000 0.0000 0.0000
0.9310 0.5172 0.0000 0.0000 0.0000
0.9310 0.5517 0.0000 0.0000 0.0000
0.9310 0.5862 0.0000 0.0000 0.0000
0.9310 0.6207 0.0000 0.0000 0.0000
0.9310 0.6552 0.0000 0.0000 0.0000
0.9310 0.6897 0.0000 0.0000 0.0000
0.9310 0.7241 0.0000 0.0000 0.0000
0.9310 0.7586 0.0000 0.0000 0.0000
0.9310 0.7931 0.0000 0.0000 0.0000
0.9310 0.8276 0.0000 0.0000 0.0000
0.9310 0.8621 0.0000 0.0000 0.0000
0.9310 0.8966 0.0000 0.0000 0.0000
0.9310 0.9310 0.0000 0.0000 0.0000
0.9310 0.9655 0.0000 0.0000 0.0000
0.9310 1.0000 0.0000 0.0000 0.0000

0.9655 0.0000 0.000000 1.000000 0.386207
0.9655 0.0345 0.0000 0.0000 0.0000
0.9655 0.0690 0.0000 0.0000 0.0000
0.9655 0.1034 0.0000 0.0000 0.0000
0.9655 0.1379 0.0000 0.0000 0.0000
0.9655 0.1724 0.0000 0.0000 0.0000
0.9655 0.2069 0.0000 0.0000 0.0000
0.9655 0.2414 0.0000 0.0000 0.0000
0.9655 0.2759 0.0000 0.0000 0.0000
0.9655 0.3103 0.0000 0.0000 0.0000
0.9655 0.3448 0.0000 0.0000 0.0000
0.9655 0.3793 0.0000 0.0000 0.0000
0.9655 0.4138 0.0000 0.0000 0.0000
0.9655 0.4483 0.0000 0.0000 0.0000
0.9655 0.4828 0.0000 0.0000 0.0000
0.9655 0.5172 0.0000 0.0000 0.0000
0.9655 0.5517 0.0000 0.0000 0.0000
0.9655 0.5862 0.0000 0.0000 0.0000
0.9655 0.6207 0.0000 0.0000 0.0000
0.9655 0.6552 0.0000 0.0000 0.0000
0.9655 0.6897 0.0000 0.0000 0.0000
0.9655 0.7241 0.0000 0.0000 0.0000
0.9655 0.7586 0.0000 0.0000 0.0000
0.9655 0.7931 0.0000 0.0000 0.0000
0.9655 0.8276 0.0000 0.0000 0.0000
0.9655 0.8621 0.0000 0.0000 0.0000
0.9655 0.8966 0.0000 0.0000 0.0000
0.9655 0.9310 0.0000 0.0000 0.0000
0.9655 0.9655 0.0000 0.0000 0.0000
0.9655 1.0000 0.0000 0.0000 0.0000

1.0000 0.0000 0.000000 0.000000 0.000000
1.0000 0.0345 0.0000 0.0000 0.0000
1.0000 0.0690 0.0000 0.0000 0.0000
1.0000 0.1034 0.0000 0.0000 0.0000
1.0000 0.1379 0.0000 0.0000 0.0000
1.0000 0.1724 0.0000 0.0000 0.0000
1.0000 0.2069 0.0000 0.0000 0.0000
1.0000 0.2414 0.0000 0.0000 0.0000
1.0000 0.2759 0.0000 0.0000 0.0000
1.0000 0.3103 0.0000 0.0000 0.0000
1.0000 0.3448 0.0000 0.0000 0.0000
1.0000 0.3793 0.0000 0.0000 0.0000
1.0000 0.4138 0.0000 0.0000 0.0000
1.0000 0.4483 0.0000 0.0000 0.0000
1.0000 0.4828 0.0000 0.0000 0.0000
1.0000 0.5172 0.0000 0.0000 0.0000
1.0000 0.5517 0.0000 0.0000 0.0000
1.0000 0.5862 0.0000 0.0000 0.0000
1.0000 0.6207 0.0000 0.0000 0.0000
1.0000 0.6552 0.0000 0.0000 0.0000
1.0000 0.6897 0.0000 0.0000 0.0000
1.0000 0.7241 0.0000 0.0000 0.0000
1.0000 0.7586 0.0000 0.0000 0.0000
1.0000 0.7931 0.0000 0.0000 0.0000
1.0000 0.8276 0.0000 0.0000 0.0000
1.0000 0.8621 0.0000 0.0000 0.0000
1.0000 0.8966 0.0000 0.0000 0.0000
1.0000 0.9310 0.0000 0.0000 0.0000
1.0000 0.9655 0.0000 0.0000 0.0000
1.0000 1.0000 0.0000 0.0000 0.0000

