0.0000 0.0000 0.000000 0.000000 0.000000
0.0000 0.0345 -1.000000 0.000000 0.006897
0.0000 0.0690 -1.000000 0.000000 0.013793
0.0000 0.1034 -1.000000 0.000000 0.020690
0.0000 0.1379 -1.000000 0.000000 0.027586
0.0000 0.1724 -1.000000 0.000000 0.034483
0.0000 0.2069 -1.000000 0.000000 0.041379
0.0000 0.2414 -1.000000 0.000000 0.048276
0.0000 0.2759 -1.000000 0.000000 0.055172
0.0000 0.3103 -1.000000 0.000000 0.062069
0.0000 0.3448 -1.000000 0.000000 0.068966
0.0000 0.3793 -1.000000 0.000000 0.075862
0.0000 0.4138 -1.000000 0.000000 0.082759
0.0000 0.4483 -1.000000 0.000000 0.089655
0.0000 0.4828 -1.000000 0.000000 0.096552
0.0000 0.5172 -1.000000 0.000000 0.103448
0.0000 0.5517 -1.000000 0.000000 0.110345
0.0000 0.5862 -1.000000 -0.000000 0.117241
0.0000 0.6207 -1.000000 -0.000000 0.124138
0.0000 0.6552 -1.000000 -0.000000 0.131034
0.0000 0.6897 -1.000000 -0.000000 0.137931
0.0000 0.7241 -1.000000 -0.000000 0.144828
0.0000 0.7586 -1.000000 -0.000000 0.151724
0.0000 0.7931 -1.000000 -0.000000 0.158621
0.0000 0.8276 -1.000000 -0.000000 0.165517
0.0000 0.8621 -1.000000 -0.000000 0.172414
0.0000 0.8966 -1.000000 -0.000000 0.179310
0.0000 0.9310 -1.000000 -0.000000 0.186207
0.0000 0.9655 -1.000000 -0.000000 0.193103
0.0000 1.0000 -1.000000 -0.000000 0.200000

0.0345 0.0000 0.000000 1.000000 0.226397
0.0345 0.0345 -0.003922 0.999992 0.212249
0.0345 0.0690 -0.008403 0.999965 0.198104
0.0345 0.1034 -0.013573 0.999908 0.183965
0.0345 0.1379 -0.019604 0.999808 0.169830
0.0345 0.1724 -0.026728 0.999643 0.155704
0.0345 0.2069 -0.035272 0.999378 0.141586
0.0345 0.2414 -0.045704 0.998955 0.127482
0.0345 0.2759 -0.058722 0.998274 0.113394
0.0345 0.3103 -0.075415 0.997152 0.099332
0.0345 0.3448 -0.097571 0.995229 0.085306
0.0345 0.3793 -0.128342 0.991730 0.071339
0.0345 0.4138 -0.173785 0.984784 0.057474
0.0345 0.4483 -0.247004 0.969015 0.043807
0.0345 0.4828 -0.380750 0.924678 0.030605
0.0345 0.5172 -0.661622 0.749838 0.018871
0.0345 0.5517 -1.000000 0.000000 0.013317
0.0345 0.5862 -0.707107 -0.707107 0.020011
0.0345 0.6207 -0.467888 -0.883788 0.032021
0.0345 0.6552 -0.349109 -0.937082 0.045300
0.0345 0.6897 -0.282166 -0.959365 0.058997
0.0345 0.7241 -0.239847 -0.970811 0.072876
0.0345 0.7586 -0.210838 -0.977521 0.086851
0.0345 0.7931 -0.189765 -0.981829 0.100882
0.0345 0.8276 -0.173785 -0.984784 0.114948
0.0345 0.8621 -0.161260 -0.986912 0.129037
0.0345 0.8966 -0.151183 -0.988506 0.143144
0.0345 0.9310 -0.142903 -0.989737 0.157262
0.0345 0.9655 -0.135980 -0.990712 0.171390
0.0345 1.0000 0.0000 0.0000 0.0000

0.0690 0.0000 0.000000 1.000000 0.436623
0.0690 0.0345 0.012812 0.999918 0.408357
0.0690 0.0690 0.027524 0.999621 0.380168
0.0690 0.1034 0.044580 0.999006 0.352074
0.0690 0.1379 0.064571 0.997913 0.324101
0.0690 0.1724 0.088292 0.996095 0.296282
0.0690 0.2069 0.116841 0.993151 0.268665
0.0690 0.2414 0.151761 0.988417 0.241321
0.0690 0.2759 0.195263 0.980751 0.214352
0.0690 0.3103 0.250567 0.968099 0.187921
0.0690 0.3448 0.322376 0.946612 0.162291
0.0690 0.3793 0.417308 0.908765 0.137909
0.0690 0.4138 0.543251 0.839570 0.115568
0.0690 0.4483 0.703408 0.710786 0.096692
0.0690 0.4828 0.875495 0.483228 0.083663
0.0690 0.5172 0.988268 0.152732 0.079410
0.0690 0.5517 0.981847 -0.189675 0.085258
0.0690 0.5862 0.894427 -0.447214 0.099440
0.0690 0.6207 0.791285 -0.611448 0.119014
0.0690 0.6552 0.701211 -0.712954 0.141763
0.0690 0.6897 0.628869 -0.777511 0.166390
0.0690 0.7241 0.571717 -0.820451 0.192174
0.0690 0.7586 0.526280 -0.850311 0.218707
0.0690 0.7931 0.489664 -0.871911 0.245746
0.0690 0.8276 0.459707 -0.888071 0.273141
0.0690 0.8621 0.434837 -0.900509 0.300794
0.0690 0.8966 0.413912 -0.910317 0.328641
0.0690 0.9310 0.396091 -0.918211 0.356636
0.0690 0.9655 0.0000 0.0000 0.0000
0.0690 1.0000 0.0000 0.0000 0.0000

0.1034 0.0000 0.000000 1.000000 0.630678
0.1034 0.0345 0.019200 0.999816 0.588337
0.1034 0.0690 0.041359 0.999144 0.546246
0.1034 0.1034 0.067176 0.997741 0.504469
0.1034 0.1379 0.097571 0.995229 0.463090
0.1034 0.1724 0.133768 0.991013 0.422225
0.1034 0.2069 0.177406 0.984138 0.382041
0.1034 0.2414 0.230682 0.973029 0.342777
0.1034 0.2759 0.296497 0.955034 0.304787
0.1034 0.3103 0.378478 0.925610 0.268615
0.1034 0.3448 0.480481 0.877005 0.235099
0.1034 0.3793 0.604526 0.796586 0.205544
0.1034 0.4138 0.745241 0.666795 0.181891
0.1034 0.4483 0.881066 0.472993 0.166672
0.1034 0.4828 0.974539 0.224217 0.162277
0.1034 0.5172 0.999360 -0.035767 0.169550
0.1034 0.5517 0.965812 -0.259244 0.187135
0.1034 0.5862 0.903738 -0.428086 0.212488
0.1034 0.6207 0.836090 -0.548592 0.243191
0.1034 0.6552 0.773499 -0.633798 0.277474
0.1034 0.6897 0.719114 -0.694892 0.314166
0.1034 0.7241 0.672925 -0.739711 0.352517
0.1034 0.7586 0.633898 -0.773416 0.392040
0.1034 0.7931 0.600836 -0.799373 0.432414
0.1034 0.8276 0.572653 -0.819798 0.473421
0.1034 0.8621 0.548450 -0.836184 0.514909
0.1034 0.8966 0.527501 -0.849554 0.556772
0.1034 0.9310 0.0000 0.0000 0.0000
0.1034 0.9655 0.0000 0.0000 0.0000
0.1034 1.0000 0.0000 0.0000 0.0000

0.1379 0.0000 0.000000 1.000000 0.808561
0.1379 0.0345 0.023081 0.999734 0.752162
0.1379 0.0690 0.049869 0.998756 0.696229
0.1379 0.1034 0.081264 0.996693 0.640883
0.1379 0.1379 0.118441 0.992961 0.586291
0.1379 0.1724 0.162951 0.986634 0.532685
0.1379 0.2069 0.216826 0.976210 0.480394
0.1379 0.2414 0.282675 0.959216 0.429899
0.1379 0.2759 0.363648 0.931536 0.381914
0.1379 0.3103 0.462927 0.886396 0.337510
0.1379 0.3448 0.581992 0.813194 0.298291
0.1379 0.3793 0.716413 0.697677 0.266555
0.1379 0.4138 0.849520 0.527556 0.245225
0.1379 0.4483 0.951746 0.306886 0.237126
0.1379 0.4828 0.997794 0.066389 0.243581
0.1379 0.5172 0.988162 -0.153413 0.263524
0.1379 0.5517 0.944060 -0.329774 0.294223
0.1379 0.5862 0.887018 -0.461735 0.332716
0.1379 0.6207 0.829711 -0.558193 0.376619
0.1379 0.6552 0.777467 -0.628924 0.424257
0.1379 0.6897 0.731722 -0.681604 0.474505
0.1379 0.7241 0.692278 -0.721631 0.526618
0.1379 0.7586 0.658389 -0.752678 0.580093
0.1379 0.7931 0.629209 -0.777236 0.634585
0.1379 0.8276 0.603964 -0.797012 0.689854
0.1379 0.8621 0.581992 -0.813194 0.745727
0.1379 0.8966 0.0000 0.0000 0.0000
0.1379 0.9310 0.0000 0.0000 0.0000
0.1379 0.9655 0.0000 0.0000 0.0000
0.1379 1.0000 0.0000 0.0000 0.0000

0.1724 0.0000 0.000000 1.000000 0.970273
0.1724 0.0345 0.026032 0.999661 0.899829
0.1724 0.0690 0.056438 0.998406 0.830098
0.1724 0.1034 0.092310 0.995730 0.761277
0.1724 0.1379 0.135083 0.990834 0.693635
0.1724 0.1724 0.186633 0.982430 0.627554
0.1724 0.2069 0.249380 0.968406 0.563585
0.1724 0.2414 0.326290 0.945270 0.502533
0.1724 0.2759 0.420547 0.907271 0.445601
0.1724 0.3103 0.534299 0.845296 0.394574
0.1724 0.3448 0.665411 0.746477 0.352030
0.1724 0.3793 0.801817 0.597570 0.321357
0.1724 0.4138 0.918178 0.396168 0.306143
0.1724 0.4483 0.986508 0.163712 0.308683
0.1724 0.4828 0.998106 -0.061522 0.328565
0.1724 0.5172 0.968085 -0.250621 0.362951
0.1724 0.5517 0.918178 -0.396168 0.408191
0.1724 0.5862 0.863620 -0.504144 0.461101
0.1724 0.6207 0.811873 -0.583834 0.519343
0.1724 0.6552 0.765616 -0.643298 0.581317
0.1724 0.6897 0.725275 -0.688459 0.645948
0.1724 0.7241 0.690392 -0.723435 0.712514
0.1724 0.7586 0.660250 -0.751046 0.780521
0.1724 0.7931 0.634121 -0.773233 0.849622
0.1724 0.8276 0.611359 -0.791353 0.919570
0.1724 0.8621 0.0000 0.0000 0.0000
0.1724 0.8966 0.0000 0.0000 0.0000
0.1724 0.9310 0.0000 0.0000 0.0000
0.1724 0.9655 0.0000 0.0000 0.0000
0.1724 1.0000 0.0000 0.0000 0.0000

0.2069 0.0000 0.000000 1.000000 1.115814
0.2069 0.0345 0.028593 0.999591 1.031337
0.2069 0.0690 0.062222 0.998062 0.947853
0.2069 0.1034 0.102196 0.994764 0.865650
0.2069 0.1379 0.150236 0.988650 0.785130
0.2069 0.1724 0.208587 0.978004 0.706868
0.2069 0.2069 0.280087 0.959975 0.631705
0.2069 0.2414 0.368026 0.929816 0.560887
0.2069 0.2759 0.475357 0.879793 0.496279
0.2069 0.3103 0.602329 0.798248 0.440620
0.2069 0.3448 0.741507 0.670945 0.397686
0.2069 0.3793 0.872190 0.489168 0.371910
0.2069 0.4138 0.964404 0.264433 0.366926
0.2069 0.4483 0.999500 0.031622 0.383545
0.2069 0.4828 0.984818 -0.173591 0.419206
0.2069 0.5172 0.941948 -0.335759 0.469591
0.2069 0.5517 0.889350 -0.457226 0.530521
0.2069 0.5862 0.837207 -0.546885 0.598786
0.2069 0.6207 0.789695 -0.613500 0.672154
0.2069 0.6552 0.747917 -0.663792 0.749128
0.2069 0.6897 0.711683 -0.702500 0.828703
0.2069 0.7241 0.680361 -0.732877 0.910197
0.2069 0.7586 0.653233 -0.757157 0.993139
0.2069 0.7931 0.629636 -0.776890 1.077194
0.2069 0.8276 0.0000 0.0000 0.0000
0.2069 0.8621 0.0000 0.0000 0.0000
0.2069 0.8966 0.0000 0.0000 0.0000
0.2069 0.9310 0.0000 0.0000 0.0000
0.2069 0.9655 0.0000 0.0000 0.0000
0.2069 1.0000 0.0000 0.0000 0.0000

0.2414 0.0000 0.000000 1.000000 1.245184
0.2414 0.0345 0.031005 0.999519 1.146687
0.2414 0.0690 0.067752 0.997702 1.049498
0.2414 0.1034 0.111799 0.993731 0.954019
0.2414 0.1379 0.165205 0.986259 0.860818
0.2414 0.1724 0.230647 0.973037 0.770721
0.2414 0.2069 0.311432 0.950268 0.684956
0.2414 0.2414 0.411108 0.911587 0.605365
0.2414 0.2759 0.531916 0.846797 0.534714
0.2414 0.3103 0.670822 0.741618 0.476991
0.2414 0.3448 0.812924 0.582369 0.437346
0.2414 0.3793 0.929118 0.369783 0.420917
0.2414 0.4138 0.991315 0.131512 0.430373
0.2414 0.4483 0.995809 -0.091460 0.464133
0.2414 0.4828 0.961887 -0.273446 0.517463
0.2414 0.5172 0.911560 -0.411167 0.585034
0.2414 0.5517 0.858631 -0.512594 0.662504
0.2414 0.5862 0.809321 -0.587367 0.746798
0.2414 0.6207 0.765626 -0.643285 0.835855
0.2414 0.6552 0.727677 -0.685920 0.928304
0.2414 0.6897 0.694918 -0.719089 1.023226
0.2414 0.7241 0.666621 -0.745397 1.119993
0.2414 0.7586 0.642083 -0.766635 1.218166
0.2414 0.7931 0.0000 0.0000 0.0000
0.2414 0.8276 0.0000 0.0000 0.0000
0.2414 0.8621 0.0000 0.0000 0.0000
0.2414 0.8966 0.0000 0.0000 0.0000
0.2414 0.9310 0.0000 0.0000 0.0000
0.2414 0.9655 0.0000 0.0000 0.0000
0.2414 1.0000 0.0000 0.0000 0.0000

0.2759 0.0000 0.000000 1.000000 1.358383
0.2759 0.0345 0.033404 0.999442 1.245880
0.2759 0.0690 0.073331 0.997308 1.135042
0.2759 0.1034 0.121639 0.992574 1.026409
0.2759 0.1379 0.180794 0.983521 0.920762
0.2759 0.1724 0.253993 0.967206 0.819257
0.2759 0.2069 0.345066 0.938579 0.723638
0.2759 0.2414 0.457643 0.889136 0.636565
0.2759 0.2759 0.592390 0.805651 0.562023
0.2759 0.3103 0.740833 0.671689 0.505585
0.2759 0.3448 0.878432 0.477867 0.473766
0.2759 0.3793 0.970762 0.240043 0.471576
0.2759 0.4138 1.000000 0.000000 0.499405
0.2759 0.4483 0.978805 -0.204796 0.552738
0.2759 0.4828 0.932105 -0.362189 0.625080
0.2759 0.5172 0.878432 -0.477867 0.710649
0.2759 0.5517 0.826927 -0.562310 0.805240
0.2759 0.5862 0.780869 -0.624695 0.906031
0.2759 0.6207 0.740833 -0.671689 1.011170
0.2759 0.6552 0.706363 -0.707850 1.119432
0.2759 0.6897 0.676705 -0.736255 1.229994
0.2759 0.7241 0.651098 -0.758994 1.342286
0.2759 0.7586 0.0000 0.0000 0.0000
0.2759 0.7931 0.0000 0.0000 0.0000
0.2759 0.8276 0.0000 0.0000 0.0000
0.2759 0.8621 0.0000 0.0000 0.0000
0.2759 0.8966 0.0000 0.0000 0.0000
0.2759 0.9310 0.0000 0.0000 0.0000
0.2759 0.9655 0.0000 0.0000 0.0000
0.2759 1.0000 0.0000 0.0000 0.0000

0.3103 0.0000 0.000000 1.000000 1.455410
0.3103 0.0345 0.035880 0.999356 1.328917
0.3103 0.0690 0.079172 0.996861 1.204494
0.3103 0.1034 0.132099 0.991237 1.082855
0.3103 0.1379 0.197632 0.980276 0.965051
0.3103 0.1724 0.279598 0.960117 0.852675
0.3103 0.2069 0.382380 0.924005 0.748177
0.3103 0.2414 0.509310 0.860583 0.655336
0.3103 0.2759 0.657924 0.753085 0.579780
0.3103 0.3103 0.811266 0.584678 0.528966
0.3103 0.3448 0.934303 0.356480 0.510341
0.3103 0.3793 0.994630 0.103499 0.527327
0.3103 0.4138 0.992009 -0.126166 0.576785
0.3103 0.4483 0.951635 -0.307232 0.651361
0.3103 0.4828 0.897792 -0.440420 0.743534
0.3103 0.5172 0.843835 -0.536603 0.847583
0.3103 0.5517 0.794976 -0.606640 0.959653
0.3103 0.5862 0.752460 -0.658637 1.077243
0.3103 0.6207 0.715978 -0.698123 1.198730
0.3103 0.6552 0.684745 -0.728783 1.323041
0.3103 0.6897 0.657924 -0.753085 1.449449
0.3103 0.7241 0.0000 0.0000 0.0000
0.3103 0.7586 0.0000 0.0000 0.0000
0.3103 0.7931 0.0000 0.0000 0.0000
0.3103 0.8276 0.0000 0.0000 0.0000
0.3103 0.8621 0.0000 0.0000 0.0000
0.3103 0.8966 0.0000 0.0000 0.0000
0.3103 0.9310 0.0000 0.0000 0.0000
0.3103 0.9655 0.0000 0.0000 0.0000
0.3103 1.0000 0.0000 0.0000 0.0000

0.3448 0.0000 0.000000 1.000000 1.536266
0.3448 0.0345 0.038505 0.999258 1.395803
0.3448 0.0690 0.085455 0.996342 1.257871
0.3448 0.1034 0.143525 0.989647 1.123403
0.3448 0.1379 0.216322 0.976322 0.993805
0.3448 0.1724 0.308438 0.951244 0.871254
0.3448 0.2069 0.424771 0.905301 0.759170
0.3448 0.2414 0.567549 0.823340 0.662884
0.3448 0.2759 0.728531 0.685013 0.590180
0.3448 0.3103 0.878703 0.477368 0.550481
0.3448 0.3448 0.975471 0.220128 0.550970
0.3448 0.3793 0.999416 -0.034172 0.591546
0.3448 0.4138 0.969974 -0.243209 0.664911
0.3448 0.4483 0.917343 -0.398098 0.761648
0.3448 0.4828 0.860883 -0.508803 0.874030
0.3448 0.5172 0.808788 -0.588101 0.996780
0.3448 0.5517 0.763354 -0.645980 1.126513
0.3448 0.5862 0.724519 -0.689255 1.261077
0.3448 0.6207 0.691470 -0.722406 1.399078
0.3448 0.6552 0.663270 -0.748380 1.539592
0.3448 0.6897 0.0000 0.0000 0.0000
0.3448 0.7241 0.0000 0.0000 0.0000
0.3448 0.7586 0.0000 0.0000 0.0000
0.3448 0.7931 0.0000 0.0000 0.0000
0.3448 0.8276 0.0000 0.0000 0.0000
0.3448 0.8621 0.0000 0.0000 0.0000
0.3448 0.8966 0.0000 0.0000 0.0000
0.3448 0.9310 0.0000 0.0000 0.0000
0.3448 0.9655 0.0000 0.0000 0.0000
0.3448 1.0000 0.0000 0.0000 0.0000

0.3793 0.0000 0.000000 1.000000 1.600951
0.3793 0.0345 0.041347 0.999145 1.446540
0.3793 0.0690 0.092357 0.995726 1.295191
0.3793 0.1034 0.156282 0.987713 1.148115
0.3793 0.1379 0.237532 0.971380 1.007185
0.3793 0.1724 0.341623 0.939837 0.875376
0.3793 0.2069 0.473763 0.880652 0.757465
0.3793 0.2414 0.633453 0.773781 0.660930
0.3793 0.2759 0.802482 0.596676 0.596248
0.3793 0.3103 0.937321 0.348467 0.574283
0.3793 0.3448 0.997247 0.074149 0.599749
0.3793 0.3793 0.986021 -0.166624 0.667235
0.3793 0.4138 0.937321 -0.348467 0.765711
0.3793 0.4483 0.878670 -0.477430 0.884891
0.3793 0.4828 0.822915 -0.568164 1.017525
0.3793 0.5172 0.774067 -0.633104 1.159003
0.3793 0.5517 0.732482 -0.680786 1.306456
0.3793 0.5862 0.697336 -0.716745 1.458072
0.3793 0.6207 0.667570 -0.744547 1.612677
0.3793 0.6552 0.0000 0.0000 0.0000
0.3793 0.6897 0.0000 0.0000 0.0000
0.3793 0.7241 0.0000 0.0000 0.0000
0.3793 0.7586 0.0000 0.0000 0.0000
0.3793 0.7931 0.0000 0.0000 0.0000
0.3793 0.8276 0.0000 0.0000 0.0000
0.3793 0.8621 0.0000 0.0000 0.0000
0.3793 0.8966 0.0000 0.0000 0.0000
0.3793 0.9310 0.0000 0.0000 0.0000
0.3793 0.9655 0.0000 0.0000 0.0000
0.3793 1.0000 0.0000 0.0000 0.0000

0.4138 0.0000 0.000000 1.000000 1.649465
0.4138 0.0345 0.044475 0.999010 1.481133
0.4138 0.0690 0.100076 0.994980 1.316478
0.4138 0.1034 0.170795 0.985307 1.157073
0.4138 0.1379 0.262077 0.965047 1.005416
0.4138 0.1724 0.380515 0.924775 0.865590
0.4138 0.2069 0.531032 0.847351 0.744293
0.4138 0.2414 0.707289 0.706924 0.651951
0.4138 0.2759 0.875347 0.483495 0.602037
0.4138 0.3103 0.979710 0.200422 0.605144
0.4138 0.3448 0.997299 -0.073447 0.660524
0.4138 0.3793 0.957488 -0.288472 0.756786
0.4138 0.4138 0.897644 -0.440721 0.880624
0.4138 0.4483 0.837874 -0.545863 1.022064
0.4138 0.4828 0.785038 -0.619447 1.174765
0.4138 0.5172 0.740230 -0.672354 1.334868
0.4138 0.5517 0.702654 -0.711532 1.500004
0.4138 0.5862 0.671104 -0.741364 1.668680
0.4138 0.6207 0.0000 0.0000 0.0000
0.4138 0.6552 0.0000 0.0000 0.0000
0.4138 0.6897 0.0000 0.0000 0.0000
0.4138 0.7241 0.0000 0.0000 0.0000
0.4138 0.7586 0.0000 0.0000 0.0000
0.4138 0.7931 0.0000 0.0000 0.0000
0.4138 0.8276 0.0000 0.0000 0.0000
0.4138 0.8621 0.0000 0.0000 0.0000
0.4138 0.8966 0.0000 0.0000 0.0000
0.4138 0.9310 0.0000 0.0000 0.0000
0.4138 0.9655 0.0000 0.0000 0.0000
0.4138 1.0000 0.0000 0.0000 0.0000

0.4483 0.0000 0.000000 1.000000 1.681807
0.4483 0.0345 0.047972 0.998849 1.499586
0.4483 0.0690 0.108852 0.994058 1.321766
0.4483 0.1034 0.187601 0.982245 1.150389
0.4483 0.1379 0.291008 0.956720 0.988812
0.4483 0.1724 0.426836 0.904329 0.842690
0.4483 0.2069 0.598258 0.801303 0.721476
0.4483 0.2414 0.787446 0.616383 0.639494
0.4483 0.2759 0.939294 0.343114 0.612700
0.4483 0.3103 0.999177 0.040554 0.647977
0.4483 0.3448 0.976814 -0.214092 0.736457
0.4483 0.3793 0.918100 -0.396349 0.861910
0.4483 0.4138 0.854153 -0.520022 1.010660
0.4483 0.4483 0.796669 -0.604415 1.173882
0.4483 0.4828 0.748062 -0.663629 1.346325
0.4483 0.5172 0.707652 -0.706561 1.524862
0.4483 0.5517 0.674058 -0.738678 1.707584
0.4483 0.5862 0.0000 0.0000 0.0000
0.4483 0.6207 0.0000 0.0000 0.0000
0.4483 0.6552 0.0000 0.0000 0.0000
0.4483 0.6897 0.0000 0.0000 0.0000
0.4483 0.7241 0.0000 0.0000 0.0000
0.4483 0.7586 0.0000 0.0000 0.0000
0.4483 0.7931 0.0000 0.0000 0.0000
0.4483 0.8276 0.0000 0.0000 0.0000
0.4483 0.8621 0.0000 0.0000 0.0000
0.4483 0.8966 0.0000 0.0000 0.0000
0.4483 0.9310 0.0000 0.0000 0.0000
0.4483 0.9655 0.0000 0.0000 0.0000
0.4483 1.0000 0.0000 0.0000 0.0000

0.4828 0.0000 0.000000 1.000000 1.697979
0.4828 0.0345 0.051936 0.998650 1.501908
0.4828 0.0690 0.118988 0.992896 1.311098
0.4828 0.1034 0.207413 0.978254 1.128221
0.4828 0.1379 0.325746 0.945457 0.957831
0.4828 0.1724 0.482766 0.875749 0.807869
0.4828 0.2069 0.676565 0.736383 0.691751
0.4828 0.2414 0.868732 0.495283 0.628522
0.4828 0.2759 0.983942 0.178489 0.634203
0.4828 0.3103 0.992767 -0.120060 0.707136
0.4828 0.3448 0.940044 -0.341053 0.829773
0.4828 0.3793 0.872246 -0.489067 0.983697
0.4828 0.4138 0.809376 -0.587291 1.156482
0.4828 0.4483 0.756256 -0.654275 1.340856
0.4828 0.4828 0.712517 -0.701655 1.532642
0.4828 0.5172 0.0000 0.0000 0.0000
0.4828 0.5517 0.0000 0.0000 0.0000
0.4828 0.5862 0.0000 0.0000 0.0000
0.4828 0.6207 0.0000 0.0000 0.0000
0.4828 0.6552 0.0000 0.0000 0.0000
0.4828 0.6897 0.0000 0.0000 0.0000
0.4828 0.7241 0.0000 0.0000 0.0000
0.4828 0.7586 0.0000 0.0000 0.0000
0.4828 0.7931 0.0000 0.0000 0.0000
0.4828 0.8276 0.0000 0.0000 0.0000
0.4828 0.8621 0.0000 0.0000 0.0000
0.4828 0.8966 0.0000 0.0000 0.0000
0.4828 0.9310 0.0000 0.0000 0.0000
0.4828 0.9655 0.0000 0.0000 0.0000
0.4828 1.0000 0.0000 0.0000 0.0000

0.5172 0.0000 0.000000 1.000000 1.697979
0.5172 0.0345 0.056492 0.998403 1.488108
0.5172 0.0690 0.130890 0.991397 1.284535
0.5172 0.1034 0.231208 0.972904 1.090792
0.5172 0.1379 0.368245 0.929729 0.913158
0.5172 0.1724 0.550918 0.834559 0.762968
0.5172 0.2069 0.765108 0.643902 0.659253
0.5172 0.2414 0.940684 0.339285 0.625573
0.5172 0.2759 1.000000 0.000000 0.672533
0.5172 0.3103 0.962832 -0.270101 0.785806
0.5172 0.3448 0.892653 -0.450745 0.941762
0.5172 0.3793 0.823631 -0.567126 1.122751
0.5172 0.4138 0.765108 -0.643902 1.318506
0.5172 0.4483 0.717412 -0.696649 1.523344
0.5172 0.4828 0.0000 0.0000 0.0000
0.5172 0.5172 0.0000 0.0000 0.0000
0.5172 0.5517 0.0000 0.0000 0.0000
0.5172 0.5862 0.0000 0.0000 0.0000
0.5172 0.6207 0.0000 0.0000 0.0000
0.5172 0.6552 0.0000 0.0000 0.0000
0.5172 0.6897 0.0000 0.0000 0.0000
0.5172 0.7241 0.0000 0.0000 0.0000
0.5172 0.7586 0.0000 0.0000 0.0000
0.5172 0.7931 0.0000 0.0000 0.0000
0.5172 0.8276 0.0000 0.0000 0.0000
0.5172 0.8621 0.0000 0.0000 0.0000
0.5172 0.8966 0.0000 0.0000 0.0000
0.5172 0.9310 0.0000 0.0000 0.0000
0.5172 0.9655 0.0000 0.0000 0.0000
0.5172 1.0000 0.0000 0.0000 0.0000

0.5517 0.0000 0.000000 1.000000 1.681807
0.5517 0.0345 0.061810 0.998088 1.458198
0.5517 0.0690 0.145119 0.989414 1.242162
0.5517 0.1034 0.260384 0.965505 1.038437
0.5517 0.1379 0.421242 0.906948 0.855858
0.5517 0.1724 0.633912 0.773406 0.710910
0.5517 0.2069 0.858225 0.513274 0.630120
0.5517 0.2414 0.988380 0.152001 0.638333
0.5517 0.2759 0.984283 -0.176600 0.732560
0.5517 0.3103 0.915793 -0.401650 0.885764
0.5517 0.3448 0.840010 -0.542571 1.072973
0.5517 0.3793 0.774958 -0.632012 1.279344
0.5517 0.4138 0.722504 -0.691367 1.496974
0.5517 0.4483 0.680589 -0.732666 1.721598
0.5517 0.4828 0.0000 0.0000 0.0000
0.5517 0.5172 0.0000 0.0000 0.0000
0.5517 0.5517 0.0000 0.0000 0.0000
0.5517 0.5862 0.0000 0.0000 0.0000
0.5517 0.6207 0.0000 0.0000 0.0000
0.5517 0.6552 0.0000 0.0000 0.0000
0.5517 0.6897 0.0000 0.0000 0.0000
0.5517 0.7241 0.0000 0.0000 0.0000
0.5517 0.7586 0.0000 0.0000 0.0000
0.5517 0.7931 0.0000 0.0000 0.0000
0.5517 0.8276 0.0000 0.0000 0.0000
0.5517 0.8621 0.0000 0.0000 0.0000
0.5517 0.8966 0.0000 0.0000 0.0000
0.5517 0.9310 0.0000 0.0000 0.0000
0.5517 0.9655 0.0000 0.0000 0.0000
0.5517 1.0000 0.0000 0.0000 0.0000

0.5862 0.0000 0.000000 1.000000 1.649465
0.5862 0.0345 0.068117 0.997677 1.412198
0.5862 0.0690 0.162477 0.986712 1.184105
0.5862 0.1034 0.297000 0.954878 0.971668
0.5862 0.1379 0.488511 0.872557 0.787658
0.5862 0.1724 0.732710 0.680541 0.656433
0.5862 0.2069 0.941716 0.336410 0.612892
0.5862 0.2414 0.998700 -0.050967 0.674241
0.5862 0.2759 0.941716 -0.336410 0.817189
0.5862 0.3103 0.859237 -0.511577 1.007585
0.5862 0.3448 0.786244 -0.617916 1.223475
0.5862 0.3793 0.727977 -0.685602 1.453543
0.5862 0.4138 0.682228 -0.731139 1.692015
0.5862 0.4483 0.0000 0.0000 0.0000
0.5862 0.4828 0.0000 0.0000 0.0000
0.5862 0.5172 0.0000 0.0000 0.0000
0.5862 0.5517 0.0000 0.0000 0.0000
0.5862 0.5862 0.0000 0.0000 0.0000
0.5862 0.6207 0.0000 0.0000 0.0000
0.5862 0.6552 0.0000 0.0000 0.0000
0.5862 0.6897 0.0000 0.0000 0.0000
0.5862 0.7241 0.0000 0.0000 0.0000
0.5862 0.7586 0.0000 0.0000 0.0000
0.5862 0.7931 0.0000 0.0000 0.0000
0.5862 0.8276 0.0000 0.0000 0.0000
0.5862 0.8621 0.0000 0.0000 0.0000
0.5862 0.8966 0.0000 0.0000 0.0000
0.5862 0.9310 0.0000 0.0000 0.0000
0.5862 0.9655 0.0000 0.0000 0.0000
0.5862 1.0000 0.0000 0.0000 0.0000

0.6207 0.0000 0.000000 1.000000 1.600951
0.6207 0.0345 0.075740 0.997128 1.350133
0.6207 0.0690 0.184159 0.982896 1.110552
0.6207 0.1034 0.344184 0.938902 0.891318
0.6207 0.1379 0.574897 0.818226 0.711496
0.6207 0.1724 0.842094 0.539332 0.607173
0.6207 0.2069 0.993040 0.117779 0.617856
0.6207 0.2414 0.969188 -0.246322 0.738571
0.6207 0.2759 0.882211 -0.470854 0.927299
0.6207 0.3103 0.799554 -0.600595 1.151059
0.6207 0.3448 0.734057 -0.679088 1.393069
0.6207 0.3793 0.683677 -0.729785 1.645297
0.6207 0.4138 0.0000 0.0000 0.0000
0.6207 0.4483 0.0000 0.0000 0.0000
0.6207 0.4828 0.0000 0.0000 0.0000
0.6207 0.5172 0.0000 0.0000 0.0000
0.6207 0.5517 0.0000 0.0000 0.0000
0.6207 0.5862 0.0000 0.0000 0.0000
0.6207 0.6207 0.0000 0.0000 0.0000
0.6207 0.6552 0.0000 0.0000 0.0000
0.6207 0.6897 0.0000 0.0000 0.0000
0.6207 0.7241 0.0000 0.0000 0.0000
0.6207 0.7586 0.0000 0.0000 0.0000
0.6207 0.7931 0.0000 0.0000 0.0000
0.6207 0.8276 0.0000 0.0000 0.0000
0.6207 0.8621 0.0000 0.0000 0.0000
0.6207 0.8966 0.0000 0.0000 0.0000
0.6207 0.9310 0.0000 0.0000 0.0000
0.6207 0.9655 0.0000 0.0000 0.0000
0.6207 1.0000 0.0000 0.0000 0.0000

0.6552 0.0000 0.000000 1.000000 1.536266
0.6552 0.0345 0.085157 0.996368 1.272040
0.6552 0.0690 0.212024 0.977265 1.021804
0.6552 0.1034 0.406815 0.913511 0.798816
0.6552 0.1379 0.684966 0.728575 0.632577
0.6552 0.1724 0.942512 0.334173 0.574653
0.6552 0.2069 0.993088 -0.117368 0.654464
0.6552 0.2414 0.909916 -0.414792 0.833334
0.6552 0.2759 0.815725 -0.578440 1.062352
0.6552 0.3103 0.741047 -0.671453 1.315585
0.6552 0.3448 0.684966 -0.728575 1.581443
0.6552 0.3793 0.0000 0.0000 0.0000
0.6552 0.4138 0.0000 0.0000 0.0000
0.6552 0.4483 0.0000 0.0000 0.0000
0.6552 0.4828 0.0000 0.0000 0.0000
0.6552 0.5172 0.0000 0.0000 0.0000
0.6552 0.5517 0.0000 0.0000 0.0000
0.6552 0.5862 0.0000 0.0000 0.0000
0.6552 0.6207 0.0000 0.0000 0.0000
0.6552 0.6552 0.0000 0.0000 0.0000
0.6552 0.6897 0.0000 0.0000 0.0000
0.6552 0.7241 0.0000 0.0000 0.0000
0.6552 0.7586 0.0000 0.0000 0.0000
0.6552 0.7931 0.0000 0.0000 0.0000
0.6552 0.8276 0.0000 0.0000 0.0000
0.6552 0.8621 0.0000 0.0000 0.0000
0.6552 0.8966 0.0000 0.0000 0.0000
0.6552 0.9310 0.0000 0.0000 0.0000
0.6552 0.9655 0.0000 0.0000 0.0000
0.6552 1.0000 0.0000 0.0000 0.0000

0.6897 0.0000 0.000000 1.000000 1.455410
0.6897 0.0345 0.097105 0.995274 1.177981
0.6897 0.0690 0.249110 0.968475 0.918369
0.6897 0.1034 0.492496 0.870315 0.696783
0.6897 0.1379 0.816591 0.577216 0.560318
0.6897 0.1724 0.997511 0.070510 0.573365
0.6897 0.2069 0.942845 -0.333230 0.727930
0.6897 0.2414 0.836002 -0.548727 0.957789
0.6897 0.2759 0.749383 -0.662137 1.221139
0.6897 0.3103 0.0000 0.0000 0.0000
0.6897 0.3448 0.0000 0.0000 0.0000
0.6897 0.3793 0.0000 0.0000 0.0000
0.6897 0.4138 0.0000 0.0000 0.0000
0.6897 0.4483 0.0000 0.0000 0.0000
0.6897 0.4828 0.0000 0.0000 0.0000
0.6897 0.5172 0.0000 0.0000 0.0000
0.6897 0.5517 0.0000 0.0000 0.0000
0.6897 0.5862 0.0000 0.0000 0.0000
0.6897 0.6207 0.0000 0.0000 0.0000
0.6897 0.6552 0.0000 0.0000 0.0000
0.6897 0.6897 0.0000 0.0000 0.0000
0.6897 0.7241 0.0000 0.0000 0.0000
0.6897 0.7586 0.0000 0.0000 0.0000
0.6897 0.7931 0.0000 0.0000 0.0000
0.6897 0.8276 0.0000 0.0000 0.0000
0.6897 0.8621 0.0000 0.0000 0.0000
0.6897 0.8966 0.0000 0.0000 0.0000
0.6897 0.9310 0.0000 0.0000 0.0000
0.6897 0.9655 0.0000 0.0000 0.0000
0.6897 1.0000 0.0000 0.0000 0.0000

0.7241 0.0000 0.000000 1.000000 1.358383
0.7241 0.0345 0.112777 0.993620 1.068050
0.7241 0.0690 0.300691 0.953722 0.801167
0.7241 0.1034 0.612015 0.790846 0.590436
0.7241 0.1379 0.943145 0.332382 0.510852
0.7241 0.1724 0.978367 -0.206877 0.615576
0.7241 0.2069 0.862262 -0.506462 0.838157
0.7241 0.2414 0.759733 -0.650235 1.109815
0.7241 0.2759 0.687161 -0.726505 1.402313
0.7241 0.3103 0.0000 0.0000 0.0000
0.7241 0.3448 0.0000 0.0000 0.0000
0.7241 0.3793 0.0000 0.0000 0.0000
0.7241 0.4138 0.0000 0.0000 0.0000
0.7241 0.4483 0.0000 0.0000 0.0000
0.7241 0.4828 0.0000 0.0000 0.0000
0.7241 0.5172 0.0000 0.0000 0.0000
0.7241 0.5517 0.0000 0.0000 0.0000
0.7241 0.5862 0.0000 0.0000 0.0000
0.7241 0.6207 0.0000 0.0000 0.0000
0.7241 0.6552 0.0000 0.0000 0.0000
0.7241 0.6897 0.0000 0.0000 0.0000
0.7241 0.7241 0.0000 0.0000 0.0000
0.7241 0.7586 0.0000 0.0000 0.0000
0.7241 0.7931 0.0000 0.0000 0.0000
0.7241 0.8276 0.0000 0.0000 0.0000
0.7241 0.8621 0.0000 0.0000 0.0000
0.7241 0.8966 0.0000 0.0000 0.0000
0.7241 0.9310 0.0000 0.0000 0.0000
0.7241 0.9655 0.0000 0.0000 0.0000
0.7241 1.0000 0.0000 0.0000 0.0000

0.7586 0.0000 0.000000 1.000000 1.245184
0.7586 0.0345 0.134246 0.990948 0.942419
0.7586 0.0690 0.376510 0.926413 0.672046
0.7586 0.1034 0.773201 0.634161 0.490879
0.7586 0.1379 1.000000 0.000000 0.506064
0.7586 0.1724 0.897243 -0.441538 0.705027
0.7586 0.2069 0.773201 -0.634161 0.981758
0.7586 0.2414 0.688103 -0.725613 1.287034
0.7586 0.2759 0.0000 0.0000 0.0000
0.7586 0.3103 0.0000 0.0000 0.0000
0.7586 0.3448 0.0000 0.0000 0.0000
0.7586 0.3793 0.0000 0.0000 0.0000
0.7586 0.4138 0.0000 0.0000 0.0000
0.7586 0.4483 0.0000 0.0000 0.0000
0.7586 0.4828 0.0000 0.0000 0.0000
0.7586 0.5172 0.0000 0.0000 0.0000
0.7586 0.5517 0.0000 0.0000 0.0000
0.7586 0.5862 0.0000 0.0000 0.0000
0.7586 0.6207 0.0000 0.0000 0.0000
0.7586 0.6552 0.0000 0.0000 0.0000
0.7586 0.6897 0.0000 0.0000 0.0000
0.7586 0.7241 0.0000 0.0000 0.0000
0.7586 0.7586 0.0000 0.0000 0.0000
0.7586 0.7931 0.0000 0.0000 0.0000
0.7586 0.8276 0.0000 0.0000 0.0000
0.7586 0.8621 0.0000 0.0000 0.0000
0.7586 0.8966 0.0000 0.0000 0.0000
0.7586 0.9310 0.0000 0.0000 0.0000
0.7586 0.9655 0.0000 0.0000 0.0000
0.7586 1.0000 0.0000 0.0000 0.0000

0.7931 0.0000 0.000000 1.000000 1.115814
0.7931 0.0345 0.165433 0.986221 0.801411
0.7931 0.0690 0.495421 0.868653 0.535223
0.7931 0.1034 0.943660 0.330916 0.421487
0.7931 0.1379 0.943660 -0.330916 0.561983
0.7931 0.1724 0.791763 -0.610829 0.837248
0.7931 0.2069 0.0000 0.0000 0.0000
0.7931 0.2414 0.0000 0.0000 0.0000
0.7931 0.2759 0.0000 0.0000 0.0000
0.7931 0.3103 0.0000 0.0000 0.0000
0.7931 0.3448 0.0000 0.0000 0.0000
0.7931 0.3793 0.0000 0.0000 0.0000
0.7931 0.4138 0.0000 0.0000 0.0000
0.7931 0.4483 0.0000 0.0000 0.0000
0.7931 0.4828 0.0000 0.0000 0.0000
0.7931 0.5172 0.0000 0.0000 0.0000
0.7931 0.5517 0.0000 0.0000 0.0000
0.7931 0.5862 0.0000 0.0000 0.0000
0.7931 0.6207 0.0000 0.0000 0.0000
0.7931 0.6552 0.0000 0.0000 0.0000
0.7931 0.6897 0.0000 0.0000 0.0000
0.7931 0.7241 0.0000 0.0000 0.0000
0.7931 0.7586 0.0000 0.0000 0.0000
0.7931 0.7931 0.0000 0.0000 0.0000
0.7931 0.8276 0.0000 0.0000 0.0000
0.7931 0.8621 0.0000 0.0000 0.0000
0.7931 0.8966 0.0000 0.0000 0.0000
0.7931 0.9310 0.0000 0.0000 0.0000
0.7931 0.9655 0.0000 0.0000 0.0000
0.7931 1.0000 0.0000 0.0000 0.0000

0.8276 0.0000 0.000000 1.000000 0.970273
0.8276 0.0345 0.214707 0.976678 0.645737
0.8276 0.0690 0.689744 0.724054 0.402017
0.8276 0.1034 0.993266 -0.115853 0.418753
0.8276 0.1379 0.819298 -0.573368 0.676894
0.8276 0.1724 0.689744 -0.724054 1.005043
0.8276 0.2069 0.0000 0.0000 0.0000
0.8276 0.2414 0.0000 0.0000 0.0000
0.8276 0.2759 0.0000 0.0000 0.0000
0.8276 0.3103 0.0000 0.0000 0.0000
0.8276 0.3448 0.0000 0.0000 0.0000
0.8276 0.3793 0.0000 0.0000 0.0000
0.8276 0.4138 0.0000 0.0000 0.0000
0.8276 0.4483 0.0000 0.0000 0.0000
0.8276 0.4828 0.0000 0.0000 0.0000
0.8276 0.5172 0.0000 0.0000 0.0000
0.8276 0.5517 0.0000 0.0000 0.0000
0.8276 0.5862 0.0000 0.0000 0.0000
0.8276 0.6207 0.0000 0.0000 0.0000
0.8276 0.6552 0.0000 0.0000 0.0000
0.8276 0.6897 0.0000 0.0000 0.0000
0.8276 0.7241 0.0000 0.0000 0.0000
0.8276 0.7586 0.0000 0.0000 0.0000
0.8276 0.7931 0.0000 0.0000 0.0000
0.8276 0.8276 0.0000 0.0000 0.0000
0.8276 0.8621 0.0000 0.0000 0.0000
0.8276 0.8966 0.0000 0.0000 0.0000
0.8276 0.9310 0.0000 0.0000 0.0000
0.8276 0.9655 0.0000 0.0000 0.0000
0.8276 1.0000 0.0000 0.0000 0.0000

0.8621 0.0000 0.000000 1.000000 0.808561
0.8621 0.0345 0.303193 0.952929 0.477282
0.8621 0.0690 0.944088 0.329694 0.306558
0.8621 0.1034 0.864268 -0.503032 0.502305
0.8621 0.1379 0.690462 -0.723368 0.838329
0.8621 0.1724 0.0000 0.0000 0.0000
0.8621 0.2069 0.0000 0.0000 0.0000
0.8621 0.2414 0.0000 0.0000 0.0000
0.8621 0.2759 0.0000 0.0000 0.0000
0.8621 0.3103 0.0000 0.0000 0.0000
0.8621 0.3448 0.0000 0.0000 0.0000
0.8621 0.3793 0.0000 0.0000 0.0000
0.8621 0.4138 0.0000 0.0000 0.0000
0.8621 0.4483 0.0000 0.0000 0.0000
0.8621 0.4828 0.0000 0.0000 0.0000
0.8621 0.5172 0.0000 0.0000 0.0000
0.8621 0.5517 0.0000 0.0000 0.0000
0.8621 0.5862 0.0000 0.0000 0.0000
0.8621 0.6207 0.0000 0.0000 0.0000
0.8621 0.6552 0.0000 0.0000 0.0000
0.8621 0.6897 0.0000 0.0000 0.0000
0.8621 0.7241 0.0000 0.0000 0.0000
0.8621 0.7586 0.0000 0.0000 0.0000
0.8621 0.7931 0.0000 0.0000 0.0000
0.8621 0.8276 0.0000 0.0000 0.0000
0.8621 0.8621 0.0000 0.0000 0.0000
0.8621 0.8966 0.0000 0.0000 0.0000
0.8621 0.9310 0.0000 0.0000 0.0000
0.8621 0.9655 0.0000 0.0000 0.0000
0.8621 1.0000 0.0000 0.0000 0.0000

0.8966 0.0000 0.000000 1.000000 0.630678
0.8966 0.0345 0.497660 0.867372 0.302964
0.8966 0.0690 0.944276 -0.329156 0.319341
0.8966 0.1034 0.0000 0.0000 0.0000
0.8966 0.1379 0.0000 0.0000 0.0000
0.8966 0.1724 0.0000 0.0000 0.0000
0.8966 0.2069 0.0000 0.0000 0.0000
0.8966 0.2414 0.0000 0.0000 0.0000
0.8966 0.2759 0.0000 0.0000 0.0000
0.8966 0.3103 0.0000 0.0000 0.0000
0.8966 0.3448 0.0000 0.0000 0.0000
0.8966 0.3793 0.0000 0.0000 0.0000
0.8966 0.4138 0.0000 0.0000 0.0000
0.8966 0.4483 0.0000 0.0000 0.0000
0.8966 0.4828 0.0000 0.0000 0.0000
0.8966 0.5172 0.0000 0.0000 0.0000
0.8966 0.5517 0.0000 0.0000 0.0000
0.8966 0.5862 0.0000 0.0000 0.0000
0.8966 0.6207 0.0000 0.0000 0.0000
0.8966 0.6552 0.0000 0.0000 0.0000
0.8966 0.6897 0.0000 0.0000 0.0000
0.8966 0.7241 0.0000 0.0000 0.0000
0.8966 0.7586 0.0000 0.0000 0.0000
0.8966 0.7931 0.0000 0.0000 0.0000
0.8966 0.8276 0.0000 0.0000 0.0000
0.8966 0.8621 0.0000 0.0000 0.0000
0.8966 0.8966 0.0000 0.0000 0.0000
0.8966 0.9310 0.0000 0.0000 0.0000
0.8966 0.9655 0.0000 0.0000 0.0000
0.8966 1.0000 0.0000 0.0000 0.0000

0.9310 0.0000 0.000000 1.000000 0.436623
0.9310 0.0345 0.944448 0.328659 0.166062
0.9310 0.0690 0.691734 -0.722152 0.453460
0.9310 0.1034 0.0000 0.0000 0.0000
0.9310 0.1379 0.0000 0.0000 0.0000
0.9310 0.1724 0.0000 0.0000 0.0000
0.9310 0.2069 0.0000 0.0000 0.0000
0.9310 0.2414 0.0000 0.0000 0.0000
0.9310 0.2759 0.0000 0.0000 0.0000
0.9310 0.3103 0.0000 0.0000 0.0000
0.9310 0.3448 0.0000 0.0000 0.0000
0.9310 0.3793 0.0000 0.0000 0.0000
0.9310 0.4138 0.0000 0.0000 0.0000
0.9310 0.4483 0.0000 0.0000 0.0000
0.9310 0.4828 0.0000 0.0000 0.0000
0.9310 0.5172 0.0000 0.0000 0.0000
0.9310 0.5517 0.0000 0.0000 0.0000
0.9310 0.5862 0.0000 0.0000 0.0000
0.9310 0.6207 0.0000 0.0000 0.0000
0.9310 0.6552 0.0000 0.0000 0.0000
0.9310 0.6897 0.0000 0.0000 0.0000
0.9310 0.7241 0.0000 0.0000 0.0000
0.9310 0.7586 0.0000 0.0000 0.0000
0.9310 0.7931 0.0000 0.0000 0.0000
0.9310 0.8276 0.0000 0.0000 0.0000
0.9310 0.8621 0.0000 0.0000 0.0000
0.9310 0.8966 0.0000 0.0000 0.0000
0.9310 0.9310 0.0000 0.0000 0.0000
0.9310 0.9655 0.0000 0.0000 0.0000
0.9310 1.0000 0.0000 0.0000 0.0000

0.9655 0.0000 0.000000 1.000000 0.226397
0.9655 0.0345 0.0000 0.0000 0.0000
0.9655 0.0690 0.0000 0.0000 0.0000
0.9655 0.1034 0.0000 0.0000 0.0000
0.9655 0.1379 0.0000 0.0000 0.0000
0.9655 0.1724 0.0000 0.0000 0.0000
0.9655 0.2069 0.0000 0.0000 0.0000
0.9655 0.2414 0.0000 0.0000 0.0000
0.9655 0.2759 0.0000 0.0000 0.0000
0.9655 0.3103 0.0000 0.0000 0.0000
0.9655 0.3448 0.0000 0.0000 0.0000
0.9655 0.3793 0.0000 0.0000 0.0000
0.9655 0.4138 0.0000 0.0000 0.0000
0.9655 0.4483 0.0000 0.0000 0.0000
0.9655 0.4828 0.0000 0.0000 0.0000
0.9655 0.5172 0.0000 0.0000 0.0000
0.9655 0.5517 0.0000 0.0000 0.0000
0.9655 0.5862 0.0000 0.0000 0.0000
0.9655 0.6207 0.0000 0.0000 0.0000
0.9655 0.6552 0.0000 0.0000 0.0000
0.9655 0.6897 0.0000 0.0000 0.0000
0.9655 0.7241 0.0000 0.0000 0.0000
0.9655 0.7586 0.0000 0.0000 0.0000
0.9655 0.7931 0.0000 0.0000 0.0000
0.9655 0.8276 0.0000 0.0000 0.0000
0.9655 0.8621 0.0000 0.0000 0.0000
0.9655 0.8966 0.0000 0.0000 0.0000
0.9655 0.9310 0.0000 0.0000 0.0000
0.9655 0.9655 0.0000 0.0000 0.0000
0.9655 1.0000 0.0000 0.0000 0.0000

1.0000 0.0000 0.000000 0.000000 0.000000
1.0000 0.0345 0.0000 0.0000 0.0000
1.0000 0.0690 0.0000 0.0000 0.0000
1.0000 0.1034 0.0000 0.0000 0.0000
1.0000 0.1379 0.0000 0.0000 0.0000
1.0000 0.1724 0.0000 0.0000 0.0000
1.0000 0.2069 0.0000 0.0000 0.0000
1.0000 0.2414 0.0000 0.0000 0.0000
1.0000 0.2759 0.0000 0.0000 0.0000
1.0000 0.3103 0.0000 0.0000 0.0000
1.0000 0.3448 0.0000 0.0000 0.0000
1.0000 0.3793 0.0000 0.0000 0.0000
1.0000 0.4138 0.0000 0.0000 0.0000
1.0000 0.4483 0.0000 0.0000 0.0000
1.0000 0.4828 0.0000 0.0000 0.0000
1.0000 0.5172 0.0000 0.0000 0.0000
1.0000 0.5517 0.0000 0.0000 0.0000
1.0000 0.5862 0.0000 0.0000 0.0000
1.0000 0.6207 0.0000 0.0000 0.0000
1.0000 0.6552 0.0000 0.0000 0.0000
1.0000 0.6897 0.0000 0.0000 0.0000
1.0000 0.7241 0.0000 0.0000 0.0000
1.0000 0.7586 0.0000 0.0000 0.0000
1.0000 0.7931 0.0000 0.0000 0.0000
1.0000 0.8276 0.0000 0.0000 0.0000
1.0000 0.8621 0.0000 0.0000 0.0000
1.0000 0.8966 0.0000 0.0000 0.0000
1.0000 0.9310 0.0000 0.0000 0.0000
1.0000 0.9655 0.0000 0.0000 0.0000
1.0000 1.0000 0.0000 0.0000 0.0000

