0.0000 0.0000 0.0000 0.0000 0.0000
0.0000 0.0345 0.0000 0.0000 0.0000
0.0000 0.0690 0.0000 0.0000 0.0000
0.0000 0.1034 0.0000 0.0000 0.0000
0.0000 0.1379 0.0000 0.0000 0.0000
0.0000 0.1724 0.0000 0.0000 0.0000
0.0000 0.2069 0.0000 0.0000 0.0000
0.0000 0.2414 0.0000 0.0000 0.0000
0.0000 0.2759 0.0000 0.0000 0.0000
0.0000 0.3103 0.0000 0.0000 0.0000
0.0000 0.3448 0.0000 0.0000 0.0000
0.0000 0.3793 0.0000 0.0000 0.0000
0.0000 0.4138 0.0000 0.0000 0.0000
0.0000 0.4483 0.0000 0.0000 0.0000
0.0000 0.4828 0.0000 0.0000 0.0000
0.0000 0.5172 0.0000 0.0000 0.0000
0.0000 0.5517 0.0000 0.0000 0.0000
0.0000 0.5862 0.0000 0.0000 0.0000
0.0000 0.6207 0.0000 0.0000 0.0000
0.0000 0.6552 0.0000 0.0000 0.0000
0.0000 0.6897 0.0000 0.0000 0.0000
0.0000 0.7241 0.0000 0.0000 0.0000
0.0000 0.7586 0.0000 0.0000 0.0000
0.0000 0.7931 0.0000 0.0000 0.0000
0.0000 0.8276 0.0000 0.0000 0.0000
0.0000 0.8621 0.0000 0.0000 0.0000
0.0000 0.8966 0.0000 0.0000 0.0000
0.0000 0.9310 0.0000 0.0000 0.0000
0.0000 0.9655 0.0000 0.0000 0.0000
0.0000 1.0000 0.0000 0.0000 0.0000

0.0345 0.0000 0.0000 0.0000 0.0000
0.0345 0.0345 0.015418 0.999881 0.524438
0.0345 0.0690 0.033024 0.999455 0.489684
0.0345 0.1034 0.053299 0.998579 0.455106
0.0345 0.1379 0.076869 0.997041 0.420745
0.0345 0.1724 0.104557 0.994519 0.386662
0.0345 0.2069 0.137458 0.990508 0.352934
0.0345 0.2414 0.177052 0.984201 0.319676
0.0345 0.2759 0.225344 0.974279 0.287050
0.0345 0.3103 0.285040 0.958516 0.255300
0.0345 0.3448 0.359688 0.933073 0.224795
0.0345 0.3793 0.453508 0.891252 0.196119
0.0345 0.4138 0.570082 0.821588 0.170199
0.0345 0.4483 0.707907 0.706306 0.148484
0.0345 0.4828 0.850798 0.525493 0.133050
0.0345 0.5172 0.960881 0.276960 0.126222
0.0345 0.5517 1.000000 0.000000 0.129370
0.0345 0.5862 0.969148 -0.246479 0.141831
0.0345 0.6207 0.901385 -0.433018 0.161464
0.0345 0.6552 0.825903 -0.563813 0.186011
0.0345 0.6897 0.756423 -0.654083 0.213786
0.0345 0.7241 0.696786 -0.717279 0.243687
0.0345 0.7586 0.646795 -0.762664 0.275023
0.0345 0.7931 0.605064 -0.796177 0.307355
0.0345 0.8276 0.570082 -0.821588 0.340398
0.0345 0.8621 0.540533 -0.841323 0.373965
0.0345 0.8966 0.515353 -0.856978 0.407926
0.0345 0.9310 0.493704 -0.869630 0.442191
0.0345 0.9655 0.0000 0.0000 0.0000
0.0345 1.0000 0.0000 0.0000 0.0000

0.0690 0.0000 0.0000 0.0000 0.0000
0.0690 0.0345 0.022861 0.999739 1.009063
0.0690 0.0690 0.049080 0.998795 0.940015
0.0690 0.1034 0.079387 0.996844 0.871717
0.0690 0.1379 0.114714 0.993399 0.804359
0.0690 0.1724 0.156244 0.987719 0.738198
0.0690 0.2069 0.205477 0.978662 0.673588
0.0690 0.2414 0.264270 0.964449 0.611021
0.0690 0.2759 0.334805 0.942287 0.551192
0.0690 0.3103 0.419332 0.907833 0.495097
0.0690 0.3448 0.519369 0.854550 0.444150
0.0690 0.3793 0.633852 0.773454 0.400323
0.0690 0.4138 0.755946 0.654634 0.366181
0.0690 0.4483 0.870190 0.492717 0.344616
0.0690 0.4828 0.955352 0.295470 0.338042
0.0690 0.5172 0.996271 0.086275 0.347312
0.0690 0.5517 0.994192 -0.107619 0.371240
0.0690 0.5862 0.962922 -0.269782 0.407252
0.0690 0.6207 0.917671 -0.397342 0.452472
0.0690 0.6552 0.868881 -0.495022 0.504428
0.0690 0.6897 0.822009 -0.569474 0.561254
0.0690 0.7241 0.779299 -0.626653 0.621614
0.0690 0.7586 0.741322 -0.671150 0.684576
0.0690 0.7931 0.707900 -0.706313 0.749483
0.0690 0.8276 0.678571 -0.734535 0.815872
0.0690 0.8621 0.652806 -0.757525 0.883408
0.0690 0.8966 0.630103 -0.776511 0.951847
0.0690 0.9310 0.0000 0.0000 0.0000
0.0690 0.9655 0.0000 0.0000 0.0000
0.0690 1.0000 0.0000 0.0000 0.0000

0.1034 0.0000 0.0000 0.0000 0.0000
0.1034 0.0345 0.026173 0.999657 1.453768
0.1034 0.0690 0.056348 0.998411 1.350540
0.1034 0.1034 0.091411 0.995813 1.248748
0.1034 0.1379 0.132489 0.991184 1.148771
0.1034 0.1724 0.180995 0.983484 1.051130
0.1034 0.2069 0.238673 0.971100 0.956538
0.1034 0.2414 0.307564 0.951527 0.865996
0.1034 0.2759 0.389799 0.920900 0.780914
0.1034 0.3103 0.486934 0.873439 0.703276
0.1034 0.3448 0.598443 0.801165 0.635816
0.1034 0.3793 0.719056 0.694952 0.582081
0.1034 0.4138 0.836048 0.548656 0.546140
0.1034 0.4483 0.930468 0.366372 0.531613
0.1034 0.4828 0.986059 0.166397 0.540231
0.1034 0.5172 0.999656 -0.026241 0.570946
0.1034 0.5517 0.981166 -0.193167 0.620485
0.1034 0.5862 0.944614 -0.328184 0.684776
0.1034 0.6207 0.901083 -0.433646 0.760084
0.1034 0.6552 0.857120 -0.515118 0.843463
0.1034 0.6897 0.815864 -0.578244 0.932752
0.1034 0.7241 0.778490 -0.627657 1.026409
0.1034 0.7586 0.745186 -0.666857 1.123342
0.1034 0.7931 0.715708 -0.698399 1.222772
0.1034 0.8276 0.689655 -0.724138 1.324138
0.1034 0.8621 0.666595 -0.745420 1.427026
0.1034 0.8966 0.0000 0.0000 0.0000
0.1034 0.9310 0.0000 0.0000 0.0000
0.1034 0.9655 0.0000 0.0000 0.0000
0.1034 1.0000 0.0000 0.0000 0.0000

0.1379 0.0000 0.0000 0.0000 0.0000
0.1379 0.0345 0.028534 0.999593 1.858545
0.1379 0.0690 0.061621 0.998100 1.721226
0.1379 0.1034 0.100305 0.994957 1.586120
0.1379 0.1379 0.145908 0.989298 1.453847
0.1379 0.1724 0.200083 0.979779 1.325252
0.1379 0.2069 0.264825 0.964296 1.201519
0.1379 0.2414 0.342359 0.939569 1.084313
0.1379 0.2759 0.434695 0.900578 0.975988
0.1379 0.3103 0.542478 0.840070 0.879831
0.1379 0.3448 0.662702 0.748883 0.800240
0.1379 0.3793 0.785595 0.618740 0.742562
0.1379 0.4138 0.893624 0.448816 0.712140
0.1379 0.4483 0.967639 0.252340 0.712474
0.1379 0.4828 0.998555 0.053734 0.743524
0.1379 0.5172 0.992209 -0.124582 0.801728
0.1379 0.5517 0.962334 -0.271870 0.881725
0.1379 0.5862 0.921654 -0.388014 0.978183
0.1379 0.6207 0.878397 -0.477932 1.086727
0.1379 0.6552 0.836820 -0.547478 1.204094
0.1379 0.6897 0.798709 -0.601718 1.327946
0.1379 0.7241 0.764555 -0.644558 1.456630
0.1379 0.7586 0.734252 -0.678877 1.588972
0.1379 0.7931 0.707452 -0.706762 1.724130
0.1379 0.8276 0.683737 -0.729728 1.861491
0.1379 0.8621 0.0000 0.0000 0.0000
0.1379 0.8966 0.0000 0.0000 0.0000
0.1379 0.9310 0.0000 0.0000 0.0000
0.1379 0.9655 0.0000 0.0000 0.0000
0.1379 1.0000 0.0000 0.0000 0.0000

0.1724 0.0000 0.0000 0.0000 0.0000
0.1724 0.0345 0.030590 0.999532 2.223395
0.1724 0.0690 0.066288 0.997801 2.052076
0.1724 0.1034 0.108311 0.994117 1.883853
0.1724 0.1379 0.158206 0.987406 1.719635
0.1724 0.1724 0.217898 0.975971 1.560688
0.1724 0.2069 0.289670 0.957127 1.408795
0.1724 0.2414 0.375919 0.926653 1.266497
0.1724 0.2759 0.478383 0.878151 1.137402
0.1724 0.3103 0.596324 0.802744 1.026503
0.1724 0.3448 0.723356 0.690476 0.940261
0.1724 0.3793 0.844512 0.535537 0.885905
0.1724 0.4138 0.938735 0.344640 0.869437
0.1724 0.4483 0.990177 0.139818 0.892957
0.1724 0.4828 0.998627 -0.052376 0.953508
0.1724 0.5172 0.976587 -0.215122 1.044673
0.1724 0.5517 0.938735 -0.344640 1.159250
0.1724 0.5862 0.895603 -0.444854 1.291021
0.1724 0.6207 0.852987 -0.521932 1.435259
0.1724 0.6552 0.813481 -0.581592 1.588570
0.1724 0.6897 0.777941 -0.628337 1.748571
0.1724 0.7241 0.746401 -0.665497 1.913583
0.1724 0.7586 0.718547 -0.695478 2.082416
0.1724 0.7931 0.693958 -0.720016 2.254212
0.1724 0.8276 0.0000 0.0000 0.0000
0.1724 0.8621 0.0000 0.0000 0.0000
0.1724 0.8966 0.0000 0.0000 0.0000
0.1724 0.9310 0.0000 0.0000 0.0000
0.1724 0.9655 0.0000 0.0000 0.0000
0.1724 1.0000 0.0000 0.0000 0.0000

0.2069 0.0000 0.0000 0.0000 0.0000
0.2069 0.0345 0.032569 0.999469 2.548320
0.2069 0.0690 0.070843 0.997487 2.343105
0.2069 0.1034 0.116242 0.993221 2.141988
0.2069 0.1379 0.170578 0.985344 1.946241
0.2069 0.1724 0.236100 0.971729 1.757658
0.2069 0.2069 0.315414 0.948954 1.578808
0.2069 0.2414 0.411050 0.911613 1.413392
0.2069 0.2759 0.524181 0.851607 1.266683
0.2069 0.3103 0.651867 0.758333 1.145889
0.2069 0.3448 0.783053 0.621955 1.059908
0.2069 0.3793 0.897168 0.441690 1.017603
0.2069 0.4138 0.972235 0.234005 1.024399
0.2069 0.4483 0.999615 0.027761 1.079370
0.2069 0.4828 0.988240 -0.152908 1.175777
0.2069 0.5172 0.954373 -0.298618 1.304465
0.2069 0.5517 0.911481 -0.411342 1.456907
0.2069 0.5862 0.867504 -0.497430 1.626435
0.2069 0.6207 0.826177 -0.563410 1.808251
0.2069 0.6552 0.788859 -0.614575 1.999005
0.2069 0.6897 0.755761 -0.654848 2.196368
0.2069 0.7241 0.726609 -0.687051 2.398711
0.2069 0.7586 0.700964 -0.713197 2.604874
0.2069 0.7931 0.0000 0.0000 0.0000
0.2069 0.8276 0.0000 0.0000 0.0000
0.2069 0.8621 0.0000 0.0000 0.0000
0.2069 0.8966 0.0000 0.0000 0.0000
0.2069 0.9310 0.0000 0.0000 0.0000
0.2069 0.9655 0.0000 0.0000 0.0000
0.2069 1.0000 0.0000 0.0000 0.0000

0.2414 0.0000 0.0000 0.0000 0.0000
0.2414 0.0345 0.034581 0.999402 2.833323
0.2414 0.0690 0.075533 0.997143 2.594331
0.2414 0.1034 0.124518 0.992217 2.360583
0.2414 0.1379 0.183669 0.982988 2.133803
0.2414 0.1724 0.255623 0.966777 1.916466
0.2414 0.2069 0.343348 0.939208 1.712172
0.2414 0.2414 0.449394 0.893334 1.526167
0.2414 0.2759 0.573836 0.818970 1.365945
0.2414 0.3103 0.710260 0.703939 1.241527
0.2414 0.3448 0.841417 0.540386 1.164447
0.2414 0.3793 0.941845 0.336047 1.144312
0.2414 0.4138 0.993002 0.118100 1.184029
0.2414 0.4483 0.996627 -0.082060 1.278032
0.2414 0.4828 0.969026 -0.246960 1.415546
0.2414 0.5172 0.927073 -0.374880 1.585288
0.2414 0.5517 0.881671 -0.471865 1.778053
0.2414 0.5862 0.838203 -0.545358 1.987151
0.2414 0.6207 0.798758 -0.601653 2.207948
0.2414 0.6552 0.763804 -0.645448 2.437265
0.2414 0.6897 0.733123 -0.680096 2.672910
0.2414 0.7241 0.706249 -0.707963 2.913349
0.2414 0.7586 0.0000 0.0000 0.0000
0.2414 0.7931 0.0000 0.0000 0.0000
0.2414 0.8276 0.0000 0.0000 0.0000
0.2414 0.8621 0.0000 0.0000 0.0000
0.2414 0.8966 0.0000 0.0000 0.0000
0.2414 0.9310 0.0000 0.0000 0.0000
0.2414 0.9655 0.0000 0.0000 0.0000
0.2414 1.0000 0.0000 0.0000 0.0000

0.2759 0.0000 0.0000 0.0000 0.0000
0.2759 0.0345 0.036695 0.999327 3.078411
0.2759 0.0690 0.080520 0.996753 2.805781
0.2759 0.1034 0.133433 0.991058 2.539714
0.2759 0.1379 0.197959 0.980210 2.282507
0.2759 0.1724 0.277202 0.960812 2.037516
0.2759 0.2069 0.374515 0.927221 1.809712
0.2759 0.2414 0.492228 0.870466 1.606421
0.2759 0.2759 0.628399 0.777891 1.438078
0.2759 0.3103 0.771274 0.636504 1.318140
0.2759 0.3448 0.896156 0.443739 1.260503
0.2759 0.3793 0.975595 0.219579 1.273652
0.2759 0.4138 1.000000 0.000000 1.355529
0.2759 0.4483 0.982344 -0.187083 1.494883
0.2759 0.4828 0.942770 -0.333443 1.677451
0.2759 0.5172 0.896156 -0.443739 1.890755
0.2759 0.5517 0.850303 -0.526293 2.125562
0.2759 0.5862 0.808390 -0.588648 2.375504
0.2759 0.6207 0.771274 -0.636504 2.636280
0.2759 0.6552 0.738820 -0.673902 2.904975
0.2759 0.6897 0.710539 -0.703658 3.179580
0.2759 0.7241 0.0000 0.0000 0.0000
0.2759 0.7586 0.0000 0.0000 0.0000
0.2759 0.7931 0.0000 0.0000 0.0000
0.2759 0.8276 0.0000 0.0000 0.0000
0.2759 0.8621 0.0000 0.0000 0.0000
0.2759 0.8966 0.0000 0.0000 0.0000
0.2759 0.9310 0.0000 0.0000 0.0000
0.2759 0.9655 0.0000 0.0000 0.0000
0.2759 1.0000 0.0000 0.0000 0.0000

0.3103 0.0000 0.0000 0.0000 0.0000
0.3103 0.0345 0.038964 0.999241 3.283587
0.3103 0.0690 0.085940 0.996300 2.977484
0.3103 0.1034 0.143248 0.989687 2.679477
0.3103 0.1379 0.213898 0.976856 2.392592
0.3103 0.1724 0.301561 0.953447 2.121347
0.3103 0.2069 0.409953 0.912107 1.872551
0.3103 0.2414 0.540707 0.841211 1.656351
0.3103 0.2759 0.688312 0.725415 1.487034
0.3103 0.3103 0.833240 0.552912 1.381939
0.3103 0.3448 0.943475 0.331444 1.356082
0.3103 0.3793 0.995442 0.095373 1.413817
0.3103 0.4138 0.993213 -0.116306 1.545806
0.3103 0.4483 0.958547 -0.284933 1.735186
0.3103 0.4828 0.911350 -0.411632 1.965437
0.3103 0.5172 0.862963 -0.505267 2.223900
0.3103 0.5517 0.818230 -0.574890 2.501846
0.3103 0.5862 0.778613 -0.627504 2.793467
0.3103 0.6207 0.744119 -0.668047 3.094899
0.3103 0.6552 0.714232 -0.699909 3.403536
0.3103 0.6897 0.0000 0.0000 0.0000
0.3103 0.7241 0.0000 0.0000 0.0000
0.3103 0.7586 0.0000 0.0000 0.0000
0.3103 0.7931 0.0000 0.0000 0.0000
0.3103 0.8276 0.0000 0.0000 0.0000
0.3103 0.8621 0.0000 0.0000 0.0000
0.3103 0.8966 0.0000 0.0000 0.0000
0.3103 0.9310 0.0000 0.0000 0.0000
0.3103 0.9655 0.0000 0.0000 0.0000
0.3103 1.0000 0.0000 0.0000 0.0000

0.3448 0.0000 0.0000 0.0000 0.0000
0.3448 0.0345 0.041441 0.999141 3.448860
0.3448 0.0690 0.091929 0.995766 3.109481
0.3448 0.1034 0.154236 0.988034 2.779995
0.3448 0.1379 0.231986 0.972719 2.464376
0.3448 0.1724 0.329520 0.944149 2.168686
0.3448 0.2069 0.450810 0.892620 1.902242
0.3448 0.2414 0.595868 0.803083 1.679023
0.3448 0.2759 0.753120 0.657883 1.518219
0.3448 0.3103 0.892737 0.450577 1.440878
0.3448 0.3448 0.978722 0.205190 1.460323
0.3448 0.3793 0.999496 -0.031749 1.572969
0.3448 0.4138 0.973925 -0.226871 1.761020
0.3448 0.4483 0.927458 -0.373927 2.003353
0.3448 0.4828 0.876554 -0.481303 2.282746
0.3448 0.5172 0.828641 -0.559781 2.587220
0.3448 0.5517 0.786137 -0.618053 2.908910
0.3448 0.5862 0.749292 -0.662240 3.242697
0.3448 0.6207 0.717575 -0.696481 3.585203
0.3448 0.6552 0.0000 0.0000 0.0000
0.3448 0.6897 0.0000 0.0000 0.0000
0.3448 0.7241 0.0000 0.0000 0.0000
0.3448 0.7586 0.0000 0.0000 0.0000
0.3448 0.7931 0.0000 0.0000 0.0000
0.3448 0.8276 0.0000 0.0000 0.0000
0.3448 0.8621 0.0000 0.0000 0.0000
0.3448 0.8966 0.0000 0.0000 0.0000
0.3448 0.9310 0.0000 0.0000 0.0000
0.3448 0.9655 0.0000 0.0000 0.0000
0.3448 1.0000 0.0000 0.0000 0.0000

0.3793 0.0000 0.0000 0.0000 0.0000
0.3793 0.0345 0.044179 0.999024 3.574239
0.3793 0.0690 0.098636 0.995124 3.201820
0.3793 0.1034 0.166719 0.986004 2.841432
0.3793 0.1379 0.252825 0.967512 2.498287
0.3793 0.1724 0.362083 0.932146 2.180539
0.3793 0.2069 0.498401 0.866947 1.900968
0.3793 0.2414 0.658434 0.752638 1.678756
0.3793 0.2759 0.820855 0.571137 1.538954
0.3793 0.3103 0.944478 0.328576 1.504710
0.3793 0.3448 0.997588 0.069411 1.582890
0.3793 0.3793 0.987727 -0.156192 1.758563
0.3793 0.4138 0.944478 -0.328576 2.006280
0.3793 0.4483 0.891391 -0.453234 2.302910
0.3793 0.4828 0.839943 -0.542674 2.631965
0.3793 0.5172 0.794107 -0.607779 2.982734
0.3793 0.5517 0.754544 -0.656249 3.348399
0.3793 0.5862 0.720732 -0.693213 3.724577
0.3793 0.6207 0.0000 0.0000 0.0000
0.3793 0.6552 0.0000 0.0000 0.0000
0.3793 0.6897 0.0000 0.0000 0.0000
0.3793 0.7241 0.0000 0.0000 0.0000
0.3793 0.7586 0.0000 0.0000 0.0000
0.3793 0.7931 0.0000 0.0000 0.0000
0.3793 0.8276 0.0000 0.0000 0.0000
0.3793 0.8621 0.0000 0.0000 0.0000
0.3793 0.8966 0.0000 0.0000 0.0000
0.3793 0.9310 0.0000 0.0000 0.0000
0.3793 0.9655 0.0000 0.0000 0.0000
0.3793 1.0000 0.0000 0.0000 0.0000

0.4138 0.0000 0.0000 0.0000 0.0000
0.4138 0.0345 0.047241 0.998884 3.659734
0.4138 0.0690 0.106244 0.994340 3.254568
0.4138 0.1034 0.181099 0.983465 2.864003
0.4138 0.1379 0.277188 0.960816 2.494907
0.4138 0.1724 0.400518 0.916289 2.158321
0.4138 0.2069 0.554172 0.832402 1.871866
0.4138 0.2414 0.728318 0.685240 1.661673
0.4138 0.2759 0.887237 0.461314 1.558902
0.4138 0.3103 0.981958 0.189098 1.584594
0.4138 0.3448 0.997606 -0.069160 1.733044
0.4138 0.3793 0.962058 -0.272846 1.976787
0.4138 0.4138 0.907740 -0.419533 2.285537
0.4138 0.4483 0.852463 -0.522788 2.636553
0.4138 0.4828 0.802774 -0.596283 3.015110
0.4138 0.5172 0.760053 -0.649861 3.412053
0.4138 0.5517 0.723830 -0.689978 3.821658
0.4138 0.5862 0.693147 -0.720796 4.240256
0.4138 0.6207 0.0000 0.0000 0.0000
0.4138 0.6552 0.0000 0.0000 0.0000
0.4138 0.6897 0.0000 0.0000 0.0000
0.4138 0.7241 0.0000 0.0000 0.0000
0.4138 0.7586 0.0000 0.0000 0.0000
0.4138 0.7931 0.0000 0.0000 0.0000
0.4138 0.8276 0.0000 0.0000 0.0000
0.4138 0.8621 0.0000 0.0000 0.0000
0.4138 0.8966 0.0000 0.0000 0.0000
0.4138 0.9310 0.0000 0.0000 0.0000
0.4138 0.9655 0.0000 0.0000 0.0000
0.4138 1.0000 0.0000 0.0000 0.0000

0.4483 0.0000 0.0000 0.0000 0.0000
0.4483 0.0345 0.050703 0.998714 3.705360
0.4483 0.0690 0.114983 0.993367 3.267809
0.4483 0.1034 0.197898 0.980223 2.848003
0.4483 0.1379 0.306097 0.952000 2.455060
0.4483 0.1724 0.446445 0.894811 2.104085
0.4483 0.2069 0.619517 0.784983 1.819529
0.4483 0.2414 0.803647 0.595106 1.636416
0.4483 0.2759 0.945157 0.326617 1.590184
0.4483 0.3103 0.999264 0.038368 1.692090
0.4483 0.3448 0.979174 -0.203024 1.918674
0.4483 0.3793 0.925771 -0.378085 2.232288
0.4483 0.4138 0.866551 -0.499089 2.601647
0.4483 0.4483 0.812411 -0.583085 3.006274
0.4483 0.4828 0.765991 -0.642851 3.433723
0.4483 0.5172 0.726972 -0.686667 3.876452
0.4483 0.5517 0.0000 0.0000 0.0000
0.4483 0.5862 0.0000 0.0000 0.0000
0.4483 0.6207 0.0000 0.0000 0.0000
0.4483 0.6552 0.0000 0.0000 0.0000
0.4483 0.6897 0.0000 0.0000 0.0000
0.4483 0.7241 0.0000 0.0000 0.0000
0.4483 0.7586 0.0000 0.0000 0.0000
0.4483 0.7931 0.0000 0.0000 0.0000
0.4483 0.8276 0.0000 0.0000 0.0000
0.4483 0.8621 0.0000 0.0000 0.0000
0.4483 0.8966 0.0000 0.0000 0.0000
0.4483 0.9310 0.0000 0.0000 0.0000
0.4483 0.9655 0.0000 0.0000 0.0000
0.4483 1.0000 0.0000 0.0000 0.0000

0.4828 0.0000 0.0000 0.0000 0.0000
0.4828 0.0345 0.054661 0.998505 3.711137
0.4828 0.0690 0.125154 0.992137 3.241659
0.4828 0.1034 0.217823 0.975988 2.793838
0.4828 0.1379 0.340941 0.940085 2.379930
0.4828 0.1724 0.501894 0.864929 2.020882
0.4828 0.2069 0.695191 0.718825 1.750775
0.4828 0.2414 0.879310 0.476250 1.614876
0.4828 0.2759 0.985473 0.169830 1.646752
0.4828 0.3103 0.993465 -0.114138 1.837693
0.4828 0.3448 0.945420 -0.325854 2.145647
0.4828 0.3793 0.882598 -0.470129 2.528209
0.4828 0.4138 0.823337 -0.567552 2.956559
0.4828 0.4483 0.772549 -0.634955 3.413502
0.4828 0.4828 0.730258 -0.683172 3.888973
0.4828 0.5172 0.0000 0.0000 0.0000
0.4828 0.5517 0.0000 0.0000 0.0000
0.4828 0.5862 0.0000 0.0000 0.0000
0.4828 0.6207 0.0000 0.0000 0.0000
0.4828 0.6552 0.0000 0.0000 0.0000
0.4828 0.6897 0.0000 0.0000 0.0000
0.4828 0.7241 0.0000 0.0000 0.0000
0.4828 0.7586 0.0000 0.0000 0.0000
0.4828 0.7931 0.0000 0.0000 0.0000
0.4828 0.8276 0.0000 0.0000 0.0000
0.4828 0.8621 0.0000 0.0000 0.0000
0.4828 0.8966 0.0000 0.0000 0.0000
0.4828 0.9310 0.0000 0.0000 0.0000
0.4828 0.9655 0.0000 0.0000 0.0000
0.4828 1.0000 0.0000 0.0000 0.0000

0.5172 0.0000 0.0000 0.0000 0.0000
0.5172 0.0345 0.059241 0.998244 3.677088
0.5172 0.0690 0.137164 0.990548 3.176276
0.5172 0.1034 0.241852 0.970313 2.702095
0.5172 0.1379 0.383634 0.923485 2.271290
0.5172 0.1724 0.569242 0.822170 1.913385
0.5172 0.2069 0.779954 0.625837 1.675759
0.5172 0.2414 0.945647 0.325195 1.612495
0.5172 0.2759 1.000000 0.000000 1.742687
0.5172 0.3103 0.966042 -0.258385 2.029439
0.5172 0.3448 0.901016 -0.433786 2.417670
0.5172 0.3793 0.835948 -0.548809 2.866440
0.5172 0.4138 0.779954 -0.625837 3.351518
0.5172 0.4483 0.733789 -0.679377 3.859238
0.5172 0.4828 0.0000 0.0000 0.0000
0.5172 0.5172 0.0000 0.0000 0.0000
0.5172 0.5517 0.0000 0.0000 0.0000
0.5172 0.5862 0.0000 0.0000 0.0000
0.5172 0.6207 0.0000 0.0000 0.0000
0.5172 0.6552 0.0000 0.0000 0.0000
0.5172 0.6897 0.0000 0.0000 0.0000
0.5172 0.7241 0.0000 0.0000 0.0000
0.5172 0.7586 0.0000 0.0000 0.0000
0.5172 0.7931 0.0000 0.0000 0.0000
0.5172 0.8276 0.0000 0.0000 0.0000
0.5172 0.8621 0.0000 0.0000 0.0000
0.5172 0.8966 0.0000 0.0000 0.0000
0.5172 0.9310 0.0000 0.0000 0.0000
0.5172 0.9655 0.0000 0.0000 0.0000
0.5172 1.0000 0.0000 0.0000 0.0000

0.5517 0.0000 0.0000 0.0000 0.0000
0.5517 0.0345 0.064613 0.997910 3.603249
0.5517 0.0690 0.151580 0.988445 3.071881
0.5517 0.1034 0.271388 0.962470 2.573639
0.5517 0.1379 0.436832 0.899543 2.131879
0.5517 0.1724 0.650715 0.759322 1.788941
0.5517 0.2069 0.868025 0.496521 1.609295
0.5517 0.2414 0.989355 0.145523 1.647262
0.5517 0.2759 0.985593 -0.169131 1.889769
0.5517 0.3103 0.922155 -0.386821 2.272246
0.5517 0.3448 0.850750 -0.525571 2.736621
0.5517 0.3793 0.788496 -0.615040 3.247954
0.5517 0.4138 0.737686 -0.675144 3.787273
0.5517 0.4483 0.0000 0.0000 0.0000
0.5517 0.4828 0.0000 0.0000 0.0000
0.5517 0.5172 0.0000 0.0000 0.0000
0.5517 0.5517 0.0000 0.0000 0.0000
0.5517 0.5862 0.0000 0.0000 0.0000
0.5517 0.6207 0.0000 0.0000 0.0000
0.5517 0.6552 0.0000 0.0000 0.0000
0.5517 0.6897 0.0000 0.0000 0.0000
0.5517 0.7241 0.0000 0.0000 0.0000
0.5517 0.7586 0.0000 0.0000 0.0000
0.5517 0.7931 0.0000 0.0000 0.0000
0.5517 0.8276 0.0000 0.0000 0.0000
0.5517 0.8621 0.0000 0.0000 0.0000
0.5517 0.8966 0.0000 0.0000 0.0000
0.5517 0.9310 0.0000 0.0000 0.0000
0.5517 0.9655 0.0000 0.0000 0.0000
0.5517 1.0000 0.0000 0.0000 0.0000

0.5862 0.0000 0.0000 0.0000 0.0000
0.5862 0.0345 0.071010 0.997476 3.489665
0.5862 0.0690 0.169216 0.985579 2.928800
0.5862 0.1034 0.308490 0.951228 2.409803
0.5862 0.1379 0.504142 0.863621 1.966116
0.5862 0.1724 0.746705 0.665155 1.659291
0.5862 0.2069 0.946018 0.324115 1.571642
0.5862 0.2414 0.998804 -0.048886 1.736678
0.5862 0.2759 0.946018 -0.324115 2.095523
0.5862 0.3103 0.868397 -0.495870 2.568183
0.5862 0.3448 0.798563 -0.601911 3.103077
0.5862 0.3793 0.742095 -0.670294 3.673116
0.5862 0.4138 0.697336 -0.716744 4.264230
0.5862 0.4483 0.0000 0.0000 0.0000
0.5862 0.4828 0.0000 0.0000 0.0000
0.5862 0.5172 0.0000 0.0000 0.0000
0.5862 0.5517 0.0000 0.0000 0.0000
0.5862 0.5862 0.0000 0.0000 0.0000
0.5862 0.6207 0.0000 0.0000 0.0000
0.5862 0.6552 0.0000 0.0000 0.0000
0.5862 0.6897 0.0000 0.0000 0.0000
0.5862 0.7241 0.0000 0.0000 0.0000
0.5862 0.7586 0.0000 0.0000 0.0000
0.5862 0.7931 0.0000 0.0000 0.0000
0.5862 0.8276 0.0000 0.0000 0.0000
0.5862 0.8621 0.0000 0.0000 0.0000
0.5862 0.8966 0.0000 0.0000 0.0000
0.5862 0.9310 0.0000 0.0000 0.0000
0.5862 0.9655 0.0000 0.0000 0.0000
0.5862 1.0000 0.0000 0.0000 0.0000

0.6207 0.0000 0.0000 0.0000 0.0000
0.6207 0.0345 0.078762 0.996893 3.336405
0.6207 0.0690 0.191287 0.981534 2.747525
0.6207 0.1034 0.356277 0.934380 2.212737
0.6207 0.1379 0.590043 0.807372 1.781445
0.6207 0.1724 0.851521 0.524321 1.543018
0.6207 0.2069 0.993562 0.113293 1.586911
0.6207 0.2414 0.971422 -0.237361 1.893593
0.6207 0.2759 0.889708 -0.456529 2.362863
0.6207 0.3103 0.810699 -0.585464 2.917288
0.6207 0.3448 0.747215 -0.664582 3.516823
0.6207 0.3793 0.0000 0.0000 0.0000
0.6207 0.4138 0.0000 0.0000 0.0000
0.6207 0.4483 0.0000 0.0000 0.0000
0.6207 0.4828 0.0000 0.0000 0.0000
0.6207 0.5172 0.0000 0.0000 0.0000
0.6207 0.5517 0.0000 0.0000 0.0000
0.6207 0.5862 0.0000 0.0000 0.0000
0.6207 0.6207 0.0000 0.0000 0.0000
0.6207 0.6552 0.0000 0.0000 0.0000
0.6207 0.6897 0.0000 0.0000 0.0000
0.6207 0.7241 0.0000 0.0000 0.0000
0.6207 0.7586 0.0000 0.0000 0.0000
0.6207 0.7931 0.0000 0.0000 0.0000
0.6207 0.8276 0.0000 0.0000 0.0000
0.6207 0.8621 0.0000 0.0000 0.0000
0.6207 0.8966 0.0000 0.0000 0.0000
0.6207 0.9310 0.0000 0.0000 0.0000
0.6207 0.9655 0.0000 0.0000 0.0000
0.6207 1.0000 0.0000 0.0000 0.0000

0.6552 0.0000 0.0000 0.0000 0.0000
0.6552 0.0345 0.088360 0.996089 3.143568
0.6552 0.0690 0.219678 0.975572 2.528836
0.6552 0.1034 0.419559 0.907728 1.986117
0.6552 0.1379 0.698384 0.715724 1.590900
0.6552 0.1724 0.946308 0.323268 1.467623
0.6552 0.2069 0.993579 -0.113139 1.677357
0.6552 0.2414 0.915581 -0.402134 2.123627
0.6552 0.2759 0.825689 -0.564126 2.691228
0.6552 0.3103 0.753322 -0.657652 3.318476
0.6552 0.3448 0.0000 0.0000 0.0000
0.6552 0.3793 0.0000 0.0000 0.0000
0.6552 0.4138 0.0000 0.0000 0.0000
0.6552 0.4483 0.0000 0.0000 0.0000
0.6552 0.4828 0.0000 0.0000 0.0000
0.6552 0.5172 0.0000 0.0000 0.0000
0.6552 0.5517 0.0000 0.0000 0.0000
0.6552 0.5862 0.0000 0.0000 0.0000
0.6552 0.6207 0.0000 0.0000 0.0000
0.6552 0.6552 0.0000 0.0000 0.0000
0.6552 0.6897 0.0000 0.0000 0.0000
0.6552 0.7241 0.0000 0.0000 0.0000
0.6552 0.7586 0.0000 0.0000 0.0000
0.6552 0.7931 0.0000 0.0000 0.0000
0.6552 0.8276 0.0000 0.0000 0.0000
0.6552 0.8621 0.0000 0.0000 0.0000
0.6552 0.8966 0.0000 0.0000 0.0000
0.6552 0.9310 0.0000 0.0000 0.0000
0.6552 0.9655 0.0000 0.0000 0.0000
0.6552 1.0000 0.0000 0.0000 0.0000

0.6897 0.0000 0.0000 0.0000 0.0000
0.6897 0.0345 0.100555 0.994931 2.911308
0.6897 0.0690 0.257467 0.966287 2.274049
0.6897 0.1034 0.505709 0.862704 1.736651
0.6897 0.1379 0.826014 0.563649 1.417635
0.6897 0.1724 0.997680 0.068079 1.467137
0.6897 0.2069 0.946430 -0.322909 1.855901
0.6897 0.2414 0.844705 -0.535232 2.425967
0.6897 0.2759 0.760825 -0.648957 3.078203
0.6897 0.3103 0.0000 0.0000 0.0000
0.6897 0.3448 0.0000 0.0000 0.0000
0.6897 0.3793 0.0000 0.0000 0.0000
0.6897 0.4138 0.0000 0.0000 0.0000
0.6897 0.4483 0.0000 0.0000 0.0000
0.6897 0.4828 0.0000 0.0000 0.0000
0.6897 0.5172 0.0000 0.0000 0.0000
0.6897 0.5517 0.0000 0.0000 0.0000
0.6897 0.5862 0.0000 0.0000 0.0000
0.6897 0.6207 0.0000 0.0000 0.0000
0.6897 0.6552 0.0000 0.0000 0.0000
0.6897 0.6897 0.0000 0.0000 0.0000
0.6897 0.7241 0.0000 0.0000 0.0000
0.6897 0.7586 0.0000 0.0000 0.0000
0.6897 0.7931 0.0000 0.0000 0.0000
0.6897 0.8276 0.0000 0.0000 0.0000
0.6897 0.8621 0.0000 0.0000 0.0000
0.6897 0.8966 0.0000 0.0000 0.0000
0.6897 0.9310 0.0000 0.0000 0.0000
0.6897 0.9655 0.0000 0.0000 0.0000
0.6897 1.0000 0.0000 0.0000 0.0000

0.7241 0.0000 0.0000 0.0000 0.0000
0.7241 0.0345 0.116569 0.993183 2.639876
0.7241 0.0690 0.309969 0.950747 1.985547
0.7241 0.1034 0.624813 0.780775 1.477541
0.7241 0.1379 0.946541 0.322585 1.300436
0.7241 0.1724 0.979727 -0.200337 1.570483
0.7241 0.2069 0.869522 -0.493894 2.123434
0.7241 0.2414 0.770364 -0.637604 2.796213
0.7241 0.2759 0.0000 0.0000 0.0000
0.7241 0.3103 0.0000 0.0000 0.0000
0.7241 0.3448 0.0000 0.0000 0.0000
0.7241 0.3793 0.0000 0.0000 0.0000
0.7241 0.4138 0.0000 0.0000 0.0000
0.7241 0.4483 0.0000 0.0000 0.0000
0.7241 0.4828 0.0000 0.0000 0.0000
0.7241 0.5172 0.0000 0.0000 0.0000
0.7241 0.5517 0.0000 0.0000 0.0000
0.7241 0.5862 0.0000 0.0000 0.0000
0.7241 0.6207 0.0000 0.0000 0.0000
0.7241 0.6552 0.0000 0.0000 0.0000
0.7241 0.6897 0.0000 0.0000 0.0000
0.7241 0.7241 0.0000 0.0000 0.0000
0.7241 0.7586 0.0000 0.0000 0.0000
0.7241 0.7931 0.0000 0.0000 0.0000
0.7241 0.8276 0.0000 0.0000 0.0000
0.7241 0.8621 0.0000 0.0000 0.0000
0.7241 0.8966 0.0000 0.0000 0.0000
0.7241 0.9310 0.0000 0.0000 0.0000
0.7241 0.9655 0.0000 0.0000 0.0000
0.7241 1.0000 0.0000 0.0000 0.0000

0.7586 0.0000 0.0000 0.0000 0.0000
0.7586 0.0345 0.138520 0.990360 2.329712
0.7586 0.0690 0.386922 0.922112 1.668093
0.7586 0.1034 0.783003 0.622017 1.236435
0.7586 0.1379 1.000000 0.000000 1.290844
0.7586 0.1724 0.902703 -0.430264 1.787471
0.7586 0.2069 0.783003 -0.622017 2.472871
0.7586 0.2414 0.699592 -0.714543 3.228993
0.7586 0.2759 0.0000 0.0000 0.0000
0.7586 0.3103 0.0000 0.0000 0.0000
0.7586 0.3448 0.0000 0.0000 0.0000
0.7586 0.3793 0.0000 0.0000 0.0000
0.7586 0.4138 0.0000 0.0000 0.0000
0.7586 0.4483 0.0000 0.0000 0.0000
0.7586 0.4828 0.0000 0.0000 0.0000
0.7586 0.5172 0.0000 0.0000 0.0000
0.7586 0.5517 0.0000 0.0000 0.0000
0.7586 0.5862 0.0000 0.0000 0.0000
0.7586 0.6207 0.0000 0.0000 0.0000
0.7586 0.6552 0.0000 0.0000 0.0000
0.7586 0.6897 0.0000 0.0000 0.0000
0.7586 0.7241 0.0000 0.0000 0.0000
0.7586 0.7586 0.0000 0.0000 0.0000
0.7586 0.7931 0.0000 0.0000 0.0000
0.7586 0.8276 0.0000 0.0000 0.0000
0.7586 0.8621 0.0000 0.0000 0.0000
0.7586 0.8966 0.0000 0.0000 0.0000
0.7586 0.9310 0.0000 0.0000 0.0000
0.7586 0.9655 0.0000 0.0000 0.0000
0.7586 1.0000 0.0000 0.0000 0.0000

0.7931 0.0000 0.0000 0.0000 0.0000
0.7931 0.0345 0.170409 0.985373 1.981660
0.7931 0.0690 0.506864 0.862026 1.332480
0.7931 0.1034 0.946732 0.322022 1.070081
0.7931 0.1379 0.946732 -0.322022 1.426774
0.7931 0.1724 0.800649 -0.599134 2.108872
0.7931 0.2069 0.0000 0.0000 0.0000
0.7931 0.2414 0.0000 0.0000 0.0000
0.7931 0.2759 0.0000 0.0000 0.0000
0.7931 0.3103 0.0000 0.0000 0.0000
0.7931 0.3448 0.0000 0.0000 0.0000
0.7931 0.3793 0.0000 0.0000 0.0000
0.7931 0.4138 0.0000 0.0000 0.0000
0.7931 0.4483 0.0000 0.0000 0.0000
0.7931 0.4828 0.0000 0.0000 0.0000
0.7931 0.5172 0.0000 0.0000 0.0000
0.7931 0.5517 0.0000 0.0000 0.0000
0.7931 0.5862 0.0000 0.0000 0.0000
0.7931 0.6207 0.0000 0.0000 0.0000
0.7931 0.6552 0.0000 0.0000 0.0000
0.7931 0.6897 0.0000 0.0000 0.0000
0.7931 0.7241 0.0000 0.0000 0.0000
0.7931 0.7586 0.0000 0.0000 0.0000
0.7931 0.7931 0.0000 0.0000 0.0000
0.7931 0.8276 0.0000 0.0000 0.0000
0.7931 0.8621 0.0000 0.0000 0.0000
0.7931 0.8966 0.0000 0.0000 0.0000
0.7931 0.9310 0.0000 0.0000 0.0000
0.7931 0.9655 0.0000 0.0000 0.0000
0.7931 1.0000 0.0000 0.0000 0.0000

0.8276 0.0000 0.0000 0.0000 0.0000
0.8276 0.0345 0.220759 0.975328 1.597559
0.8276 0.0690 0.700227 0.713920 1.007317
0.8276 0.1034 0.993644 -0.112564 1.064793
0.8276 0.1379 0.827041 -0.562142 1.705722
0.8276 0.1724 0.0000 0.0000 0.0000
0.8276 0.2069 0.0000 0.0000 0.0000
0.8276 0.2414 0.0000 0.0000 0.0000
0.8276 0.2759 0.0000 0.0000 0.0000
0.8276 0.3103 0.0000 0.0000 0.0000
0.8276 0.3448 0.0000 0.0000 0.0000
0.8276 0.3793 0.0000 0.0000 0.0000
0.8276 0.4138 0.0000 0.0000 0.0000
0.8276 0.4483 0.0000 0.0000 0.0000
0.8276 0.4828 0.0000 0.0000 0.0000
0.8276 0.5172 0.0000 0.0000 0.0000
0.8276 0.5517 0.0000 0.0000 0.0000
0.8276 0.5862 0.0000 0.0000 0.0000
0.8276 0.6207 0.0000 0.0000 0.0000
0.8276 0.6552 0.0000 0.0000 0.0000
0.8276 0.6897 0.0000 0.0000 0.0000
0.8276 0.7241 0.0000 0.0000 0.0000
0.8276 0.7586 0.0000 0.0000 0.0000
0.8276 0.7931 0.0000 0.0000 0.0000
0.8276 0.8276 0.0000 0.0000 0.0000
0.8276 0.8621 0.0000 0.0000 0.0000
0.8276 0.8966 0.0000 0.0000 0.0000
0.8276 0.9310 0.0000 0.0000 0.0000
0.8276 0.9655 0.0000 0.0000 0.0000
0.8276 1.0000 0.0000 0.0000 0.0000

0.8621 0.0000 0.0000 0.0000 0.0000
0.8621 0.0345 0.310973 0.950419 1.182281
0.8621 0.0690 0.946892 0.321551 0.776556
0.8621 0.1034 0.870280 -0.492558 1.267377
0.8621 0.1379 0.700506 -0.713646 2.099382
0.8621 0.1724 0.0000 0.0000 0.0000
0.8621 0.2069 0.0000 0.0000 0.0000
0.8621 0.2414 0.0000 0.0000 0.0000
0.8621 0.2759 0.0000 0.0000 0.0000
0.8621 0.3103 0.0000 0.0000 0.0000
0.8621 0.3448 0.0000 0.0000 0.0000
0.8621 0.3793 0.0000 0.0000 0.0000
0.8621 0.4138 0.0000 0.0000 0.0000
0.8621 0.4483 0.0000 0.0000 0.0000
0.8621 0.4828 0.0000 0.0000 0.0000
0.8621 0.5172 0.0000 0.0000 0.0000
0.8621 0.5517 0.0000 0.0000 0.0000
0.8621 0.5862 0.0000 0.0000 0.0000
0.8621 0.6207 0.0000 0.0000 0.0000
0.8621 0.6552 0.0000 0.0000 0.0000
0.8621 0.6897 0.0000 0.0000 0.0000
0.8621 0.7241 0.0000 0.0000 0.0000
0.8621 0.7586 0.0000 0.0000 0.0000
0.8621 0.7931 0.0000 0.0000 0.0000
0.8621 0.8276 0.0000 0.0000 0.0000
0.8621 0.8621 0.0000 0.0000 0.0000
0.8621 0.8966 0.0000 0.0000 0.0000
0.8621 0.9310 0.0000 0.0000 0.0000
0.8621 0.9655 0.0000 0.0000 0.0000
0.8621 1.0000 0.0000 0.0000 0.0000

0.8966 0.0000 0.0000 0.0000 0.0000
0.8966 0.0345 0.507751 0.861504 0.753597
0.8966 0.0690 0.946963 -0.321343 0.808141
0.8966 0.1034 0.0000 0.0000 0.0000
0.8966 0.1379 0.0000 0.0000 0.0000
0.8966 0.1724 0.0000 0.0000 0.0000
0.8966 0.2069 0.0000 0.0000 0.0000
0.8966 0.2414 0.0000 0.0000 0.0000
0.8966 0.2759 0.0000 0.0000 0.0000
0.8966 0.3103 0.0000 0.0000 0.0000
0.8966 0.3448 0.0000 0.0000 0.0000
0.8966 0.3793 0.0000 0.0000 0.0000
0.8966 0.4138 0.0000 0.0000 0.0000
0.8966 0.4483 0.0000 0.0000 0.0000
0.8966 0.4828 0.0000 0.0000 0.0000
0.8966 0.5172 0.0000 0.0000 0.0000
0.8966 0.5517 0.0000 0.0000 0.0000
0.8966 0.5862 0.0000 0.0000 0.0000
0.8966 0.6207 0.0000 0.0000 0.0000
0.8966 0.6552 0.0000 0.0000 0.0000
0.8966 0.6897 0.0000 0.0000 0.0000
0.8966 0.7241 0.0000 0.0000 0.0000
0.8966 0.7586 0.0000 0.0000 0.0000
0.8966 0.7931 0.0000 0.0000 0.0000
0.8966 0.8276 0.0000 0.0000 0.0000
0.8966 0.8621 0.0000 0.0000 0.0000
0.8966 0.8966 0.0000 0.0000 0.0000
0.8966 0.9310 0.0000 0.0000 0.0000
0.8966 0.9655 0.0000 0.0000 0.0000
0.8966 1.0000 0.0000 0.0000 0.0000

0.9310 0.0000 0.0000 0.0000 0.0000
0.9310 0.0345 0.947028 0.321151 0.419863
0.9310 0.0690 0.701001 -0.713160 1.134440
0.9310 0.1034 0.0000 0.0000 0.0000
0.9310 0.1379 0.0000 0.0000 0.0000
0.9310 0.1724 0.0000 0.0000 0.0000
0.9310 0.2069 0.0000 0.0000 0.0000
0.9310 0.2414 0.0000 0.0000 0.0000
0.9310 0.2759 0.0000 0.0000 0.0000
0.9310 0.3103 0.0000 0.0000 0.0000
0.9310 0.3448 0.0000 0.0000 0.0000
0.9310 0.3793 0.0000 0.0000 0.0000
0.9310 0.4138 0.0000 0.0000 0.0000
0.9310 0.4483 0.0000 0.0000 0.0000
0.9310 0.4828 0.0000 0.0000 0.0000
0.9310 0.5172 0.0000 0.0000 0.0000
0.9310 0.5517 0.0000 0.0000 0.0000
0.9310 0.5862 0.0000 0.0000 0.0000
0.9310 0.6207 0.0000 0.0000 0.0000
0.9310 0.6552 0.0000 0.0000 0.0000
0.9310 0.6897 0.0000 0.0000 0.0000
0.9310 0.7241 0.0000 0.0000 0.0000
0.9310 0.7586 0.0000 0.0000 0.0000
0.9310 0.7931 0.0000 0.0000 0.0000
0.9310 0.8276 0.0000 0.0000 0.0000
0.9310 0.8621 0.0000 0.0000 0.0000
0.9310 0.8966 0.0000 0.0000 0.0000
0.9310 0.9310 0.0000 0.0000 0.0000
0.9310 0.9655 0.0000 0.0000 0.0000
0.9310 1.0000 0.0000 0.0000 0.0000

0.9655 0.0000 0.0000 0.0000 0.0000
0.9655 0.0345 0.0000 0.0000 0.0000
0.9655 0.0690 0.0000 0.0000 0.0000
0.9655 0.1034 0.0000 0.0000 0.0000
0.9655 0.1379 0.0000 0.0000 0.0000
0.9655 0.1724 0.0000 0.0000 0.0000
0.9655 0.2069 0.0000 0.0000 0.0000
0.9655 0.2414 0.0000 0.0000 0.0000
0.9655 0.2759 0.0000 0.0000 0.0000
0.9655 0.3103 0.0000 0.0000 0.0000
0.9655 0.3448 0.0000 0.0000 0.0000
0.9655 0.3793 0.0000 0.0000 0.0000
0.9655 0.4138 0.0000 0.0000 0.0000
0.9655 0.4483 0.0000 0.0000 0.0000
0.9655 0.4828 0.0000 0.0000 0.0000
0.9655 0.5172 0.0000 0.0000 0.0000
0.9655 0.5517 0.0000 0.0000 0.0000
0.9655 0.5862 0.0000 0.0000 0.0000
0.9655 0.6207 0.0000 0.0000 0.0000
0.9655 0.6552 0.0000 0.0000 0.0000
0.9655 0.6897 0.0000 0.0000 0.0000
0.9655 0.7241 0.0000 0.0000 0.0000
0.9655 0.7586 0.0000 0.0000 0.0000
0.9655 0.7931 0.0000 0.0000 0.0000
0.9655 0.8276 0.0000 0.0000 0.0000
0.9655 0.8621 0.0000 0.0000 0.0000
0.9655 0.8966 0.0000 0.0000 0.0000
0.9655 0.9310 0.0000 0.0000 0.0000
0.9655 0.9655 0.0000 0.0000 0.0000
0.9655 1.0000 0.0000 0.0000 0.0000

1.0000 0.0000 0.0000 0.0000 0.0000
1.0000 0.0345 0.0000 0.0000 0.0000
1.0000 0.0690 0.0000 0.0000 0.0000
1.0000 0.1034 0.0000 0.0000 0.0000
1.0000 0.1379 0.0000 0.0000 0.0000
1.0000 0.1724 0.0000 0.0000 0.0000
1.0000 0.2069 0.0000 0.0000 0.0000
1.0000 0.2414 0.0000 0.0000 0.0000
1.0000 0.2759 0.0000 0.0000 0.0000
1.0000 0.3103 0.0000 0.0000 0.0000
1.0000 0.3448 0.0000 0.0000 0.0000
1.0000 0.3793 0.0000 0.0000 0.0000
1.0000 0.4138 0.0000 0.0000 0.0000
1.0000 0.4483 0.0000 0.0000 0.0000
1.0000 0.4828 0.0000 0.0000 0.0000
1.0000 0.5172 0.0000 0.0000 0.0000
1.0000 0.5517 0.0000 0.0000 0.0000
1.0000 0.5862 0.0000 0.0000 0.0000
1.0000 0.6207 0.0000 0.0000 0.0000
1.0000 0.6552 0.0000 0.0000 0.0000
1.0000 0.6897 0.0000 0.0000 0.0000
1.0000 0.7241 0.0000 0.0000 0.0000
1.0000 0.7586 0.0000 0.0000 0.0000
1.0000 0.7931 0.0000 0.0000 0.0000
1.0000 0.8276 0.0000 0.0000 0.0000
1.0000 0.8621 0.0000 0.0000 0.0000
1.0000 0.8966 0.0000 0.0000 0.0000
1.0000 0.9310 0.0000 0.0000 0.0000
1.0000 0.9655 0.0000 0.0000 0.0000
1.0000 1.0000 0.0000 0.0000 0.0000

