0.0000 0.0000 0.000000 0.000000 0.000000
0.0000 0.0345 -1.000000 0.000000 0.006897
0.0000 0.0690 -1.000000 0.000000 0.013793
0.0000 0.1034 -1.000000 0.000000 0.020690
0.0000 0.1379 -1.000000 0.000000 0.027586
0.0000 0.1724 -1.000000 0.000000 0.034483
0.0000 0.2069 -1.000000 0.000000 0.041379
0.0000 0.2414 -1.000000 0.000000 0.048276
0.0000 0.2759 -1.000000 0.000000 0.055172
0.0000 0.3103 -1.000000 0.000000 0.062069
0.0000 0.3448 -1.000000 0.000000 0.068966
0.0000 0.3793 -1.000000 0.000000 0.075862
0.0000 0.4138 -1.000000 0.000000 0.082759
0.0000 0.4483 -1.000000 0.000000 0.089655
0.0000 0.4828 -1.000000 0.000000 0.096552
0.0000 0.5172 -1.000000 0.000000 0.103448
0.0000 0.5517 -1.000000 0.000000 0.110345
0.0000 0.5862 -1.000000 -0.000000 0.117241
0.0000 0.6207 -1.000000 -0.000000 0.124138
0.0000 0.6552 -1.000000 -0.000000 0.131034
0.0000 0.6897 -1.000000 -0.000000 0.137931
0.0000 0.7241 -1.000000 -0.000000 0.144828
0.0000 0.7586 -1.000000 -0.000000 0.151724
0.0000 0.7931 -1.000000 -0.000000 0.158621
0.0000 0.8276 -1.000000 -0.000000 0.165517
0.0000 0.8621 -1.000000 -0.000000 0.172414
0.0000 0.8966 -1.000000 -0.000000 0.179310
0.0000 0.9310 -1.000000 -0.000000 0.186207
0.0000 0.9655 -1.000000 -0.000000 0.193103
0.0000 1.0000 -1.000000 -0.000000 0.200000

0.0345 0.0000 0.000000 1.000000 0.053270
0.0345 0.0345 -0.108873 0.994056 0.050239
0.0345 0.0690 -0.228486 0.973547 0.047878
0.0345 0.1034 -0.354499 0.935056 0.046288
0.0345 0.1379 -0.480315 0.877096 0.045551
0.0345 0.1724 -0.598334 0.801247 0.045708
0.0345 0.2069 -0.702002 0.712175 0.046749
0.0345 0.2414 -0.787505 0.616308 0.048619
0.0345 0.2759 -0.854199 0.519947 0.051226
0.0345 0.3103 -0.903827 0.427899 0.054465
0.0345 0.3448 -0.939316 0.343054 0.058230
0.0345 0.3793 -0.963790 0.266661 0.062427
0.0345 0.4138 -0.980031 0.198847 0.066974
0.0345 0.4483 -0.990278 0.139103 0.071804
0.0345 0.4828 -0.996241 0.086630 0.076864
0.0345 0.5172 -0.999178 0.040546 0.082113
0.0345 0.5517 -1.000000 0.000000 0.087515
0.0345 0.5862 -0.999360 -0.035783 0.093044
0.0345 0.6207 -0.997721 -0.067479 0.098679
0.0345 0.6552 -0.995413 -0.095669 0.104403
0.0345 0.6897 -0.992671 -0.120847 0.110201
0.0345 0.7241 -0.989661 -0.143429 0.116063
0.0345 0.7586 -0.986499 -0.163767 0.121980
0.0345 0.7931 -0.983270 -0.182156 0.127943
0.0345 0.8276 -0.980031 -0.198847 0.133947
0.0345 0.8621 -0.976822 -0.214052 0.139987
0.0345 0.8966 -0.973673 -0.227950 0.146057
0.0345 0.9310 -0.970600 -0.240696 0.152155
0.0345 0.9655 -0.967617 -0.252422 0.158276
0.0345 1.0000 0.0000 0.0000 0.0000

0.0690 0.0000 0.000000 1.000000 0.102735
0.0690 0.0345 -0.042042 0.999116 0.096161
0.0690 0.0690 -0.090058 0.995937 0.089782
0.0690 0.1034 -0.145003 0.989431 0.083643
0.0690 0.1379 -0.207859 0.978159 0.077799
0.0690 0.1724 -0.279495 0.960147 0.072323
0.0690 0.2069 -0.360399 0.932798 0.067305
0.0690 0.2414 -0.450238 0.892909 0.062855
0.0690 0.2759 -0.547249 0.836970 0.059100
0.0690 0.3103 -0.647648 0.761939 0.056181
0.0690 0.3448 -0.745471 0.666538 0.054232
0.0690 0.3793 -0.833419 0.552642 0.053360
0.0690 0.4138 -0.904819 0.425797 0.053617
0.0690 0.4483 -0.955779 0.294086 0.054988
0.0690 0.4828 -0.986169 0.165743 0.057393
0.0690 0.5172 -0.998895 0.047007 0.060709
0.0690 0.5517 -0.998274 -0.058722 0.064797
0.0690 0.5862 -0.988608 -0.150515 0.069520
0.0690 0.6207 -0.973417 -0.229039 0.074758
0.0690 0.6552 -0.955266 -0.295748 0.080410
0.0690 0.6897 -0.935876 -0.352330 0.086396
0.0690 0.7241 -0.916334 -0.400415 0.092651
0.0690 0.7586 -0.897288 -0.441446 0.099123
0.0690 0.7931 -0.879096 -0.476645 0.105773
0.0690 0.8276 -0.861934 -0.507020 0.112569
0.0690 0.8621 -0.845867 -0.533394 0.119487
0.0690 0.8966 -0.830892 -0.556434 0.126506
0.0690 0.9310 -0.816968 -0.576683 0.133611
0.0690 0.9655 0.0000 0.0000 0.0000
0.0690 1.0000 0.0000 0.0000 0.0000

0.1034 0.0000 0.000000 1.000000 0.148395
0.1034 0.0345 -0.018897 0.999821 0.138431
0.1034 0.0690 -0.040707 0.999171 0.128525
0.1034 0.1034 -0.066120 0.997812 0.118690
0.1034 0.1379 -0.096045 0.995377 0.108946
0.1034 0.1724 -0.131693 0.991291 0.099319
0.1034 0.2069 -0.174691 0.984623 0.089848
0.1034 0.2414 -0.227230 0.973841 0.080586
0.1034 0.2759 -0.292219 0.956352 0.071616
0.1034 0.3103 -0.373340 0.927694 0.063061
0.1034 0.3448 -0.474614 0.880194 0.055117
0.1034 0.3793 -0.598416 0.801185 0.048086
0.1034 0.4138 -0.739940 0.672673 0.042424
0.1034 0.4483 -0.877896 0.478852 0.038737
0.1034 0.4828 -0.973748 0.227629 0.037610
0.1034 0.5172 -0.999339 -0.036340 0.039265
0.1034 0.5517 -0.964764 -0.263117 0.043384
0.1034 0.5862 -0.901071 -0.433671 0.049353
0.1034 0.6207 -0.832050 -0.554700 0.056591
0.1034 0.6552 -0.768523 -0.639823 0.064673
0.1034 0.6897 -0.713564 -0.700590 0.073320
0.1034 0.7241 -0.667048 -0.745015 0.082355
0.1034 0.7586 -0.627854 -0.778331 0.091662
0.1034 0.7931 -0.594721 -0.803932 0.101167
0.1034 0.8276 -0.566529 -0.824042 0.110819
0.1034 0.8621 -0.542351 -0.840152 0.120583
0.1034 0.8966 -0.521450 -0.853282 0.130433
0.1034 0.9310 0.0000 0.0000 0.0000
0.1034 0.9655 0.0000 0.0000 0.0000
0.1034 1.0000 0.0000 0.0000 0.0000

0.1379 0.0000 0.000000 1.000000 0.190250
0.1379 0.0345 -0.006720 0.999977 0.176936
0.1379 0.0690 -0.014533 0.999894 0.163632
0.1379 0.1034 -0.023727 0.999718 0.150340
0.1379 0.1379 -0.034701 0.999398 0.137062
0.1379 0.1724 -0.048021 0.998846 0.123805
0.1379 0.2069 -0.064520 0.997916 0.110575
0.1379 0.2414 -0.085470 0.996341 0.097384
0.1379 0.2759 -0.112910 0.993605 0.084249
0.1379 0.3103 -0.150300 0.988640 0.071201
0.1379 0.3448 -0.203954 0.978980 0.058300
0.1379 0.3793 -0.286392 0.958112 0.045670
0.1379 0.4138 -0.424434 0.905459 0.033618
0.1379 0.4483 -0.670103 0.742268 0.023068
0.1379 0.4828 -0.974859 0.222825 0.017076
0.1379 0.5172 -0.882353 -0.470588 0.020214
0.1379 0.5517 -0.640184 -0.768221 0.029718
0.1379 0.5862 -0.488079 -0.872800 0.041416
0.1379 0.6207 -0.397112 -0.917770 0.053897
0.1379 0.6552 -0.338593 -0.940933 0.066724
0.1379 0.6897 -0.298275 -0.954480 0.079729
0.1379 0.7241 -0.268965 -0.963150 0.092838
0.1379 0.7586 -0.246756 -0.969078 0.106013
0.1379 0.7931 -0.229373 -0.973339 0.119231
0.1379 0.8276 -0.215410 -0.976524 0.132480
0.1379 0.8621 -0.203954 -0.978980 0.145751
0.1379 0.8966 0.0000 0.0000 0.0000
0.1379 0.9310 0.0000 0.0000 0.0000
0.1379 0.9655 0.0000 0.0000 0.0000
0.1379 1.0000 0.0000 0.0000 0.0000

0.1724 0.0000 0.000000 1.000000 0.228300
0.1724 0.0345 0.001124 0.999999 0.211653
0.1724 0.0690 0.002439 0.999997 0.195007
0.1724 0.1034 0.004000 0.999992 0.178361
0.1724 0.1379 0.005882 0.999983 0.161715
0.1724 0.1724 0.008196 0.999966 0.145070
0.1724 0.2069 0.011110 0.999938 0.128426
0.1724 0.2414 0.014892 0.999889 0.111784
0.1724 0.2759 0.019996 0.999800 0.095144
0.1724 0.3103 0.027263 0.999628 0.078507
0.1724 0.3448 0.038433 0.999261 0.061877
0.1724 0.3793 0.057798 0.998328 0.045260
0.1724 0.4138 0.099504 0.995037 0.028680
0.1724 0.4483 0.251634 0.967822 0.012286
0.1724 0.4828 0.573462 -0.819232 0.005806
0.1724 0.5172 0.164399 -0.986394 0.021698
0.1724 0.5517 0.099504 -0.995037 0.038240
0.1724 0.5862 0.073712 -0.997280 0.054846
0.1724 0.6207 0.059892 -0.998205 0.071472
0.1724 0.6552 0.051284 -0.998684 0.088106
0.1724 0.6897 0.045408 -0.998969 0.104745
0.1724 0.7241 0.041142 -0.999153 0.121387
0.1724 0.7586 0.037904 -0.999281 0.138030
0.1724 0.7931 0.035362 -0.999375 0.154675
0.1724 0.8276 0.033315 -0.999445 0.171320
0.1724 0.8621 0.0000 0.0000 0.0000
0.1724 0.8966 0.0000 0.0000 0.0000
0.1724 0.9310 0.0000 0.0000 0.0000
0.1724 0.9655 0.0000 0.0000 0.0000
0.1724 1.0000 0.0000 0.0000 0.0000

0.2069 0.0000 0.000000 1.000000 0.262545
0.2069 0.0345 0.006863 0.999976 0.242574
0.2069 0.0690 0.014956 0.999888 0.222617
0.2069 0.1034 0.024640 0.999696 0.202677
0.2069 0.1379 0.036434 0.999336 0.182761
0.2069 0.1724 0.051103 0.998693 0.162876
0.2069 0.2069 0.069829 0.997559 0.143036
0.2069 0.2414 0.094536 0.995521 0.123263
0.2069 0.2759 0.128554 0.991703 0.103594
0.2069 0.3103 0.178139 0.984005 0.084104
0.2069 0.3448 0.256295 0.966599 0.064952
0.2069 0.3793 0.393303 0.919409 0.046558
0.2069 0.4138 0.658505 0.752577 0.030336
0.2069 0.4483 0.991417 0.130736 0.021828
0.2069 0.4828 0.805882 -0.592076 0.028919
0.2069 0.5172 0.558376 -0.829588 0.044719
0.2069 0.5517 0.422885 -0.906183 0.062984
0.2069 0.5862 0.344765 -0.938689 0.082084
0.2069 0.6207 0.295073 -0.955475 0.101549
0.2069 0.6552 0.260958 -0.965350 0.121203
0.2069 0.6897 0.236179 -0.971709 0.140968
0.2069 0.7241 0.217400 -0.976083 0.160802
0.2069 0.7586 0.202693 -0.979242 0.180683
0.2069 0.7931 0.190870 -0.981615 0.200596
0.2069 0.8276 0.0000 0.0000 0.0000
0.2069 0.8621 0.0000 0.0000 0.0000
0.2069 0.8966 0.0000 0.0000 0.0000
0.2069 0.9310 0.0000 0.0000 0.0000
0.2069 0.9655 0.0000 0.0000 0.0000
0.2069 1.0000 0.0000 0.0000 0.0000

0.2414 0.0000 0.000000 1.000000 0.292985
0.2414 0.0345 0.011463 0.999934 0.269697
0.2414 0.0690 0.025089 0.999685 0.246451
0.2414 0.1034 0.041542 0.999137 0.223261
0.2414 0.1379 0.061786 0.998089 0.200145
0.2414 0.1724 0.087267 0.996185 0.177132
0.2414 0.2069 0.120239 0.992745 0.154270
0.2414 0.2414 0.164399 0.986394 0.131636
0.2414 0.2759 0.226130 0.974097 0.109373
0.2414 0.3103 0.317041 0.948412 0.087762
0.2414 0.3448 0.458463 0.888713 0.067433
0.2414 0.3793 0.680451 0.732793 0.049977
0.2414 0.4138 0.941195 0.337865 0.039417
0.2414 0.4483 0.970479 -0.241184 0.041413
0.2414 0.4828 0.792624 -0.609711 0.054606
0.2414 0.5172 0.633769 -0.773523 0.073171
0.2414 0.5517 0.526355 -0.850265 0.093976
0.2414 0.5862 0.453772 -0.891118 0.115821
0.2414 0.6207 0.402623 -0.915366 0.138214
0.2414 0.6552 0.365012 -0.931003 0.160925
0.2414 0.6897 0.336336 -0.941742 0.183837
0.2414 0.7241 0.313813 -0.949485 0.206884
0.2414 0.7586 0.295684 -0.955286 0.230024
0.2414 0.7931 0.0000 0.0000 0.0000
0.2414 0.8276 0.0000 0.0000 0.0000
0.2414 0.8621 0.0000 0.0000 0.0000
0.2414 0.8966 0.0000 0.0000 0.0000
0.2414 0.9310 0.0000 0.0000 0.0000
0.2414 0.9655 0.0000 0.0000 0.0000
0.2414 1.0000 0.0000 0.0000 0.0000

0.2759 0.0000 0.000000 1.000000 0.319620
0.2759 0.0345 0.015420 0.999881 0.293019
0.2759 0.0690 0.033909 0.999425 0.266503
0.2759 0.1034 0.056457 0.998405 0.240098
0.2759 0.1379 0.084518 0.996422 0.213845
0.2759 0.1724 0.120294 0.992738 0.187809
0.2759 0.2069 0.167253 0.985914 0.162093
0.2759 0.2414 0.231072 0.972937 0.136879
0.2759 0.2759 0.321296 0.946979 0.112505
0.2759 0.3103 0.453568 0.891222 0.089658
0.2759 0.3448 0.646857 0.762611 0.069852
0.2759 0.3793 0.881417 0.472338 0.056390
0.2759 0.4138 1.000000 0.000000 0.054221
0.2759 0.4483 0.910745 -0.412969 0.064496
0.2759 0.4828 0.764911 -0.644136 0.082700
0.2759 0.5172 0.646857 -0.762611 0.104778
0.2759 0.5517 0.561501 -0.827476 0.128753
0.2759 0.5862 0.499633 -0.866237 0.153739
0.2759 0.6207 0.453568 -0.891222 0.179315
0.2759 0.6552 0.418250 -0.908332 0.205261
0.2759 0.6897 0.390444 -0.920627 0.231451
0.2759 0.7241 0.368048 -0.929807 0.257811
0.2759 0.7586 0.0000 0.0000 0.0000
0.2759 0.7931 0.0000 0.0000 0.0000
0.2759 0.8276 0.0000 0.0000 0.0000
0.2759 0.8621 0.0000 0.0000 0.0000
0.2759 0.8966 0.0000 0.0000 0.0000
0.2759 0.9310 0.0000 0.0000 0.0000
0.2759 0.9655 0.0000 0.0000 0.0000
0.2759 1.0000 0.0000 0.0000 0.0000

0.3103 0.0000 0.000000 1.000000 0.342449
0.3103 0.0345 0.019022 0.999819 0.312542
0.3103 0.0690 0.042050 0.999115 0.282771
0.3103 0.1034 0.070446 0.997516 0.253185
0.3103 0.1379 0.106233 0.994341 0.223859
0.3103 0.1724 0.152516 0.988301 0.194908
0.3103 0.2069 0.214208 0.976788 0.166529
0.3103 0.2414 0.299249 0.954175 0.139072
0.3103 0.2759 0.420124 0.907467 0.113211
0.3103 0.3103 0.592390 0.805651 0.090325
0.3103 0.3448 0.811534 0.584305 0.073260
0.3103 0.3793 0.981261 0.192684 0.066647
0.3103 0.4138 0.972387 -0.233373 0.073370
0.3103 0.4483 0.853996 -0.520280 0.090503
0.3103 0.4828 0.733838 -0.679324 0.113423
0.3103 0.5172 0.640184 -0.768221 0.139303
0.3103 0.5517 0.570396 -0.821370 0.166770
0.3103 0.5862 0.517897 -0.855443 0.195155
0.3103 0.6207 0.477513 -0.878625 0.224110
0.3103 0.6552 0.445712 -0.895177 0.253439
0.3103 0.6897 0.420124 -0.907467 0.283026
0.3103 0.7241 0.0000 0.0000 0.0000
0.3103 0.7586 0.0000 0.0000 0.0000
0.3103 0.7931 0.0000 0.0000 0.0000
0.3103 0.8276 0.0000 0.0000 0.0000
0.3103 0.8621 0.0000 0.0000 0.0000
0.3103 0.8966 0.0000 0.0000 0.0000
0.3103 0.9310 0.0000 0.0000 0.0000
0.3103 0.9655 0.0000 0.0000 0.0000
0.3103 1.0000 0.0000 0.0000 0.0000

0.3448 0.0000 0.000000 1.000000 0.361474
0.3448 0.0345 0.022458 0.999748 0.328264
0.3448 0.0690 0.049938 0.998752 0.295255
0.3448 0.1034 0.084245 0.996445 0.262527
0.3448 0.1379 0.128102 0.991761 0.230196
0.3448 0.1724 0.185735 0.982600 0.198459
0.3448 0.2069 0.263837 0.964567 0.167653
0.3448 0.2414 0.372872 0.927883 0.138400
0.3448 0.2759 0.526940 0.849903 0.111924
0.3448 0.3103 0.731578 0.681757 0.090694
0.3448 0.3448 0.932568 0.360994 0.079052
0.3448 0.3793 0.998284 -0.058550 0.081233
0.3448 0.4138 0.918633 -0.395111 0.096302
0.3448 0.4483 0.802145 -0.597130 0.119478
0.3448 0.4828 0.702236 -0.711944 0.146974
0.3448 0.5172 0.625515 -0.780212 0.176787
0.3448 0.5517 0.567305 -0.823508 0.207921
0.3448 0.5862 0.522492 -0.852644 0.239864
0.3448 0.6207 0.487273 -0.873250 0.272330
0.3448 0.6552 0.459020 -0.888426 0.305153
0.3448 0.6897 0.0000 0.0000 0.0000
0.3448 0.7241 0.0000 0.0000 0.0000
0.3448 0.7586 0.0000 0.0000 0.0000
0.3448 0.7931 0.0000 0.0000 0.0000
0.3448 0.8276 0.0000 0.0000 0.0000
0.3448 0.8621 0.0000 0.0000 0.0000
0.3448 0.8966 0.0000 0.0000 0.0000
0.3448 0.9310 0.0000 0.0000 0.0000
0.3448 0.9655 0.0000 0.0000 0.0000
0.3448 1.0000 0.0000 0.0000 0.0000

0.3793 0.0000 0.000000 1.000000 0.376694
0.3793 0.0345 0.025865 0.999665 0.340185
0.3793 0.0690 0.057896 0.998323 0.303958
0.3793 0.1034 0.098450 0.995142 0.268128
0.3793 0.1379 0.151136 0.988513 0.232877
0.3793 0.1724 0.221621 0.975133 0.198516
0.3793 0.2069 0.318812 0.947818 0.165597
0.3793 0.2414 0.455638 0.890165 0.135180
0.3793 0.2759 0.643600 0.765362 0.109373
0.3793 0.3103 0.859536 0.511075 0.092133
0.3793 0.3448 0.993003 0.118087 0.088610
0.3793 0.3793 0.965363 -0.260909 0.100262
0.3793 0.4138 0.859536 -0.511075 0.122844
0.3793 0.4483 0.754808 -0.655946 0.151545
0.3793 0.4828 0.671253 -0.741229 0.183518
0.3793 0.5172 0.607328 -0.794451 0.217322
0.3793 0.5517 0.558177 -0.829722 0.252223
0.3793 0.5862 0.519711 -0.854342 0.287821
0.3793 0.6207 0.489006 -0.872281 0.323888
0.3793 0.6552 0.0000 0.0000 0.0000
0.3793 0.6897 0.0000 0.0000 0.0000
0.3793 0.7241 0.0000 0.0000 0.0000
0.3793 0.7586 0.0000 0.0000 0.0000
0.3793 0.7931 0.0000 0.0000 0.0000
0.3793 0.8276 0.0000 0.0000 0.0000
0.3793 0.8621 0.0000 0.0000 0.0000
0.3793 0.8966 0.0000 0.0000 0.0000
0.3793 0.9310 0.0000 0.0000 0.0000
0.3793 0.9655 0.0000 0.0000 0.0000
0.3793 1.0000 0.0000 0.0000 0.0000

0.4138 0.0000 0.000000 1.000000 0.388109
0.4138 0.0345 0.029359 0.999569 0.348307
0.4138 0.0690 0.066212 0.997806 0.308882
0.4138 0.1034 0.113621 0.993524 0.270001
0.4138 0.1379 0.176358 0.984326 0.231935
0.4138 0.1724 0.261983 0.965072 0.195164
0.4138 0.2069 0.382090 0.924125 0.160579
0.4138 0.2414 0.550893 0.834576 0.129937
0.4138 0.2759 0.766758 0.641937 0.106693
0.4138 0.3103 0.955136 0.296166 0.096356
0.4138 0.3448 0.993827 -0.110939 0.102894
0.4138 0.3793 0.909641 -0.415396 0.123659
0.4138 0.4138 0.802233 -0.597011 0.152962
0.4138 0.4483 0.711548 -0.702638 0.186828
0.4138 0.4828 0.641441 -0.767172 0.223189
0.4138 0.5172 0.587684 -0.809091 0.261006
0.4138 0.5517 0.545880 -0.837863 0.299726
0.4138 0.5862 0.512741 -0.858543 0.339042
0.4138 0.6207 0.0000 0.0000 0.0000
0.4138 0.6552 0.0000 0.0000 0.0000
0.4138 0.6897 0.0000 0.0000 0.0000
0.4138 0.7241 0.0000 0.0000 0.0000
0.4138 0.7586 0.0000 0.0000 0.0000
0.4138 0.7931 0.0000 0.0000 0.0000
0.4138 0.8276 0.0000 0.0000 0.0000
0.4138 0.8621 0.0000 0.0000 0.0000
0.4138 0.8966 0.0000 0.0000 0.0000
0.4138 0.9310 0.0000 0.0000 0.0000
0.4138 0.9655 0.0000 0.0000 0.0000
0.4138 1.0000 0.0000 0.0000 0.0000

0.4483 0.0000 0.000000 1.000000 0.395719
0.4483 0.0345 0.033045 0.999454 0.352630
0.4483 0.0690 0.075171 0.997171 0.310033
0.4483 0.1034 0.130363 0.991466 0.268162
0.4483 0.1379 0.204956 0.978771 0.227420
0.4483 0.1724 0.309029 0.951053 0.188539
0.4483 0.2069 0.457137 0.889396 0.152945
0.4483 0.2414 0.660411 0.750904 0.123513
0.4483 0.2759 0.883349 0.468716 0.105533
0.4483 0.3103 0.998267 0.058855 0.105057
0.4483 0.3448 0.952875 -0.303364 0.122291
0.4483 0.3793 0.847203 -0.531270 0.151299
0.4483 0.4138 0.749094 -0.662464 0.186670
0.4483 0.4483 0.671990 -0.740560 0.225429
0.4483 0.4828 0.613074 -0.790025 0.266100
0.4483 0.5172 0.567643 -0.823275 0.307926
0.4483 0.5517 0.531949 -0.846776 0.350493
0.4483 0.5862 0.0000 0.0000 0.0000
0.4483 0.6207 0.0000 0.0000 0.0000
0.4483 0.6552 0.0000 0.0000 0.0000
0.4483 0.6897 0.0000 0.0000 0.0000
0.4483 0.7241 0.0000 0.0000 0.0000
0.4483 0.7586 0.0000 0.0000 0.0000
0.4483 0.7931 0.0000 0.0000 0.0000
0.4483 0.8276 0.0000 0.0000 0.0000
0.4483 0.8621 0.0000 0.0000 0.0000
0.4483 0.8966 0.0000 0.0000 0.0000
0.4483 0.9310 0.0000 0.0000 0.0000
0.4483 0.9655 0.0000 0.0000 0.0000
0.4483 1.0000 0.0000 0.0000 0.0000

0.4828 0.0000 0.000000 1.000000 0.399524
0.4828 0.0345 0.037037 0.999314 0.353155
0.4828 0.0690 0.085094 0.996373 0.307417
0.4828 0.1034 0.149403 0.988776 0.262639
0.4828 0.1379 0.238453 0.971154 0.219409
0.4828 0.1724 0.365652 0.930751 0.178854
0.4828 0.2069 0.547786 0.836619 0.143264
0.4828 0.2414 0.780869 0.624695 0.117251
0.4828 0.2759 0.969097 0.246679 0.107974
0.4828 0.3103 0.985905 -0.167305 0.119400
0.4828 0.3448 0.891163 -0.453683 0.146771
0.4828 0.3793 0.785912 -0.618338 0.183069
0.4828 0.4138 0.700708 -0.713448 0.223996
0.4828 0.4483 0.635801 -0.771853 0.267435
0.4828 0.4828 0.586269 -0.810117 0.312340
0.4828 0.5172 0.0000 0.0000 0.0000
0.4828 0.5517 0.0000 0.0000 0.0000
0.4828 0.5862 0.0000 0.0000 0.0000
0.4828 0.6207 0.0000 0.0000 0.0000
0.4828 0.6552 0.0000 0.0000 0.0000
0.4828 0.6897 0.0000 0.0000 0.0000
0.4828 0.7241 0.0000 0.0000 0.0000
0.4828 0.7586 0.0000 0.0000 0.0000
0.4828 0.7931 0.0000 0.0000 0.0000
0.4828 0.8276 0.0000 0.0000 0.0000
0.4828 0.8621 0.0000 0.0000 0.0000
0.4828 0.8966 0.0000 0.0000 0.0000
0.4828 0.9310 0.0000 0.0000 0.0000
0.4828 0.9655 0.0000 0.0000 0.0000
0.4828 1.0000 0.0000 0.0000 0.0000

0.5172 0.0000 0.000000 1.000000 0.399524
0.5172 0.0345 0.041461 0.999140 0.349885
0.5172 0.0690 0.096375 0.995345 0.301045
0.5172 0.1034 0.171698 0.985150 0.253467
0.5172 0.1379 0.278946 0.960307 0.208019
0.5172 0.1724 0.435748 0.900069 0.166456
0.5172 0.2069 0.656978 0.753910 0.132484
0.5172 0.2414 0.897350 0.441320 0.113162
0.5172 0.2759 1.000000 0.000000 0.116052
0.5172 0.3103 0.934002 -0.357268 0.139784
0.5172 0.3448 0.823648 -0.567102 0.176126
0.5172 0.3793 0.729029 -0.684483 0.218883
0.5172 0.4138 0.656978 -0.753910 0.264968
0.5172 0.4483 0.602672 -0.797989 0.312915
0.5172 0.4828 0.0000 0.0000 0.0000
0.5172 0.5172 0.0000 0.0000 0.0000
0.5172 0.5517 0.0000 0.0000 0.0000
0.5172 0.5862 0.0000 0.0000 0.0000
0.5172 0.6207 0.0000 0.0000 0.0000
0.5172 0.6552 0.0000 0.0000 0.0000
0.5172 0.6897 0.0000 0.0000 0.0000
0.5172 0.7241 0.0000 0.0000 0.0000
0.5172 0.7586 0.0000 0.0000 0.0000
0.5172 0.7931 0.0000 0.0000 0.0000
0.5172 0.8276 0.0000 0.0000 0.0000
0.5172 0.8621 0.0000 0.0000 0.0000
0.5172 0.8966 0.0000 0.0000 0.0000
0.5172 0.9310 0.0000 0.0000 0.0000
0.5172 0.9655 0.0000 0.0000 0.0000
0.5172 1.0000 0.0000 0.0000 0.0000

0.5517 0.0000 0.000000 1.000000 0.395719
0.5517 0.0345 0.046477 0.998919 0.342820
0.5517 0.0690 0.109534 0.993983 0.290930
0.5517 0.1034 0.198585 0.980084 0.240704
0.5517 0.1379 0.329474 0.944165 0.193441
0.5517 0.1724 0.524359 0.851497 0.151932
0.5517 0.2069 0.782386 0.622794 0.122191
0.5517 0.2414 0.979687 0.200533 0.113846
0.5517 0.2759 0.972650 -0.232275 0.131052
0.5517 0.3103 0.863623 -0.504138 0.166045
0.5517 0.3448 0.758297 -0.651909 0.210121
0.5517 0.3793 0.677554 -0.735473 0.258677
0.5517 0.4138 0.617550 -0.786532 0.309612
0.5517 0.4483 0.572315 -0.820034 0.361924
0.5517 0.4828 0.0000 0.0000 0.0000
0.5517 0.5172 0.0000 0.0000 0.0000
0.5517 0.5517 0.0000 0.0000 0.0000
0.5517 0.5862 0.0000 0.0000 0.0000
0.5517 0.6207 0.0000 0.0000 0.0000
0.5517 0.6552 0.0000 0.0000 0.0000
0.5517 0.6897 0.0000 0.0000 0.0000
0.5517 0.7241 0.0000 0.0000 0.0000
0.5517 0.7586 0.0000 0.0000 0.0000
0.5517 0.7931 0.0000 0.0000 0.0000
0.5517 0.8276 0.0000 0.0000 0.0000
0.5517 0.8621 0.0000 0.0000 0.0000
0.5517 0.8966 0.0000 0.0000 0.0000
0.5517 0.9310 0.0000 0.0000 0.0000
0.5517 0.9655 0.0000 0.0000 0.0000
0.5517 1.0000 0.0000 0.0000 0.0000

0.5862 0.0000 0.000000 1.000000 0.388109
0.5862 0.0345 0.052296 0.998632 0.331964
0.5862 0.0690 0.125302 0.992119 0.277095
0.5862 0.1034 0.232050 0.972704 0.224438
0.5862 0.1379 0.394572 0.918865 0.175991
0.5862 0.1724 0.636746 0.771073 0.136320
0.5862 0.2069 0.906500 0.422206 0.114905
0.5862 0.2414 0.997794 -0.066389 0.121791
0.5862 0.2759 0.906500 -0.422206 0.153207
0.5862 0.3103 0.789935 -0.613191 0.197792
0.5862 0.3448 0.698443 -0.715665 0.248557
0.5862 0.3793 0.631480 -0.775392 0.302406
0.5862 0.4138 0.581992 -0.813194 0.357949
0.5862 0.4483 0.0000 0.0000 0.0000
0.5862 0.4828 0.0000 0.0000 0.0000
0.5862 0.5172 0.0000 0.0000 0.0000
0.5862 0.5517 0.0000 0.0000 0.0000
0.5862 0.5862 0.0000 0.0000 0.0000
0.5862 0.6207 0.0000 0.0000 0.0000
0.5862 0.6552 0.0000 0.0000 0.0000
0.5862 0.6897 0.0000 0.0000 0.0000
0.5862 0.7241 0.0000 0.0000 0.0000
0.5862 0.7586 0.0000 0.0000 0.0000
0.5862 0.7931 0.0000 0.0000 0.0000
0.5862 0.8276 0.0000 0.0000 0.0000
0.5862 0.8621 0.0000 0.0000 0.0000
0.5862 0.8966 0.0000 0.0000 0.0000
0.5862 0.9310 0.0000 0.0000 0.0000
0.5862 0.9655 0.0000 0.0000 0.0000
0.5862 1.0000 0.0000 0.0000 0.0000

0.6207 0.0000 0.000000 1.000000 0.376694
0.6207 0.0345 0.059205 0.998246 0.317322
0.6207 0.0690 0.144755 0.989467 0.259571
0.6207 0.1034 0.275181 0.961392 0.204816
0.6207 0.1379 0.480984 0.876730 0.156239
0.6207 0.1724 0.773172 0.634197 0.121494
0.6207 0.2069 0.988659 0.150176 0.114016
0.6207 0.2414 0.950895 -0.309514 0.138301
0.6207 0.2759 0.825564 -0.564309 0.182054
0.6207 0.3103 0.720658 -0.693291 0.234625
0.6207 0.3448 0.644990 -0.764191 0.291278
0.6207 0.3793 0.590391 -0.807117 0.350037
0.6207 0.4138 0.0000 0.0000 0.0000
0.6207 0.4483 0.0000 0.0000 0.0000
0.6207 0.4828 0.0000 0.0000 0.0000
0.6207 0.5172 0.0000 0.0000 0.0000
0.6207 0.5517 0.0000 0.0000 0.0000
0.6207 0.5862 0.0000 0.0000 0.0000
0.6207 0.6207 0.0000 0.0000 0.0000
0.6207 0.6552 0.0000 0.0000 0.0000
0.6207 0.6897 0.0000 0.0000 0.0000
0.6207 0.7241 0.0000 0.0000 0.0000
0.6207 0.7586 0.0000 0.0000 0.0000
0.6207 0.7931 0.0000 0.0000 0.0000
0.6207 0.8276 0.0000 0.0000 0.0000
0.6207 0.8621 0.0000 0.0000 0.0000
0.6207 0.8966 0.0000 0.0000 0.0000
0.6207 0.9310 0.0000 0.0000 0.0000
0.6207 0.9655 0.0000 0.0000 0.0000
0.6207 1.0000 0.0000 0.0000 0.0000

0.6552 0.0000 0.000000 1.000000 0.361474
0.6552 0.0345 0.067628 0.997711 0.298901
0.6552 0.0690 0.169573 0.985518 0.238411
0.6552 0.1034 0.333025 0.942918 0.182095
0.6552 0.1379 0.597747 0.801685 0.135268
0.6552 0.1724 0.912924 0.408131 0.110710
0.6552 0.2069 0.989078 -0.147392 0.122623
0.6552 0.2414 0.866985 -0.498334 0.163207
0.6552 0.2759 0.745471 -0.666538 0.216926
0.6552 0.3103 0.658627 -0.752470 0.276221
0.6552 0.3448 0.597747 -0.801685 0.338170
0.6552 0.3793 0.0000 0.0000 0.0000
0.6552 0.4138 0.0000 0.0000 0.0000
0.6552 0.4483 0.0000 0.0000 0.0000
0.6552 0.4828 0.0000 0.0000 0.0000
0.6552 0.5172 0.0000 0.0000 0.0000
0.6552 0.5517 0.0000 0.0000 0.0000
0.6552 0.5862 0.0000 0.0000 0.0000
0.6552 0.6207 0.0000 0.0000 0.0000
0.6552 0.6552 0.0000 0.0000 0.0000
0.6552 0.6897 0.0000 0.0000 0.0000
0.6552 0.7241 0.0000 0.0000 0.0000
0.6552 0.7586 0.0000 0.0000 0.0000
0.6552 0.7931 0.0000 0.0000 0.0000
0.6552 0.8276 0.0000 0.0000 0.0000
0.6552 0.8621 0.0000 0.0000 0.0000
0.6552 0.8966 0.0000 0.0000 0.0000
0.6552 0.9310 0.0000 0.0000 0.0000
0.6552 0.9655 0.0000 0.0000 0.0000
0.6552 1.0000 0.0000 0.0000 0.0000

0.6897 0.0000 0.000000 1.000000 0.342449
0.6897 0.0345 0.078208 0.996937 0.276710
0.6897 0.0690 0.202532 0.979276 0.213704
0.6897 0.1034 0.414146 0.910211 0.156763
0.6897 0.1379 0.751041 0.660256 0.115258
0.6897 0.1724 0.996158 0.087574 0.108622
0.6897 0.2069 0.915463 -0.402401 0.141836
0.6897 0.2414 0.774661 -0.632376 0.195552
0.6897 0.2759 0.673041 -0.739605 0.257231
0.6897 0.3103 0.0000 0.0000 0.0000
0.6897 0.3448 0.0000 0.0000 0.0000
0.6897 0.3793 0.0000 0.0000 0.0000
0.6897 0.4138 0.0000 0.0000 0.0000
0.6897 0.4483 0.0000 0.0000 0.0000
0.6897 0.4828 0.0000 0.0000 0.0000
0.6897 0.5172 0.0000 0.0000 0.0000
0.6897 0.5517 0.0000 0.0000 0.0000
0.6897 0.5862 0.0000 0.0000 0.0000
0.6897 0.6207 0.0000 0.0000 0.0000
0.6897 0.6552 0.0000 0.0000 0.0000
0.6897 0.6897 0.0000 0.0000 0.0000
0.6897 0.7241 0.0000 0.0000 0.0000
0.6897 0.7586 0.0000 0.0000 0.0000
0.6897 0.7931 0.0000 0.0000 0.0000
0.6897 0.8276 0.0000 0.0000 0.0000
0.6897 0.8621 0.0000 0.0000 0.0000
0.6897 0.8966 0.0000 0.0000 0.0000
0.6897 0.9310 0.0000 0.0000 0.0000
0.6897 0.9655 0.0000 0.0000 0.0000
0.6897 1.0000 0.0000 0.0000 0.0000

0.7241 0.0000 0.000000 1.000000 0.319620
0.7241 0.0345 0.091989 0.995760 0.250766
0.7241 0.0690 0.248560 0.968616 0.185611
0.7241 0.1034 0.532959 0.846141 0.129847
0.7241 0.1379 0.917671 0.397342 0.100549
0.7241 0.1724 0.967871 -0.251447 0.119168
0.7241 0.2069 0.810900 -0.585185 0.170683
0.7241 0.2414 0.689123 -0.724645 0.234319
0.7241 0.2759 0.610015 -0.792390 0.302521
0.7241 0.3103 0.0000 0.0000 0.0000
0.7241 0.3448 0.0000 0.0000 0.0000
0.7241 0.3793 0.0000 0.0000 0.0000
0.7241 0.4138 0.0000 0.0000 0.0000
0.7241 0.4483 0.0000 0.0000 0.0000
0.7241 0.4828 0.0000 0.0000 0.0000
0.7241 0.5172 0.0000 0.0000 0.0000
0.7241 0.5517 0.0000 0.0000 0.0000
0.7241 0.5862 0.0000 0.0000 0.0000
0.7241 0.6207 0.0000 0.0000 0.0000
0.7241 0.6552 0.0000 0.0000 0.0000
0.7241 0.6897 0.0000 0.0000 0.0000
0.7241 0.7241 0.0000 0.0000 0.0000
0.7241 0.7586 0.0000 0.0000 0.0000
0.7241 0.7931 0.0000 0.0000 0.0000
0.7241 0.8276 0.0000 0.0000 0.0000
0.7241 0.8621 0.0000 0.0000 0.0000
0.7241 0.8966 0.0000 0.0000 0.0000
0.7241 0.9310 0.0000 0.0000 0.0000
0.7241 0.9655 0.0000 0.0000 0.0000
0.7241 1.0000 0.0000 0.0000 0.0000

0.7586 0.0000 0.000000 1.000000 0.292985
0.7586 0.0345 0.110786 0.993844 0.221099
0.7586 0.0690 0.317151 0.948375 0.154467
0.7586 0.1034 0.708252 0.705960 0.103754
0.7586 0.1379 1.000000 0.000000 0.097979
0.7586 0.1724 0.858227 -0.513270 0.142705
0.7586 0.2069 0.708252 -0.705960 0.207508
0.7586 0.2414 0.615180 -0.788386 0.278719
0.7586 0.2759 0.0000 0.0000 0.0000
0.7586 0.3103 0.0000 0.0000 0.0000
0.7586 0.3448 0.0000 0.0000 0.0000
0.7586 0.3793 0.0000 0.0000 0.0000
0.7586 0.4138 0.0000 0.0000 0.0000
0.7586 0.4483 0.0000 0.0000 0.0000
0.7586 0.4828 0.0000 0.0000 0.0000
0.7586 0.5172 0.0000 0.0000 0.0000
0.7586 0.5517 0.0000 0.0000 0.0000
0.7586 0.5862 0.0000 0.0000 0.0000
0.7586 0.6207 0.0000 0.0000 0.0000
0.7586 0.6552 0.0000 0.0000 0.0000
0.7586 0.6897 0.0000 0.0000 0.0000
0.7586 0.7241 0.0000 0.0000 0.0000
0.7586 0.7586 0.0000 0.0000 0.0000
0.7586 0.7931 0.0000 0.0000 0.0000
0.7586 0.8276 0.0000 0.0000 0.0000
0.7586 0.8621 0.0000 0.0000 0.0000
0.7586 0.8966 0.0000 0.0000 0.0000
0.7586 0.9310 0.0000 0.0000 0.0000
0.7586 0.9655 0.0000 0.0000 0.0000
0.7586 1.0000 0.0000 0.0000 0.0000

0.7931 0.0000 0.000000 1.000000 0.262545
0.7931 0.0345 0.138052 0.990425 0.187767
0.7931 0.0690 0.428255 0.903658 0.121056
0.7931 0.1034 0.921317 0.388813 0.084406
0.7931 0.1379 0.921317 -0.388813 0.112541
0.7931 0.1724 0.732841 -0.680400 0.176856
0.7931 0.2069 0.0000 0.0000 0.0000
0.7931 0.2414 0.0000 0.0000 0.0000
0.7931 0.2759 0.0000 0.0000 0.0000
0.7931 0.3103 0.0000 0.0000 0.0000
0.7931 0.3448 0.0000 0.0000 0.0000
0.7931 0.3793 0.0000 0.0000 0.0000
0.7931 0.4138 0.0000 0.0000 0.0000
0.7931 0.4483 0.0000 0.0000 0.0000
0.7931 0.4828 0.0000 0.0000 0.0000
0.7931 0.5172 0.0000 0.0000 0.0000
0.7931 0.5517 0.0000 0.0000 0.0000
0.7931 0.5862 0.0000 0.0000 0.0000
0.7931 0.6207 0.0000 0.0000 0.0000
0.7931 0.6552 0.0000 0.0000 0.0000
0.7931 0.6897 0.0000 0.0000 0.0000
0.7931 0.7241 0.0000 0.0000 0.0000
0.7931 0.7586 0.0000 0.0000 0.0000
0.7931 0.7931 0.0000 0.0000 0.0000
0.7931 0.8276 0.0000 0.0000 0.0000
0.7931 0.8621 0.0000 0.0000 0.0000
0.7931 0.8966 0.0000 0.0000 0.0000
0.7931 0.9310 0.0000 0.0000 0.0000
0.7931 0.9655 0.0000 0.0000 0.0000
0.7931 1.0000 0.0000 0.0000 0.0000

0.8276 0.0000 0.000000 1.000000 0.228300
0.8276 0.0345 0.181243 0.983438 0.150894
0.8276 0.0690 0.624033 0.781398 0.087650
0.8276 0.1034 0.990460 -0.137803 0.082835
0.8276 0.1379 0.767674 -0.640841 0.142500
0.8276 0.1724 0.624033 -0.781398 0.219126
0.8276 0.2069 0.0000 0.0000 0.0000
0.8276 0.2414 0.0000 0.0000 0.0000
0.8276 0.2759 0.0000 0.0000 0.0000
0.8276 0.3103 0.0000 0.0000 0.0000
0.8276 0.3448 0.0000 0.0000 0.0000
0.8276 0.3793 0.0000 0.0000 0.0000
0.8276 0.4138 0.0000 0.0000 0.0000
0.8276 0.4483 0.0000 0.0000 0.0000
0.8276 0.4828 0.0000 0.0000 0.0000
0.8276 0.5172 0.0000 0.0000 0.0000
0.8276 0.5517 0.0000 0.0000 0.0000
0.8276 0.5862 0.0000 0.0000 0.0000
0.8276 0.6207 0.0000 0.0000 0.0000
0.8276 0.6552 0.0000 0.0000 0.0000
0.8276 0.6897 0.0000 0.0000 0.0000
0.8276 0.7241 0.0000 0.0000 0.0000
0.8276 0.7586 0.0000 0.0000 0.0000
0.8276 0.7931 0.0000 0.0000 0.0000
0.8276 0.8276 0.0000 0.0000 0.0000
0.8276 0.8621 0.0000 0.0000 0.0000
0.8276 0.8966 0.0000 0.0000 0.0000
0.8276 0.9310 0.0000 0.0000 0.0000
0.8276 0.9655 0.0000 0.0000 0.0000
0.8276 1.0000 0.0000 0.0000 0.0000

0.8621 0.0000 0.000000 1.000000 0.190250
0.8621 0.0345 0.259666 0.965699 0.110817
0.8621 0.0690 0.924203 0.381902 0.062270
0.8621 0.1034 0.823578 -0.567203 0.104818
0.8621 0.1379 0.627854 -0.778331 0.183325
0.8621 0.1724 0.0000 0.0000 0.0000
0.8621 0.2069 0.0000 0.0000 0.0000
0.8621 0.2414 0.0000 0.0000 0.0000
0.8621 0.2759 0.0000 0.0000 0.0000
0.8621 0.3103 0.0000 0.0000 0.0000
0.8621 0.3448 0.0000 0.0000 0.0000
0.8621 0.3793 0.0000 0.0000 0.0000
0.8621 0.4138 0.0000 0.0000 0.0000
0.8621 0.4483 0.0000 0.0000 0.0000
0.8621 0.4828 0.0000 0.0000 0.0000
0.8621 0.5172 0.0000 0.0000 0.0000
0.8621 0.5517 0.0000 0.0000 0.0000
0.8621 0.5862 0.0000 0.0000 0.0000
0.8621 0.6207 0.0000 0.0000 0.0000
0.8621 0.6552 0.0000 0.0000 0.0000
0.8621 0.6897 0.0000 0.0000 0.0000
0.8621 0.7241 0.0000 0.0000 0.0000
0.8621 0.7586 0.0000 0.0000 0.0000
0.8621 0.7931 0.0000 0.0000 0.0000
0.8621 0.8276 0.0000 0.0000 0.0000
0.8621 0.8621 0.0000 0.0000 0.0000
0.8621 0.8966 0.0000 0.0000 0.0000
0.8621 0.9310 0.0000 0.0000 0.0000
0.8621 0.9655 0.0000 0.0000 0.0000
0.8621 1.0000 0.0000 0.0000 0.0000

0.8966 0.0000 0.000000 1.000000 0.148395
0.8966 0.0345 0.438900 0.898536 0.068813
0.8966 0.0690 0.925431 -0.378917 0.065272
0.8966 0.1034 0.0000 0.0000 0.0000
0.8966 0.1379 0.0000 0.0000 0.0000
0.8966 0.1724 0.0000 0.0000 0.0000
0.8966 0.2069 0.0000 0.0000 0.0000
0.8966 0.2414 0.0000 0.0000 0.0000
0.8966 0.2759 0.0000 0.0000 0.0000
0.8966 0.3103 0.0000 0.0000 0.0000
0.8966 0.3448 0.0000 0.0000 0.0000
0.8966 0.3793 0.0000 0.0000 0.0000
0.8966 0.4138 0.0000 0.0000 0.0000
0.8966 0.4483 0.0000 0.0000 0.0000
0.8966 0.4828 0.0000 0.0000 0.0000
0.8966 0.5172 0.0000 0.0000 0.0000
0.8966 0.5517 0.0000 0.0000 0.0000
0.8966 0.5862 0.0000 0.0000 0.0000
0.8966 0.6207 0.0000 0.0000 0.0000
0.8966 0.6552 0.0000 0.0000 0.0000
0.8966 0.6897 0.0000 0.0000 0.0000
0.8966 0.7241 0.0000 0.0000 0.0000
0.8966 0.7586 0.0000 0.0000 0.0000
0.8966 0.7931 0.0000 0.0000 0.0000
0.8966 0.8276 0.0000 0.0000 0.0000
0.8966 0.8621 0.0000 0.0000 0.0000
0.8966 0.8966 0.0000 0.0000 0.0000
0.8966 0.9310 0.0000 0.0000 0.0000
0.8966 0.9655 0.0000 0.0000 0.0000
0.8966 1.0000 0.0000 0.0000 0.0000

0.9310 0.0000 0.000000 1.000000 0.102735
0.9310 0.0345 0.926542 0.376190 0.034137
0.9310 0.0690 0.634536 -0.772893 0.099692
0.9310 0.1034 0.0000 0.0000 0.0000
0.9310 0.1379 0.0000 0.0000 0.0000
0.9310 0.1724 0.0000 0.0000 0.0000
0.9310 0.2069 0.0000 0.0000 0.0000
0.9310 0.2414 0.0000 0.0000 0.0000
0.9310 0.2759 0.0000 0.0000 0.0000
0.9310 0.3103 0.0000 0.0000 0.0000
0.9310 0.3448 0.0000 0.0000 0.0000
0.9310 0.3793 0.0000 0.0000 0.0000
0.9310 0.4138 0.0000 0.0000 0.0000
0.9310 0.4483 0.0000 0.0000 0.0000
0.9310 0.4828 0.0000 0.0000 0.0000
0.9310 0.5172 0.0000 0.0000 0.0000
0.9310 0.5517 0.0000 0.0000 0.0000
0.9310 0.5862 0.0000 0.0000 0.0000
0.9310 0.6207 0.0000 0.0000 0.0000
0.9310 0.6552 0.0000 0.0000 0.0000
0.9310 0.6897 0.0000 0.0000 0.0000
0.9310 0.7241 0.0000 0.0000 0.0000
0.9310 0.7586 0.0000 0.0000 0.0000
0.9310 0.7931 0.0000 0.0000 0.0000
0.9310 0.8276 0.0000 0.0000 0.0000
0.9310 0.8621 0.0000 0.0000 0.0000
0.9310 0.8966 0.0000 0.0000 0.0000
0.9310 0.9310 0.0000 0.0000 0.0000
0.9310 0.9655 0.0000 0.0000 0.0000
0.9310 1.0000 0.0000 0.0000 0.0000

0.9655 0.0000 0.000000 1.000000 0.053270
0.9655 0.0345 0.0000 0.0000 0.0000
0.9655 0.0690 0.0000 0.0000 0.0000
0.9655 0.1034 0.0000 0.0000 0.0000
0.9655 0.1379 0.0000 0.0000 0.0000
0.9655 0.1724 0.0000 0.0000 0.0000
0.9655 0.2069 0.0000 0.0000 0.0000
0.9655 0.2414 0.0000 0.0000 0.0000
0.9655 0.2759 0.0000 0.0000 0.0000
0.9655 0.3103 0.0000 0.0000 0.0000
0.9655 0.3448 0.0000 0.0000 0.0000
0.9655 0.3793 0.0000 0.0000 0.0000
0.9655 0.4138 0.0000 0.0000 0.0000
0.9655 0.4483 0.0000 0.0000 0.0000
0.9655 0.4828 0.0000 0.0000 0.0000
0.9655 0.5172 0.0000 0.0000 0.0000
0.9655 0.5517 0.0000 0.0000 0.0000
0.9655 0.5862 0.0000 0.0000 0.0000
0.9655 0.6207 0.0000 0.0000 0.0000
0.9655 0.6552 0.0000 0.0000 0.0000
0.9655 0.6897 0.0000 0.0000 0.0000
0.9655 0.7241 0.0000 0.0000 0.0000
0.9655 0.7586 0.0000 0.0000 0.0000
0.9655 0.7931 0.0000 0.0000 0.0000
0.9655 0.8276 0.0000 0.0000 0.0000
0.9655 0.8621 0.0000 0.0000 0.0000
0.9655 0.8966 0.0000 0.0000 0.0000
0.9655 0.9310 0.0000 0.0000 0.0000
0.9655 0.9655 0.0000 0.0000 0.0000
0.9655 1.0000 0.0000 0.0000 0.0000

1.0000 0.0000 0.000000 0.000000 0.000000
1.0000 0.0345 0.0000 0.0000 0.0000
1.0000 0.0690 0.0000 0.0000 0.0000
1.0000 0.1034 0.0000 0.0000 0.0000
1.0000 0.1379 0.0000 0.0000 0.0000
1.0000 0.1724 0.0000 0.0000 0.0000
1.0000 0.2069 0.0000 0.0000 0.0000
1.0000 0.2414 0.0000 0.0000 0.0000
1.0000 0.2759 0.0000 0.0000 0.0000
1.0000 0.3103 0.0000 0.0000 0.0000
1.0000 0.3448 0.0000 0.0000 0.0000
1.0000 0.3793 0.0000 0.0000 0.0000
1.0000 0.4138 0.0000 0.0000 0.0000
1.0000 0.4483 0.0000 0.0000 0.0000
1.0000 0.4828 0.0000 0.0000 0.0000
1.0000 0.5172 0.0000 0.0000 0.0000
1.0000 0.5517 0.0000 0.0000 0.0000
1.0000 0.5862 0.0000 0.0000 0.0000
1.0000 0.6207 0.0000 0.0000 0.0000
1.0000 0.6552 0.0000 0.0000 0.0000
1.0000 0.6897 0.0000 0.0000 0.0000
1.0000 0.7241 0.0000 0.0000 0.0000
1.0000 0.7586 0.0000 0.0000 0.0000
1.0000 0.7931 0.0000 0.0000 0.0000
1.0000 0.8276 0.0000 0.0000 0.0000
1.0000 0.8621 0.0000 0.0000 0.0000
1.0000 0.8966 0.0000 0.0000 0.0000
1.0000 0.9310 0.0000 0.0000 0.0000
1.0000 0.9655 0.0000 0.0000 0.0000
1.0000 1.0000 0.0000 0.0000 0.0000

