0.0000 0.0000 0.0000 0.0000 0.0000
0.0000 0.0345 0.0000 0.0000 0.0000
0.0000 0.0690 0.0000 0.0000 0.0000
0.0000 0.1034 0.0000 0.0000 0.0000
0.0000 0.1379 0.0000 0.0000 0.0000
0.0000 0.1724 0.0000 0.0000 0.0000
0.0000 0.2069 0.0000 0.0000 0.0000
0.0000 0.2414 0.0000 0.0000 0.0000
0.0000 0.2759 0.0000 0.0000 0.0000
0.0000 0.3103 0.0000 0.0000 0.0000
0.0000 0.3448 0.0000 0.0000 0.0000
0.0000 0.3793 0.0000 0.0000 0.0000
0.0000 0.4138 0.0000 0.0000 0.0000
0.0000 0.4483 0.0000 0.0000 0.0000
0.0000 0.4828 0.0000 0.0000 0.0000
0.0000 0.5172 0.0000 0.0000 0.0000
0.0000 0.5517 0.0000 0.0000 0.0000
0.0000 0.5862 0.0000 0.0000 0.0000
0.0000 0.6207 0.0000 0.0000 0.0000
0.0000 0.6552 0.0000 0.0000 0.0000
0.0000 0.6897 0.0000 0.0000 0.0000
0.0000 0.7241 0.0000 0.0000 0.0000
0.0000 0.7586 0.0000 0.0000 0.0000
0.0000 0.7931 0.0000 0.0000 0.0000
0.0000 0.8276 0.0000 0.0000 0.0000
0.0000 0.8621 0.0000 0.0000 0.0000
0.0000 0.8966 0.0000 0.0000 0.0000
0.0000 0.9310 0.0000 0.0000 0.0000
0.0000 0.9655 0.0000 0.0000 0.0000
0.0000 1.0000 0.0000 0.0000 0.0000

0.0345 0.0000 0.0000 0.0000 0.0000
0.0345 0.0345 0.008843 0.999961 0.349597
0.0345 0.0690 0.018947 0.999820 0.326337
0.0345 0.1034 0.030598 0.999532 0.303115
0.0345 0.1379 0.044175 0.999024 0.279940
0.0345 0.1724 0.060188 0.998187 0.256827
0.0345 0.2069 0.079341 0.996848 0.233793
0.0345 0.2414 0.102630 0.994720 0.210864
0.0345 0.2759 0.131501 0.991316 0.188078
0.0345 0.3103 0.168126 0.985765 0.165495
0.0345 0.3448 0.215875 0.976421 0.143210
0.0345 0.3793 0.280150 0.959956 0.121389
0.0345 0.4138 0.369755 0.929129 0.100333
0.0345 0.4483 0.498360 0.866970 0.080645
0.0345 0.4828 0.680451 0.732794 0.063608
0.0345 0.5172 0.893509 0.449046 0.051900
0.0345 0.5517 1.000000 0.000000 0.049465
0.0345 0.5862 0.914152 -0.405371 0.057492
0.0345 0.6207 0.766608 -0.642116 0.072590
0.0345 0.6552 0.643253 -0.765654 0.091316
0.0345 0.6897 0.552736 -0.833356 0.111864
0.0345 0.7241 0.486702 -0.873568 0.133393
0.0345 0.7586 0.437399 -0.899268 0.155497
0.0345 0.7931 0.399557 -0.916709 0.177962
0.0345 0.8276 0.369755 -0.929129 0.200666
0.0345 0.8621 0.345755 -0.938325 0.223537
0.0345 0.8966 0.326050 -0.945352 0.246528
0.0345 0.9310 0.309605 -0.950865 0.269609
0.0345 0.9655 0.0000 0.0000 0.0000
0.0345 1.0000 0.0000 0.0000 0.0000

0.0690 0.0000 0.0000 0.0000 0.0000
0.0690 0.0345 0.019445 0.999811 0.672660
0.0690 0.0690 0.041757 0.999128 0.626468
0.0690 0.1034 0.067579 0.997714 0.580638
0.0690 0.1379 0.097744 0.995212 0.535262
0.0690 0.1724 0.133339 0.991071 0.490468
0.0690 0.2069 0.175791 0.984428 0.446429
0.0690 0.2414 0.226969 0.973902 0.403393
0.0690 0.2759 0.289277 0.957245 0.361720
0.0690 0.3103 0.365652 0.930751 0.321937
0.0690 0.3448 0.459196 0.888335 0.284839
0.0690 0.3793 0.571812 0.820385 0.251615
0.0690 0.4138 0.700708 0.713448 0.223996
0.0690 0.4483 0.832408 0.554163 0.204270
0.0690 0.4828 0.939793 0.341743 0.194846
0.0690 0.5172 0.994856 0.101294 0.197209
0.0690 0.5517 0.991998 -0.126254 0.210963
0.0690 0.5862 0.949795 -0.312874 0.234108
0.0690 0.6207 0.891163 -0.453683 0.264187
0.0690 0.6552 0.830825 -0.556534 0.299117
0.0690 0.6897 0.775337 -0.631547 0.337393
0.0690 0.7241 0.726647 -0.687011 0.378001
0.0690 0.7586 0.684694 -0.728831 0.420265
0.0690 0.7931 0.648720 -0.761028 0.463732
0.0690 0.8276 0.617822 -0.786318 0.508095
0.0690 0.8621 0.591159 -0.806555 0.553137
0.0690 0.8966 0.568011 -0.823021 0.598705
0.0690 0.9310 0.0000 0.0000 0.0000
0.0690 0.9655 0.0000 0.0000 0.0000
0.0690 1.0000 0.0000 0.0000 0.0000

0.1034 0.0000 0.0000 0.0000 0.0000
0.1034 0.0345 0.023803 0.999717 0.969121
0.1034 0.0690 0.051255 0.998686 0.900113
0.1034 0.1034 0.083187 0.996534 0.831896
0.1034 0.1379 0.120666 0.992693 0.764684
0.1034 0.1724 0.165061 0.986283 0.698764
0.1034 0.2069 0.218121 0.975922 0.634541
0.1034 0.2414 0.282009 0.959412 0.572586
0.1034 0.2759 0.359227 0.933250 0.513720
0.1034 0.3103 0.452179 0.891927 0.459132
0.1034 0.3448 0.561898 0.827207 0.410533
0.1034 0.3793 0.685265 0.728294 0.370288
0.1034 0.4138 0.810900 0.585185 0.341366
0.1034 0.4483 0.917671 0.397342 0.326785
0.1034 0.4828 0.983215 0.182452 0.328462
0.1034 0.5172 0.999584 -0.028854 0.346161
0.1034 0.5517 0.977358 -0.211593 0.377635
0.1034 0.5862 0.934146 -0.356890 0.419797
0.1034 0.6207 0.883862 -0.467748 0.469779
0.1034 0.6552 0.834272 -0.551353 0.525353
0.1034 0.6897 0.788739 -0.614728 0.584928
0.1034 0.7241 0.748260 -0.663406 0.647400
0.1034 0.7586 0.712762 -0.701406 0.712006
0.1034 0.7931 0.681763 -0.731573 0.778216
0.1034 0.8276 0.654674 -0.755912 0.845653
0.1034 0.8621 0.630926 -0.775843 0.914045
0.1034 0.8966 0.0000 0.0000 0.0000
0.1034 0.9310 0.0000 0.0000 0.0000
0.1034 0.9655 0.0000 0.0000 0.0000
0.1034 1.0000 0.0000 0.0000 0.0000

0.1379 0.0000 0.0000 0.0000 0.0000
0.1379 0.0345 0.026680 0.999644 1.238967
0.1379 0.0690 0.057628 0.998338 1.147210
0.1379 0.1034 0.093843 0.995587 1.056744
0.1379 0.1379 0.136604 0.990626 0.967932
0.1379 0.1724 0.187546 0.982256 0.881274
0.1379 0.2069 0.248705 0.968579 0.797471
0.1379 0.2414 0.322485 0.946575 0.717526
0.1379 0.2759 0.411349 0.911478 0.642878
0.1379 0.3103 0.516863 0.856068 0.575593
0.1379 0.3448 0.637474 0.770472 0.518545
0.1379 0.3793 0.764807 0.644259 0.475433
0.1379 0.4138 0.880946 0.473218 0.450278
0.1379 0.4483 0.963235 0.268661 0.446129
0.1379 0.4828 0.998348 0.057459 0.463548
0.1379 0.5172 0.991103 -0.133098 0.500289
0.1379 0.5517 0.957256 -0.289243 0.552511
0.1379 0.5862 0.911828 -0.410573 0.616290
0.1379 0.6207 0.864305 -0.502969 0.688422
0.1379 0.6552 0.819334 -0.573317 0.766552
0.1379 0.6897 0.778678 -0.627424 0.849026
0.1379 0.7241 0.742674 -0.669653 0.934695
0.1379 0.7586 0.711049 -0.703143 1.022756
0.1379 0.7931 0.683315 -0.730123 1.112642
0.1379 0.8276 0.658952 -0.752185 1.203944
0.1379 0.8621 0.0000 0.0000 0.0000
0.1379 0.8966 0.0000 0.0000 0.0000
0.1379 0.9310 0.0000 0.0000 0.0000
0.1379 0.9655 0.0000 0.0000 0.0000
0.1379 1.0000 0.0000 0.0000 0.0000

0.1724 0.0000 0.0000 0.0000 0.0000
0.1724 0.0345 0.029041 0.999578 1.482195
0.1724 0.0690 0.062941 0.998017 1.367754
0.1724 0.1034 0.102880 0.994694 1.255174
0.1724 0.1379 0.150371 0.988630 1.145005
0.1724 0.1724 0.207338 0.978269 1.038015
0.1724 0.2069 0.276131 0.961120 0.935294
0.1724 0.2414 0.359378 0.933192 0.838415
0.1724 0.2759 0.459354 0.888253 0.749644
0.1724 0.3103 0.576308 0.817233 0.672203
0.1724 0.3448 0.705156 0.709052 0.610418
0.1724 0.3793 0.831536 0.555471 0.569409
0.1724 0.4138 0.932680 0.360705 0.553810
0.1724 0.4483 0.989118 0.147128 0.565728
0.1724 0.4828 0.998477 -0.055164 0.603535
0.1724 0.5172 0.974118 -0.226039 0.662815
0.1724 0.5517 0.932680 -0.360705 0.738414
0.1724 0.5862 0.886040 -0.463609 0.825863
0.1724 0.6207 0.840524 -0.541774 0.921796
0.1724 0.6552 0.798800 -0.601597 1.023831
0.1724 0.6897 0.761628 -0.648015 1.130316
0.1724 0.7241 0.728909 -0.684611 1.240105
0.1724 0.7586 0.700216 -0.713931 1.352395
0.1724 0.7931 0.675034 -0.737787 1.466610
0.1724 0.8276 0.0000 0.0000 0.0000
0.1724 0.8621 0.0000 0.0000 0.0000
0.1724 0.8966 0.0000 0.0000 0.0000
0.1724 0.9310 0.0000 0.0000 0.0000
0.1724 0.9655 0.0000 0.0000 0.0000
0.1724 1.0000 0.0000 0.0000 0.0000

0.2069 0.0000 0.0000 0.0000 0.0000
0.2069 0.0345 0.031217 0.999513 1.698807
0.2069 0.0690 0.067914 0.997691 1.561751
0.2069 0.1034 0.111474 0.993767 1.427207
0.2069 0.1379 0.163685 0.986513 1.295957
0.2069 0.1724 0.226805 0.973940 1.169111
0.2069 0.2069 0.303541 0.952818 1.048270
0.2069 0.2414 0.396709 0.917945 0.935762
0.2069 0.2759 0.508115 0.861289 0.834962
0.2069 0.3103 0.635874 0.771793 0.750603
0.2069 0.3448 0.769973 0.638076 0.688753
0.2069 0.3793 0.889515 0.456906 0.655810
0.2069 0.4138 0.969886 0.243559 0.656144
0.2069 0.4483 0.999580 0.028963 0.689707
0.2069 0.4828 0.987219 -0.159372 0.752062
0.2069 0.5172 0.950626 -0.310339 0.836798
0.2069 0.5517 0.904727 -0.425992 0.937867
0.2069 0.5862 0.858151 -0.513397 1.050567
0.2069 0.6207 0.814802 -0.579739 1.171546
0.2069 0.6552 0.775985 -0.630751 1.298491
0.2069 0.6897 0.741804 -0.670617 1.429815
0.2069 0.7241 0.711879 -0.702302 1.564415
0.2069 0.7586 0.685687 -0.727896 1.701514
0.2069 0.7931 0.0000 0.0000 0.0000
0.2069 0.8276 0.0000 0.0000 0.0000
0.2069 0.8621 0.0000 0.0000 0.0000
0.2069 0.8966 0.0000 0.0000 0.0000
0.2069 0.9310 0.0000 0.0000 0.0000
0.2069 0.9655 0.0000 0.0000 0.0000
0.2069 1.0000 0.0000 0.0000 0.0000

0.2414 0.0000 0.0000 0.0000 0.0000
0.2414 0.0345 0.033365 0.999443 1.888804
0.2414 0.0690 0.072889 0.997340 1.729213
0.2414 0.1034 0.120200 0.992750 1.572878
0.2414 0.1379 0.177412 0.984137 1.420875
0.2414 0.1724 0.247186 0.968968 1.274754
0.2414 0.2069 0.332623 0.943060 1.136786
0.2414 0.2414 0.436637 0.899638 1.010316
0.2414 0.2759 0.560053 0.828456 0.900203
0.2414 0.3103 0.697538 0.716548 0.813120
0.2414 0.3448 0.832437 0.554120 0.757057
0.2414 0.3793 0.937919 0.346853 0.739107
0.2414 0.4138 0.992488 0.122344 0.761967
0.2414 0.4483 0.996378 -0.085032 0.822241
0.2414 0.4828 0.966838 -0.255391 0.912545
0.2414 0.5172 0.922272 -0.386542 1.024972
0.2414 0.5517 0.874468 -0.485082 1.153070
0.2414 0.5862 0.829094 -0.559109 1.292186
0.2414 0.6207 0.788230 -0.615381 1.439128
0.2414 0.6552 0.752253 -0.658875 1.591731
0.2414 0.6897 0.720844 -0.693098 1.748513
0.2414 0.7241 0.693457 -0.720498 1.908444
0.2414 0.7586 0.0000 0.0000 0.0000
0.2414 0.7931 0.0000 0.0000 0.0000
0.2414 0.8276 0.0000 0.0000 0.0000
0.2414 0.8621 0.0000 0.0000 0.0000
0.2414 0.8966 0.0000 0.0000 0.0000
0.2414 0.9310 0.0000 0.0000 0.0000
0.2414 0.9655 0.0000 0.0000 0.0000
0.2414 1.0000 0.0000 0.0000 0.0000

0.2759 0.0000 0.0000 0.0000 0.0000
0.2759 0.0345 0.035576 0.999367 2.052191
0.2759 0.0690 0.078077 0.996947 1.870156
0.2759 0.1034 0.129429 0.991589 1.692236
0.2759 0.1379 0.192143 0.981367 1.519878
0.2759 0.1724 0.269363 0.963039 1.355203
0.2759 0.2069 0.364623 0.931155 1.201377
0.2759 0.2414 0.480716 0.876876 1.063119
0.2759 0.2759 0.616579 0.787293 0.947270
0.2759 0.3103 0.761470 0.648200 0.862903
0.2759 0.3448 0.890565 0.454855 0.819798
0.2759 0.3793 0.974094 0.226144 0.824450
0.2759 0.4138 1.000000 0.000000 0.876100
0.2759 0.4483 0.981246 -0.192758 0.967248
0.2759 0.4828 0.939436 -0.342726 1.088011
0.2759 0.5172 0.890565 -0.454855 1.229696
0.2759 0.5517 0.842869 -0.538118 1.385901
0.2759 0.5862 0.799577 -0.600564 1.552248
0.2759 0.6207 0.761470 -0.648200 1.725807
0.2759 0.6552 0.728317 -0.685240 1.904607
0.2759 0.6897 0.699547 -0.714586 2.087302
0.2759 0.7241 0.0000 0.0000 0.0000
0.2759 0.7586 0.0000 0.0000 0.0000
0.2759 0.7931 0.0000 0.0000 0.0000
0.2759 0.8276 0.0000 0.0000 0.0000
0.2759 0.8621 0.0000 0.0000 0.0000
0.2759 0.8966 0.0000 0.0000 0.0000
0.2759 0.9310 0.0000 0.0000 0.0000
0.2759 0.9655 0.0000 0.0000 0.0000
0.2759 1.0000 0.0000 0.0000 0.0000

0.3103 0.0000 0.0000 0.0000 0.0000
0.3103 0.0345 0.037916 0.999281 2.188970
0.3103 0.0690 0.083640 0.996496 1.984600
0.3103 0.1034 0.139463 0.990227 1.785343
0.3103 0.1379 0.208387 0.978046 1.593120
0.3103 0.1724 0.294145 0.955761 1.410808
0.3103 0.2069 0.400698 0.916210 1.242777
0.3103 0.2414 0.530272 0.847828 1.095617
0.3103 0.2759 0.678361 0.734729 0.978788
0.3103 0.3103 0.826177 0.563410 0.904125
0.3103 0.3448 0.940578 0.339578 0.882398
0.3103 0.3793 0.995187 0.097989 0.917376
0.3103 0.4138 0.992836 -0.119482 1.003143
0.3103 0.4483 0.956370 -0.292160 1.128176
0.3103 0.4828 0.907044 -0.421035 1.281029
0.3103 0.5172 0.856842 -0.515578 1.452947
0.3103 0.5517 0.810740 -0.585406 1.637938
0.3103 0.5862 0.770144 -0.637871 1.832047
0.3103 0.6207 0.734965 -0.678105 2.032663
0.3103 0.6552 0.704605 -0.709599 2.238036
0.3103 0.6897 0.0000 0.0000 0.0000
0.3103 0.7241 0.0000 0.0000 0.0000
0.3103 0.7586 0.0000 0.0000 0.0000
0.3103 0.7931 0.0000 0.0000 0.0000
0.3103 0.8276 0.0000 0.0000 0.0000
0.3103 0.8621 0.0000 0.0000 0.0000
0.3103 0.8966 0.0000 0.0000 0.0000
0.3103 0.9310 0.0000 0.0000 0.0000
0.3103 0.9655 0.0000 0.0000 0.0000
0.3103 1.0000 0.0000 0.0000 0.0000

0.3448 0.0000 0.0000 0.0000 0.0000
0.3448 0.0345 0.040443 0.999182 2.299146
0.3448 0.0690 0.089729 0.995966 2.072569
0.3448 0.1034 0.150600 0.988595 1.852279
0.3448 0.1379 0.226680 0.973969 1.640809
0.3448 0.1724 0.322405 0.946602 1.442044
0.3448 0.2069 0.442081 0.896975 1.262003
0.3448 0.2414 0.586476 0.809967 1.109836
0.3448 0.2759 0.745092 0.666962 0.998369
0.3448 0.3103 0.888235 0.459389 0.942161
0.3448 0.3448 0.977693 0.210041 0.951061
0.3448 0.3793 0.999471 -0.032533 1.023372
0.3448 0.4138 0.972673 -0.232181 1.147163
0.3448 0.4483 0.924229 -0.381838 1.307899
0.3448 0.4828 0.871516 -0.490367 1.493700
0.3448 0.5172 0.822217 -0.569174 1.696349
0.3448 0.5517 0.778727 -0.627363 1.910494
0.3448 0.5862 0.741200 -0.671284 2.132672
0.3448 0.6207 0.709018 -0.705190 2.360619
0.3448 0.6552 0.0000 0.0000 0.0000
0.3448 0.6897 0.0000 0.0000 0.0000
0.3448 0.7241 0.0000 0.0000 0.0000
0.3448 0.7586 0.0000 0.0000 0.0000
0.3448 0.7931 0.0000 0.0000 0.0000
0.3448 0.8276 0.0000 0.0000 0.0000
0.3448 0.8621 0.0000 0.0000 0.0000
0.3448 0.8966 0.0000 0.0000 0.0000
0.3448 0.9310 0.0000 0.0000 0.0000
0.3448 0.9655 0.0000 0.0000 0.0000
0.3448 1.0000 0.0000 0.0000 0.0000

0.3793 0.0000 0.0000 0.0000 0.0000
0.3793 0.0345 0.043216 0.999066 2.382725
0.3793 0.0690 0.096502 0.995333 2.134098
0.3793 0.1034 0.163177 0.986597 1.893151
0.3793 0.1379 0.247646 0.968851 1.663223
0.3793 0.1724 0.355183 0.934797 1.449570
0.3793 0.2069 0.490154 0.871636 1.260494
0.3793 0.2414 0.650173 0.759786 1.108641
0.3793 0.2759 0.814876 0.579635 1.010928
0.3793 0.3103 0.942184 0.335096 0.983623
0.3793 0.3448 0.997480 0.070952 1.032328
0.3793 0.3793 0.987183 -0.159591 1.147405
0.3793 0.4138 0.942184 -0.335096 1.311497
0.3793 0.4483 0.887286 -0.461219 1.508695
0.3793 0.4828 0.834414 -0.551137 1.727699
0.3793 0.5172 0.787566 -0.616230 1.961218
0.3793 0.5517 0.747314 -0.664471 2.204645
0.3793 0.5862 0.713039 -0.701124 2.455034
0.3793 0.6207 0.0000 0.0000 0.0000
0.3793 0.6552 0.0000 0.0000 0.0000
0.3793 0.6897 0.0000 0.0000 0.0000
0.3793 0.7241 0.0000 0.0000 0.0000
0.3793 0.7586 0.0000 0.0000 0.0000
0.3793 0.7931 0.0000 0.0000 0.0000
0.3793 0.8276 0.0000 0.0000 0.0000
0.3793 0.8621 0.0000 0.0000 0.0000
0.3793 0.8966 0.0000 0.0000 0.0000
0.3793 0.9310 0.0000 0.0000 0.0000
0.3793 0.9655 0.0000 0.0000 0.0000
0.3793 1.0000 0.0000 0.0000 0.0000

0.4138 0.0000 0.0000 0.0000 0.0000
0.4138 0.0345 0.046301 0.998928 2.439715
0.4138 0.0690 0.104148 0.994562 2.169228
0.4138 0.1034 0.177602 0.984102 1.908099
0.4138 0.1379 0.272072 0.962277 1.660746
0.4138 0.1724 0.393779 0.919205 1.434316
0.4138 0.2069 0.546443 0.837496 1.240320
0.4138 0.2414 0.721387 0.692532 1.096118
0.4138 0.2759 0.883380 0.468657 1.022986
0.4138 0.3103 0.981237 0.192805 1.036087
0.4138 0.3448 0.997507 -0.070561 1.132430
0.4138 0.3793 0.960589 -0.277973 1.293549
0.4138 0.4138 0.904473 -0.426531 1.498695
0.4138 0.4483 0.847713 -0.530455 1.732296
0.4138 0.4828 0.796970 -0.604019 1.984330
0.4138 0.5172 0.753539 -0.657403 2.248605
0.4138 0.5517 0.716848 -0.697229 2.521276
0.4138 0.5862 0.685860 -0.727734 2.799891
0.4138 0.6207 0.0000 0.0000 0.0000
0.4138 0.6552 0.0000 0.0000 0.0000
0.4138 0.6897 0.0000 0.0000 0.0000
0.4138 0.7241 0.0000 0.0000 0.0000
0.4138 0.7586 0.0000 0.0000 0.0000
0.4138 0.7931 0.0000 0.0000 0.0000
0.4138 0.8276 0.0000 0.0000 0.0000
0.4138 0.8621 0.0000 0.0000 0.0000
0.4138 0.8966 0.0000 0.0000 0.0000
0.4138 0.9310 0.0000 0.0000 0.0000
0.4138 0.9655 0.0000 0.0000 0.0000
0.4138 1.0000 0.0000 0.0000 0.0000

0.4483 0.0000 0.0000 0.0000 0.0000
0.4483 0.0345 0.049774 0.998760 2.470125
0.4483 0.0690 0.112900 0.993606 2.178016
0.4483 0.1034 0.194404 0.980921 1.897316
0.4483 0.1379 0.300992 0.953627 1.633915
0.4483 0.1724 0.439848 0.898072 1.397630
0.4483 0.2069 0.612436 0.790520 1.204523
0.4483 0.2414 0.798329 0.602221 1.078054
0.4483 0.2759 0.943259 0.332057 1.042758
0.4483 0.3103 0.999236 0.039085 1.107386
0.4483 0.3448 0.978413 -0.206659 1.256615
0.4483 0.3793 0.923283 -0.384120 1.464813
0.4483 0.4138 0.862505 -0.506048 1.710582
0.4483 0.4483 0.807248 -0.590212 1.979980
0.4483 0.4828 0.760086 -0.649822 2.264591
0.4483 0.5172 0.720588 -0.693363 2.559343
0.4483 0.5517 0.0000 0.0000 0.0000
0.4483 0.5862 0.0000 0.0000 0.0000
0.4483 0.6207 0.0000 0.0000 0.0000
0.4483 0.6552 0.0000 0.0000 0.0000
0.4483 0.6897 0.0000 0.0000 0.0000
0.4483 0.7241 0.0000 0.0000 0.0000
0.4483 0.7586 0.0000 0.0000 0.0000
0.4483 0.7931 0.0000 0.0000 0.0000
0.4483 0.8276 0.0000 0.0000 0.0000
0.4483 0.8621 0.0000 0.0000 0.0000
0.4483 0.8966 0.0000 0.0000 0.0000
0.4483 0.9310 0.0000 0.0000 0.0000
0.4483 0.9655 0.0000 0.0000 0.0000
0.4483 1.0000 0.0000 0.0000 0.0000

0.4828 0.0000 0.0000 0.0000 0.0000
0.4828 0.0345 0.053734 0.998555 2.473967
0.4828 0.0690 0.123059 0.992399 2.160536
0.4828 0.1034 0.214291 0.976770 1.861069
0.4828 0.1379 0.335804 0.941932 1.583509
0.4828 0.1724 0.495471 0.868625 1.341522
0.4828 0.2069 0.689009 0.724753 1.157637
0.4828 0.2414 0.875852 0.482580 1.062462
0.4828 0.2759 0.984978 0.172680 1.079715
0.4828 0.3103 0.993239 -0.116085 1.204577
0.4828 0.3448 0.943674 -0.330877 1.408717
0.4828 0.3793 0.879215 -0.476426 1.663197
0.4828 0.4138 0.818750 -0.574150 1.948389
0.4828 0.4483 0.767173 -0.641440 2.252660
0.4828 0.4828 0.724384 -0.689396 2.569240
0.4828 0.5172 0.0000 0.0000 0.0000
0.4828 0.5517 0.0000 0.0000 0.0000
0.4828 0.5862 0.0000 0.0000 0.0000
0.4828 0.6207 0.0000 0.0000 0.0000
0.4828 0.6552 0.0000 0.0000 0.0000
0.4828 0.6897 0.0000 0.0000 0.0000
0.4828 0.7241 0.0000 0.0000 0.0000
0.4828 0.7586 0.0000 0.0000 0.0000
0.4828 0.7931 0.0000 0.0000 0.0000
0.4828 0.8276 0.0000 0.0000 0.0000
0.4828 0.8621 0.0000 0.0000 0.0000
0.4828 0.8966 0.0000 0.0000 0.0000
0.4828 0.9310 0.0000 0.0000 0.0000
0.4828 0.9655 0.0000 0.0000 0.0000
0.4828 1.0000 0.0000 0.0000 0.0000

0.5172 0.0000 0.0000 0.0000 0.0000
0.5172 0.0345 0.058307 0.998299 2.451257
0.5172 0.0690 0.135033 0.990841 2.116891
0.5172 0.1034 0.238243 0.971206 1.799742
0.5172 0.1379 0.378437 0.925627 1.510690
0.5172 0.1724 0.563104 0.826386 1.269082
0.5172 0.2069 0.775048 0.631903 1.106449
0.5172 0.2414 0.944030 0.329861 1.059793
0.5172 0.2759 1.000000 0.000000 1.143401
0.5172 0.3103 0.964998 -0.262257 1.332983
0.5172 0.3448 0.898279 -0.439425 1.591098
0.5172 0.3793 0.831895 -0.554932 1.889872
0.5172 0.4138 0.775048 -0.631903 2.212897
0.5172 0.4483 0.728359 -0.685196 2.550977
0.5172 0.4828 0.0000 0.0000 0.0000
0.5172 0.5172 0.0000 0.0000 0.0000
0.5172 0.5517 0.0000 0.0000 0.0000
0.5172 0.5862 0.0000 0.0000 0.0000
0.5172 0.6207 0.0000 0.0000 0.0000
0.5172 0.6552 0.0000 0.0000 0.0000
0.5172 0.6897 0.0000 0.0000 0.0000
0.5172 0.7241 0.0000 0.0000 0.0000
0.5172 0.7586 0.0000 0.0000 0.0000
0.5172 0.7931 0.0000 0.0000 0.0000
0.5172 0.8276 0.0000 0.0000 0.0000
0.5172 0.8621 0.0000 0.0000 0.0000
0.5172 0.8966 0.0000 0.0000 0.0000
0.5172 0.9310 0.0000 0.0000 0.0000
0.5172 0.9655 0.0000 0.0000 0.0000
0.5172 1.0000 0.0000 0.0000 0.0000

0.5517 0.0000 0.0000 0.0000 0.0000
0.5517 0.0345 0.063660 0.997972 2.402018
0.5517 0.0690 0.149386 0.988779 2.047229
0.5517 0.1034 0.267658 0.963514 1.713901
0.5517 0.1379 0.431574 0.902077 1.417260
0.5517 0.1724 0.645105 0.764094 1.185180
0.5517 0.2069 0.864802 0.502114 1.060913
0.5517 0.2414 0.989038 0.147663 1.082256
0.5517 0.2759 0.985167 -0.171600 1.241724
0.5517 0.3103 0.920072 -0.391750 1.495773
0.5517 0.3448 0.847213 -0.531254 1.804897
0.5517 0.3793 0.784017 -0.620740 2.145420
0.5517 0.4138 0.732645 -0.680611 2.504568
0.5517 0.4483 0.0000 0.0000 0.0000
0.5517 0.4828 0.0000 0.0000 0.0000
0.5517 0.5172 0.0000 0.0000 0.0000
0.5517 0.5517 0.0000 0.0000 0.0000
0.5517 0.5862 0.0000 0.0000 0.0000
0.5517 0.6207 0.0000 0.0000 0.0000
0.5517 0.6552 0.0000 0.0000 0.0000
0.5517 0.6897 0.0000 0.0000 0.0000
0.5517 0.7241 0.0000 0.0000 0.0000
0.5517 0.7586 0.0000 0.0000 0.0000
0.5517 0.7931 0.0000 0.0000 0.0000
0.5517 0.8276 0.0000 0.0000 0.0000
0.5517 0.8621 0.0000 0.0000 0.0000
0.5517 0.8966 0.0000 0.0000 0.0000
0.5517 0.9310 0.0000 0.0000 0.0000
0.5517 0.9655 0.0000 0.0000 0.0000
0.5517 1.0000 0.0000 0.0000 0.0000

0.5862 0.0000 0.0000 0.0000 0.0000
0.5862 0.0345 0.070026 0.997545 2.326281
0.5862 0.0690 0.166928 0.985969 1.951761
0.5862 0.1034 0.304598 0.952481 1.604421
0.5862 0.1379 0.498882 0.866670 1.306132
0.5862 0.1724 0.742054 0.670340 1.097638
0.5862 0.2069 0.944608 0.328200 1.034723
0.5862 0.2414 0.998770 -0.049574 1.141713
0.5862 0.2759 0.944608 -0.328200 1.379630
0.5862 0.3103 0.865378 -0.501119 1.694186
0.5862 0.3448 0.794483 -0.607287 2.050407
0.5862 0.3793 0.737402 -0.675454 2.430038
0.5862 0.4138 0.692300 -0.721609 2.823652
0.5862 0.4483 0.0000 0.0000 0.0000
0.5862 0.4828 0.0000 0.0000 0.0000
0.5862 0.5172 0.0000 0.0000 0.0000
0.5862 0.5517 0.0000 0.0000 0.0000
0.5862 0.5862 0.0000 0.0000 0.0000
0.5862 0.6207 0.0000 0.0000 0.0000
0.5862 0.6552 0.0000 0.0000 0.0000
0.5862 0.6897 0.0000 0.0000 0.0000
0.5862 0.7241 0.0000 0.0000 0.0000
0.5862 0.7586 0.0000 0.0000 0.0000
0.5862 0.7931 0.0000 0.0000 0.0000
0.5862 0.8276 0.0000 0.0000 0.0000
0.5862 0.8621 0.0000 0.0000 0.0000
0.5862 0.8966 0.0000 0.0000 0.0000
0.5862 0.9310 0.0000 0.0000 0.0000
0.5862 0.9655 0.0000 0.0000 0.0000
0.5862 1.0000 0.0000 0.0000 0.0000

0.6207 0.0000 0.0000 0.0000 0.0000
0.6207 0.0345 0.077735 0.996974 2.224090
0.6207 0.0690 0.188867 0.982003 1.830809
0.6207 0.1034 0.352185 0.935930 1.472715
0.6207 0.1379 0.584962 0.811061 1.182227
0.6207 0.1724 0.848405 0.529348 1.018909
0.6207 0.2069 0.993391 0.114780 1.044238
0.6207 0.2414 0.970690 -0.240336 1.246769
0.6207 0.2759 0.887237 -0.461314 1.558902
0.6207 0.3103 0.807005 -0.590545 1.928124
0.6207 0.3448 0.742837 -0.669473 2.327422
0.6207 0.3793 0.0000 0.0000 0.0000
0.6207 0.4138 0.0000 0.0000 0.0000
0.6207 0.4483 0.0000 0.0000 0.0000
0.6207 0.4828 0.0000 0.0000 0.0000
0.6207 0.5172 0.0000 0.0000 0.0000
0.6207 0.5517 0.0000 0.0000 0.0000
0.6207 0.5862 0.0000 0.0000 0.0000
0.6207 0.6207 0.0000 0.0000 0.0000
0.6207 0.6552 0.0000 0.0000 0.0000
0.6207 0.6897 0.0000 0.0000 0.0000
0.6207 0.7241 0.0000 0.0000 0.0000
0.6207 0.7586 0.0000 0.0000 0.0000
0.6207 0.7931 0.0000 0.0000 0.0000
0.6207 0.8276 0.0000 0.0000 0.0000
0.6207 0.8621 0.0000 0.0000 0.0000
0.6207 0.8966 0.0000 0.0000 0.0000
0.6207 0.9310 0.0000 0.0000 0.0000
0.6207 0.9655 0.0000 0.0000 0.0000
0.6207 1.0000 0.0000 0.0000 0.0000

0.6552 0.0000 0.0000 0.0000 0.0000
0.6552 0.0345 0.087271 0.996185 2.095510
0.6552 0.0690 0.217080 0.976154 1.684887
0.6552 0.1034 0.415253 0.909706 1.321199
0.6552 0.1379 0.693902 0.720070 1.054198
0.6552 0.1724 0.945059 0.326900 0.967545
0.6552 0.2069 0.993418 -0.114542 1.104535
0.6552 0.2414 0.913714 -0.406359 1.401033
0.6552 0.2759 0.822385 -0.568932 1.778997
0.6552 0.3103 0.749234 -0.662305 2.196774
0.6552 0.3448 0.0000 0.0000 0.0000
0.6552 0.3793 0.0000 0.0000 0.0000
0.6552 0.4138 0.0000 0.0000 0.0000
0.6552 0.4483 0.0000 0.0000 0.0000
0.6552 0.4828 0.0000 0.0000 0.0000
0.6552 0.5172 0.0000 0.0000 0.0000
0.6552 0.5517 0.0000 0.0000 0.0000
0.6552 0.5862 0.0000 0.0000 0.0000
0.6552 0.6207 0.0000 0.0000 0.0000
0.6552 0.6552 0.0000 0.0000 0.0000
0.6552 0.6897 0.0000 0.0000 0.0000
0.6552 0.7241 0.0000 0.0000 0.0000
0.6552 0.7586 0.0000 0.0000 0.0000
0.6552 0.7931 0.0000 0.0000 0.0000
0.6552 0.8276 0.0000 0.0000 0.0000
0.6552 0.8621 0.0000 0.0000 0.0000
0.6552 0.8966 0.0000 0.0000 0.0000
0.6552 0.9310 0.0000 0.0000 0.0000
0.6552 0.9655 0.0000 0.0000 0.0000
0.6552 1.0000 0.0000 0.0000 0.0000

0.6897 0.0000 0.0000 0.0000 0.0000
0.6897 0.0345 0.099382 0.995049 1.940642
0.6897 0.0690 0.254632 0.967038 1.514855
0.6897 0.1034 0.501256 0.865299 1.154295
0.6897 0.1379 0.822886 0.568207 0.937509
0.6897 0.1724 0.997625 0.068887 0.966624
0.6897 0.2069 0.945249 -0.326350 1.224221
0.6897 0.2414 0.841819 -0.539760 1.603741
0.6897 0.2759 0.757012 -0.653401 2.038178
0.6897 0.3103 0.0000 0.0000 0.0000
0.6897 0.3448 0.0000 0.0000 0.0000
0.6897 0.3793 0.0000 0.0000 0.0000
0.6897 0.4138 0.0000 0.0000 0.0000
0.6897 0.4483 0.0000 0.0000 0.0000
0.6897 0.4828 0.0000 0.0000 0.0000
0.6897 0.5172 0.0000 0.0000 0.0000
0.6897 0.5517 0.0000 0.0000 0.0000
0.6897 0.5862 0.0000 0.0000 0.0000
0.6897 0.6207 0.0000 0.0000 0.0000
0.6897 0.6552 0.0000 0.0000 0.0000
0.6897 0.6897 0.0000 0.0000 0.0000
0.6897 0.7241 0.0000 0.0000 0.0000
0.6897 0.7586 0.0000 0.0000 0.0000
0.6897 0.7931 0.0000 0.0000 0.0000
0.6897 0.8276 0.0000 0.0000 0.0000
0.6897 0.8621 0.0000 0.0000 0.0000
0.6897 0.8966 0.0000 0.0000 0.0000
0.6897 0.9310 0.0000 0.0000 0.0000
0.6897 0.9655 0.0000 0.0000 0.0000
0.6897 1.0000 0.0000 0.0000 0.0000

0.7241 0.0000 0.0000 0.0000 0.0000
0.7241 0.0345 0.115281 0.993333 1.759651
0.7241 0.0690 0.306824 0.951766 1.322280
0.7241 0.1034 0.620517 0.784193 0.980733
0.7241 0.1379 0.945420 0.325854 0.858259
0.7241 0.1724 0.979279 -0.202514 1.035730
0.7241 0.2069 0.867115 -0.498108 1.403646
0.7241 0.2414 0.766819 -0.641863 1.851774
0.7241 0.2759 0.0000 0.0000 0.0000
0.7241 0.3103 0.0000 0.0000 0.0000
0.7241 0.3448 0.0000 0.0000 0.0000
0.7241 0.3793 0.0000 0.0000 0.0000
0.7241 0.4138 0.0000 0.0000 0.0000
0.7241 0.4483 0.0000 0.0000 0.0000
0.7241 0.4828 0.0000 0.0000 0.0000
0.7241 0.5172 0.0000 0.0000 0.0000
0.7241 0.5517 0.0000 0.0000 0.0000
0.7241 0.5862 0.0000 0.0000 0.0000
0.7241 0.6207 0.0000 0.0000 0.0000
0.7241 0.6552 0.0000 0.0000 0.0000
0.7241 0.6897 0.0000 0.0000 0.0000
0.7241 0.7241 0.0000 0.0000 0.0000
0.7241 0.7586 0.0000 0.0000 0.0000
0.7241 0.7931 0.0000 0.0000 0.0000
0.7241 0.8276 0.0000 0.0000 0.0000
0.7241 0.8621 0.0000 0.0000 0.0000
0.7241 0.8966 0.0000 0.0000 0.0000
0.7241 0.9310 0.0000 0.0000 0.0000
0.7241 0.9655 0.0000 0.0000 0.0000
0.7241 1.0000 0.0000 0.0000 0.0000

0.7586 0.0000 0.0000 0.0000 0.0000
0.7586 0.0345 0.137068 0.990562 1.552825
0.7586 0.0690 0.383398 0.923583 1.110291
0.7586 0.1034 0.779734 0.626111 0.818902
0.7586 0.1379 1.000000 0.000000 0.851367
0.7586 0.1724 0.900894 -0.434040 1.181282
0.7586 0.2069 0.779734 -0.626111 1.637803
0.7586 0.2414 0.695745 -0.718289 2.141435
0.7586 0.2759 0.0000 0.0000 0.0000
0.7586 0.3103 0.0000 0.0000 0.0000
0.7586 0.3448 0.0000 0.0000 0.0000
0.7586 0.3793 0.0000 0.0000 0.0000
0.7586 0.4138 0.0000 0.0000 0.0000
0.7586 0.4483 0.0000 0.0000 0.0000
0.7586 0.4828 0.0000 0.0000 0.0000
0.7586 0.5172 0.0000 0.0000 0.0000
0.7586 0.5517 0.0000 0.0000 0.0000
0.7586 0.5862 0.0000 0.0000 0.0000
0.7586 0.6207 0.0000 0.0000 0.0000
0.7586 0.6552 0.0000 0.0000 0.0000
0.7586 0.6897 0.0000 0.0000 0.0000
0.7586 0.7241 0.0000 0.0000 0.0000
0.7586 0.7586 0.0000 0.0000 0.0000
0.7586 0.7931 0.0000 0.0000 0.0000
0.7586 0.8276 0.0000 0.0000 0.0000
0.7586 0.8621 0.0000 0.0000 0.0000
0.7586 0.8966 0.0000 0.0000 0.0000
0.7586 0.9310 0.0000 0.0000 0.0000
0.7586 0.9655 0.0000 0.0000 0.0000
0.7586 1.0000 0.0000 0.0000 0.0000

0.7931 0.0000 0.0000 0.0000 0.0000
0.7931 0.0345 0.168719 0.985664 1.320717
0.7931 0.0690 0.503003 0.864285 0.885999
0.7931 0.1034 0.945716 0.324995 0.706861
0.7931 0.1379 0.945716 -0.324995 0.942482
0.7931 0.1724 0.797685 -0.603074 1.396729
0.7931 0.2069 0.0000 0.0000 0.0000
0.7931 0.2414 0.0000 0.0000 0.0000
0.7931 0.2759 0.0000 0.0000 0.0000
0.7931 0.3103 0.0000 0.0000 0.0000
0.7931 0.3448 0.0000 0.0000 0.0000
0.7931 0.3793 0.0000 0.0000 0.0000
0.7931 0.4138 0.0000 0.0000 0.0000
0.7931 0.4483 0.0000 0.0000 0.0000
0.7931 0.4828 0.0000 0.0000 0.0000
0.7931 0.5172 0.0000 0.0000 0.0000
0.7931 0.5517 0.0000 0.0000 0.0000
0.7931 0.5862 0.0000 0.0000 0.0000
0.7931 0.6207 0.0000 0.0000 0.0000
0.7931 0.6552 0.0000 0.0000 0.0000
0.7931 0.6897 0.0000 0.0000 0.0000
0.7931 0.7241 0.0000 0.0000 0.0000
0.7931 0.7586 0.0000 0.0000 0.0000
0.7931 0.7931 0.0000 0.0000 0.0000
0.7931 0.8276 0.0000 0.0000 0.0000
0.7931 0.8621 0.0000 0.0000 0.0000
0.7931 0.8966 0.0000 0.0000 0.0000
0.7931 0.9310 0.0000 0.0000 0.0000
0.7931 0.9655 0.0000 0.0000 0.0000
0.7931 1.0000 0.0000 0.0000 0.0000

0.8276 0.0000 0.0000 0.0000 0.0000
0.8276 0.0345 0.218704 0.975791 1.064534
0.8276 0.0690 0.696712 0.717351 0.668333
0.8276 0.1034 0.993520 -0.113661 0.703010
0.8276 0.1379 0.824459 -0.565921 1.129555
0.8276 0.1724 0.0000 0.0000 0.0000
0.8276 0.2069 0.0000 0.0000 0.0000
0.8276 0.2414 0.0000 0.0000 0.0000
0.8276 0.2759 0.0000 0.0000 0.0000
0.8276 0.3103 0.0000 0.0000 0.0000
0.8276 0.3448 0.0000 0.0000 0.0000
0.8276 0.3793 0.0000 0.0000 0.0000
0.8276 0.4138 0.0000 0.0000 0.0000
0.8276 0.4483 0.0000 0.0000 0.0000
0.8276 0.4828 0.0000 0.0000 0.0000
0.8276 0.5172 0.0000 0.0000 0.0000
0.8276 0.5517 0.0000 0.0000 0.0000
0.8276 0.5862 0.0000 0.0000 0.0000
0.8276 0.6207 0.0000 0.0000 0.0000
0.8276 0.6552 0.0000 0.0000 0.0000
0.8276 0.6897 0.0000 0.0000 0.0000
0.8276 0.7241 0.0000 0.0000 0.0000
0.8276 0.7586 0.0000 0.0000 0.0000
0.8276 0.7931 0.0000 0.0000 0.0000
0.8276 0.8276 0.0000 0.0000 0.0000
0.8276 0.8621 0.0000 0.0000 0.0000
0.8276 0.8966 0.0000 0.0000 0.0000
0.8276 0.9310 0.0000 0.0000 0.0000
0.8276 0.9655 0.0000 0.0000 0.0000
0.8276 1.0000 0.0000 0.0000 0.0000

0.8621 0.0000 0.0000 0.0000 0.0000
0.8621 0.0345 0.308335 0.951278 0.787476
0.8621 0.0690 0.945962 0.324277 0.513353
0.8621 0.1034 0.868278 -0.496078 0.838923
0.8621 0.1379 0.697137 -0.716938 1.393162
0.8621 0.1724 0.0000 0.0000 0.0000
0.8621 0.2069 0.0000 0.0000 0.0000
0.8621 0.2414 0.0000 0.0000 0.0000
0.8621 0.2759 0.0000 0.0000 0.0000
0.8621 0.3103 0.0000 0.0000 0.0000
0.8621 0.3448 0.0000 0.0000 0.0000
0.8621 0.3793 0.0000 0.0000 0.0000
0.8621 0.4138 0.0000 0.0000 0.0000
0.8621 0.4483 0.0000 0.0000 0.0000
0.8621 0.4828 0.0000 0.0000 0.0000
0.8621 0.5172 0.0000 0.0000 0.0000
0.8621 0.5517 0.0000 0.0000 0.0000
0.8621 0.5862 0.0000 0.0000 0.0000
0.8621 0.6207 0.0000 0.0000 0.0000
0.8621 0.6552 0.0000 0.0000 0.0000
0.8621 0.6897 0.0000 0.0000 0.0000
0.8621 0.7241 0.0000 0.0000 0.0000
0.8621 0.7586 0.0000 0.0000 0.0000
0.8621 0.7931 0.0000 0.0000 0.0000
0.8621 0.8276 0.0000 0.0000 0.0000
0.8621 0.8621 0.0000 0.0000 0.0000
0.8621 0.8966 0.0000 0.0000 0.0000
0.8621 0.9310 0.0000 0.0000 0.0000
0.8621 0.9655 0.0000 0.0000 0.0000
0.8621 1.0000 0.0000 0.0000 0.0000

0.8966 0.0000 0.0000 0.0000 0.0000
0.8966 0.0345 0.504343 0.863503 0.501235
0.8966 0.0690 0.946071 -0.323960 0.534409
0.8966 0.1034 0.0000 0.0000 0.0000
0.8966 0.1379 0.0000 0.0000 0.0000
0.8966 0.1724 0.0000 0.0000 0.0000
0.8966 0.2069 0.0000 0.0000 0.0000
0.8966 0.2414 0.0000 0.0000 0.0000
0.8966 0.2759 0.0000 0.0000 0.0000
0.8966 0.3103 0.0000 0.0000 0.0000
0.8966 0.3448 0.0000 0.0000 0.0000
0.8966 0.3793 0.0000 0.0000 0.0000
0.8966 0.4138 0.0000 0.0000 0.0000
0.8966 0.4483 0.0000 0.0000 0.0000
0.8966 0.4828 0.0000 0.0000 0.0000
0.8966 0.5172 0.0000 0.0000 0.0000
0.8966 0.5517 0.0000 0.0000 0.0000
0.8966 0.5862 0.0000 0.0000 0.0000
0.8966 0.6207 0.0000 0.0000 0.0000
0.8966 0.6552 0.0000 0.0000 0.0000
0.8966 0.6897 0.0000 0.0000 0.0000
0.8966 0.7241 0.0000 0.0000 0.0000
0.8966 0.7586 0.0000 0.0000 0.0000
0.8966 0.7931 0.0000 0.0000 0.0000
0.8966 0.8276 0.0000 0.0000 0.0000
0.8966 0.8621 0.0000 0.0000 0.0000
0.8966 0.8966 0.0000 0.0000 0.0000
0.8966 0.9310 0.0000 0.0000 0.0000
0.8966 0.9655 0.0000 0.0000 0.0000
0.8966 1.0000 0.0000 0.0000 0.0000

0.9310 0.0000 0.0000 0.0000 0.0000
0.9310 0.0345 0.946171 0.323668 0.277732
0.9310 0.0690 0.697890 -0.716205 0.753077
0.9310 0.1034 0.0000 0.0000 0.0000
0.9310 0.1379 0.0000 0.0000 0.0000
0.9310 0.1724 0.0000 0.0000 0.0000
0.9310 0.2069 0.0000 0.0000 0.0000
0.9310 0.2414 0.0000 0.0000 0.0000
0.9310 0.2759 0.0000 0.0000 0.0000
0.9310 0.3103 0.0000 0.0000 0.0000
0.9310 0.3448 0.0000 0.0000 0.0000
0.9310 0.3793 0.0000 0.0000 0.0000
0.9310 0.4138 0.0000 0.0000 0.0000
0.9310 0.4483 0.0000 0.0000 0.0000
0.9310 0.4828 0.0000 0.0000 0.0000
0.9310 0.5172 0.0000 0.0000 0.0000
0.9310 0.5517 0.0000 0.0000 0.0000
0.9310 0.5862 0.0000 0.0000 0.0000
0.9310 0.6207 0.0000 0.0000 0.0000
0.9310 0.6552 0.0000 0.0000 0.0000
0.9310 0.6897 0.0000 0.0000 0.0000
0.9310 0.7241 0.0000 0.0000 0.0000
0.9310 0.7586 0.0000 0.0000 0.0000
0.9310 0.7931 0.0000 0.0000 0.0000
0.9310 0.8276 0.0000 0.0000 0.0000
0.9310 0.8621 0.0000 0.0000 0.0000
0.9310 0.8966 0.0000 0.0000 0.0000
0.9310 0.9310 0.0000 0.0000 0.0000
0.9310 0.9655 0.0000 0.0000 0.0000
0.9310 1.0000 0.0000 0.0000 0.0000

0.9655 0.0000 0.0000 0.0000 0.0000
0.9655 0.0345 0.0000 0.0000 0.0000
0.9655 0.0690 0.0000 0.0000 0.0000
0.9655 0.1034 0.0000 0.0000 0.0000
0.9655 0.1379 0.0000 0.0000 0.0000
0.9655 0.1724 0.0000 0.0000 0.0000
0.9655 0.2069 0.0000 0.0000 0.0000
0.9655 0.2414 0.0000 0.0000 0.0000
0.9655 0.2759 0.0000 0.0000 0.0000
0.9655 0.3103 0.0000 0.0000 0.0000
0.9655 0.3448 0.0000 0.0000 0.0000
0.9655 0.3793 0.0000 0.0000 0.0000
0.9655 0.4138 0.0000 0.0000 0.0000
0.9655 0.4483 0.0000 0.0000 0.0000
0.9655 0.4828 0.0000 0.0000 0.0000
0.9655 0.5172 0.0000 0.0000 0.0000
0.9655 0.5517 0.0000 0.0000 0.0000
0.9655 0.5862 0.0000 0.0000 0.0000
0.9655 0.6207 0.0000 0.0000 0.0000
0.9655 0.6552 0.0000 0.0000 0.0000
0.9655 0.6897 0.0000 0.0000 0.0000
0.9655 0.7241 0.0000 0.0000 0.0000
0.9655 0.7586 0.0000 0.0000 0.0000
0.9655 0.7931 0.0000 0.0000 0.0000
0.9655 0.8276 0.0000 0.0000 0.0000
0.9655 0.8621 0.0000 0.0000 0.0000
0.9655 0.8966 0.0000 0.0000 0.0000
0.9655 0.9310 0.0000 0.0000 0.0000
0.9655 0.9655 0.0000 0.0000 0.0000
0.9655 1.0000 0.0000 0.0000 0.0000

1.0000 0.0000 0.0000 0.0000 0.0000
1.0000 0.0345 0.0000 0.0000 0.0000
1.0000 0.0690 0.0000 0.0000 0.0000
1.0000 0.1034 0.0000 0.0000 0.0000
1.0000 0.1379 0.0000 0.0000 0.0000
1.0000 0.1724 0.0000 0.0000 0.0000
1.0000 0.2069 0.0000 0.0000 0.0000
1.0000 0.2414 0.0000 0.0000 0.0000
1.0000 0.2759 0.0000 0.0000 0.0000
1.0000 0.3103 0.0000 0.0000 0.0000
1.0000 0.3448 0.0000 0.0000 0.0000
1.0000 0.3793 0.0000 0.0000 0.0000
1.0000 0.4138 0.0000 0.0000 0.0000
1.0000 0.4483 0.0000 0.0000 0.0000
1.0000 0.4828 0.0000 0.0000 0.0000
1.0000 0.5172 0.0000 0.0000 0.0000
1.0000 0.5517 0.0000 0.0000 0.0000
1.0000 0.5862 0.0000 0.0000 0.0000
1.0000 0.6207 0.0000 0.0000 0.0000
1.0000 0.6552 0.0000 0.0000 0.0000
1.0000 0.6897 0.0000 0.0000 0.0000
1.0000 0.7241 0.0000 0.0000 0.0000
1.0000 0.7586 0.0000 0.0000 0.0000
1.0000 0.7931 0.0000 0.0000 0.0000
1.0000 0.8276 0.0000 0.0000 0.0000
1.0000 0.8621 0.0000 0.0000 0.0000
1.0000 0.8966 0.0000 0.0000 0.0000
1.0000 0.9310 0.0000 0.0000 0.0000
1.0000 0.9655 0.0000 0.0000 0.0000
1.0000 1.0000 0.0000 0.0000 0.0000

