Paso	Presa	Depredador	Hueco
0	215	401	384
1	245	297	458
2	318	248	434
3	398	275	327
4	373	358	269
5	284	392	324
6	259	360	381
7	297	315	388
8	349	301	350
9	332	349	319
10	308	359	333
11	308	341	351
12	322	326	352
13	296	358	346
14	311	321	368
15	337	311	352
16	330	342	328
17	313	358	329
18	305	334	361
19	305	337	358
20	314	337	349
21	301	338	361
22	306	332	362
23	319	334	347
24	328	349	323
25	296	367	337
26	305	339	356
27	314	338	348
28	318	343	339
29	290	335	375
30	290	315	395
31	342	302	356
32	359	346	295
33	281	387	332
34	261	348	391
35	285	290	425
36	362	285	353
37	371	333	296
38	307	366	327
39	304	342	354
40	306	320	374
41	356	303	341
42	367	350	283
43	316	372	312
44	303	347	350
45	296	348	356
46	292	338	370
47	309	335	356
48	298	330	372
49	314	322	364
50	319	325	356
51	340	326	334
52	321	324	355
53	356	296	348
54	353	329	318
55	309	379	312
56	283	355	362
57	288	325	387
58	307	316	377
59	321	322	357
60	335	325	340
61	330	328	342
62	315	356	329
63	310	325	365
64	324	334	342
65	306	341	353
66	278	345	377
67	308	304	388
68	344	304	352
69	339	321	340
70	363	328	309
71	322	364	314
72	295	356	349
73	297	335	368
74	297	318	385
75	334	317	349
76	318	346	336
77	296	336	368
78	311	330	359
79	326	320	354
80	326	332	342
81	316	345	339
82	295	331	374
83	305	328	367
84	310	332	358
85	311	343	346
86	320	325	355
87	313	313	374
88	312	325	363
89	320	335	345
90	315	344	341
91	299	347	354
92	313	338	349
93	333	327	340
94	325	355	320
95	297	357	346
96	304	327	369
97	310	335	355
98	315	314	371
99	325	326	349
100	312	341	347
101	288	354	358
102	301	324	375
103	337	325	338
104	319	342	339
105	315	356	329
106	291	350	359
107	296	340	364
108	293	331	376
109	296	344	360
110	293	337	370
111	275	321	404
112	323	302	375
113	356	326	318
114	345	338	317
115	306	367	327
116	289	351	360
117	296	319	385
118	332	321	347
119	354	320	326
120	321	360	319
121	310	335	355
122	308	327	365
123	315	320	365
124	316	327	357
125	339	335	326
126	341	342	317
127	304	344	352
128	281	345	374
129	315	322	363
130	330	316	354
131	346	331	323
132	309	336	355
133	321	348	331
134	302	347	351
135	288	317	395
136	352	308	340
137	357	333	310
138	319	360	321
139	286	360	354
140	281	332	387
141	295	326	379
142	346	286	368
143	373	302	325
144	332	348	320
145	319	349	332
146	278	368	354
147	267	327	406
148	297	289	414
149	331	302	367
150	342	339	319
151	321	341	338
152	312	363	325
153	296	351	353
154	281	333	386
155	324	332	344
156	291	350	359
157	299	351	350
158	303	335	362
159	311	328	361
160	311	325	364
161	327	342	331
162	320	339	341
163	333	324	343
164	331	351	318
165	293	373	334
166	292	336	372
167	304	333	363
168	318	326	356
169	313	342	345
170	315	336	349
171	315	351	334
172	305	352	343
173	299	353	348
174	305	348	347
175	302	330	368
176	306	350	344
177	310	337	353
178	316	326	358
179	330	323	347
180	314	339	347
181	305	341	354
182	296	347	357
183	294	331	375
184	282	345	373
185	305	305	390
186	337	288	375
187	360	319	321
188	353	337	310
189	323	362	315
190	299	364	337
191	272	353	375
192	301	314	385
193	310	306	384
194	335	329	336
195	313	351	336
196	302	350	348
197	315	344	341
198	306	339	355
199	295	343	362
200	306	330	364
201	304	344	352
202	310	346	344
203	285	356	359
204	293	331	376
205	300	338	362
206	324	309	367
207	337	328	335
208	298	373	329
209	281	341	378
210	293	330	377
211	309	348	343
212	318	331	351
213	329	358	313
214	283	367	350
215	260	334	406
216	305	316	379
217	323	321	356
218	314	327	359
219	314	322	364
220	332	315	353
221	336	346	318
222	316	357	327
223	291	365	344
224	275	343	382
225	313	324	363
226	349	330	321
227	315	354	331
228	295	346	359
229	301	348	351
230	282	333	385
231	309	332	359
232	302	342	356
233	295	343	362
234	305	331	364
235	323	313	364
236	333	327	340
237	299	362	339
238	288	355	357
239	290	345	365
240	303	315	382
241	330	320	350
242	327	341	332
243	331	338	331
244	310	351	339
245	296	340	364
246	293	341	366
247	307	339	354
248	299	331	370
249	301	329	370
250	328	327	345
251	312	336	352
252	315	340	345
253	319	327	354
254	355	325	320
255	340	354	306
256	291	372	337
257	289	355	356
258	276	344	380
259	294	309	397
260	330	312	358
261	340	332	328
262	318	358	324
263	273	370	357
264	272	347	381
265	295	304	401
266	324	317	359
267	337	326	337
268	309	373	318
269	276	384	340
270	260	341	399
271	290	307	403
272	319	327	354
273	317	323	360
274	327	307	366
275	331	308	361
276	328	337	335
277	302	363	335
278	300	330	370
279	323	311	366
280	367	307	326
281	366	354	280
282	294	382	324
283	271	374	355
284	278	333	389
285	305	318	377
286	336	321	343
287	317	346	337
288	297	364	339
289	302	345	353
290	295	339	366
291	312	326	362
292	314	331	355
293	334	334	332
294	328	330	342
295	315	347	338
296	299	341	360
297	307	335	358
298	302	327	371
299	312	332	356
300	299	330	371
301	322	313	365
302	334	324	342
303	332	336	332
304	335	327	338
305	306	343	351
306	302	346	352
307	297	362	341
308	303	356	341
309	278	342	380
310	304	307	389
311	318	307	375
312	332	316	352
313	331	326	343
314	322	334	344
315	307	344	349
316	302	387	311
317	262	383	355
318	255	359	386
319	270	327	403
320	310	311	379
321	343	328	329
322	339	346	315
323	315	345	340
324	303	347	350
325	299	322	379
326	321	312	367
327	352	328	320
328	335	347	318
329	311	379	310
330	275	376	349
331	300	311	389
332	350	294	356
333	337	346	317
334	310	365	325
335	274	366	360
336	282	357	361
337	265	338	397
338	303	308	389
339	359	288	353
340	355	337	308
341	311	376	313
342	293	338	369
343	293	331	376
344	304	360	336
345	284	364	352
346	275	351	374
347	275	318	407
348	334	295	371
349	366	311	323
350	355	355	290
351	298	365	337
352	297	342	361
353	322	329	349
354	305	341	354
355	314	339	347
356	313	357	330
357	277	391	332
358	260	348	392
359	274	298	428
360	346	285	369
361	365	320	315
362	339	359	302
363	276	369	355
364	271	317	412
365	330	296	374
366	350	331	319
367	311	370	319
368	272	373	355
369	265	333	402
370	288	290	422
371	347	289	364
372	354	336	310
373	312	365	323
374	309	345	346
375	321	340	339
376	322	341	337
377	327	336	337
378	317	348	335
379	306	338	356
380	323	321	356
381	338	330	332
382	319	346	335
383	311	349	340
384	306	351	343
385	296	337	367
386	313	332	355
387	304	331	365
388	315	332	353
389	307	345	348
390	307	326	367
391	313	333	354
392	312	322	366
393	309	333	358
394	301	354	345
395	312	325	363
396	307	325	368
397	325	321	354
398	334	332	334
399	325	338	337
400	310	349	341
401	291	347	362
402	308	328	364
403	314	339	347
404	319	351	330
405	302	369	329
406	273	339	388
407	301	308	391
408	335	325	340
409	325	354	321
410	300	354	346
411	309	337	354
412	311	340	349
413	326	331	343
414	312	335	353
415	312	343	345
416	302	341	357
417	305	323	372
418	308	323	369
419	331	324	345
420	328	340	332
421	292	357	351
422	278	357	365
423	270	318	412
424	301	306	393
425	333	324	343
426	325	340	335
427	305	366	329
428	278	350	372
429	306	315	379
430	328	319	353
431	338	315	347
432	324	334	342
433	284	357	359
434	288	339	373
435	298	330	372
436	302	316	382
437	325	333	342
438	325	347	328
439	300	337	363
440	310	319	371
441	336	323	341
442	319	333	348
443	307	323	370
444	322	328	350
445	346	327	327
446	316	357	327
447	276	353	371
448	302	318	380
449	288	339	373
450	314	314	372
451	340	326	334
452	343	340	317
453	323	361	316
454	289	382	329
455	255	394	351
456	242	337	421
457	300	291	409
458	327	317	356
459	351	329	320
460	330	330	340
461	327	347	326
462	297	346	357
463	301	332	367
464	315	325	360
465	344	313	343
466	328	351	321
467	307	342	351
468	327	328	345
469	318	346	336
470	284	353	363
471	297	324	379
472	301	327	372
473	314	343	343
474	306	335	359
475	328	350	322
476	301	350	349
477	302	324	374
478	301	330	369
479	318	311	371
480	334	323	343
481	318	332	350
482	338	329	333
483	337	330	333
484	321	336	343
485	321	346	333
486	310	345	345
487	283	359	358
488	288	353	359
489	295	314	391
490	326	309	365
491	336	334	330
492	296	352	352
493	282	360	358
494	284	331	385
495	308	322	370
496	322	331	347
497	316	329	355
498	329	317	354
499	320	336	344
500	315	351	334
