Paso	Presa	Depredador	Hueco
0	2008	2066	5926
1	5926	2317	1757
2	1757	6258	1985
3	1985	2713	5302
4	5302	2394	2304
5	2304	5663	2033
6	2033	3171	4796
7	4796	2518	2686
8	2686	5184	2130
9	2130	3481	4389
10	4389	2652	2959
11	2959	4818	2223
12	2223	3679	4098
13	4098	2741	3161
14	3161	4514	2325
15	2325	3855	3820
16	3820	2933	3247
17	3247	4270	2483
18	2483	3890	3627
19	3627	3064	3309
20	3309	4055	2636
21	2636	3915	3449
22	3449	3210	3341
23	3341	3923	2736
24	2736	3937	3327
25	3327	3330	3343
26	3343	3847	2810
27	2810	3900	3290
28	3290	3397	3313
29	3313	3793	2894
30	2894	3910	3196
31	3196	3501	3303
32	3303	3736	2961
33	2961	3875	3164
34	3164	3549	3287
35	3287	3709	3004
36	3004	3836	3160
37	3160	3592	3248
38	3248	3663	3089
39	3089	3805	3106
40	3106	3677	3217
41	3217	3674	3109
42	3109	3772	3119
43	3119	3645	3236
44	3236	3695	3069
45	3069	3799	3132
46	3132	3615	3253
47	3253	3713	3034
48	3034	3794	3172
49	3172	3595	3233
50	3233	3687	3080
51	3080	3815	3105
52	3105	3619	3276
53	3276	3655	3069
54	3069	3836	3095
55	3095	3671	3234
56	3234	3619	3147
57	3147	3821	3032
58	3032	3720	3248
59	3248	3578	3174
60	3174	3766	3060
61	3060	3759	3181
62	3181	3637	3182
63	3182	3698	3120
64	3120	3731	3149
65	3149	3670	3181
66	3181	3691	3128
67	3128	3742	3130
68	3130	3718	3152
69	3152	3676	3172
70	3172	3675	3153
71	3153	3733	3114
72	3114	3699	3187
73	3187	3676	3137
74	3137	3716	3147
75	3147	3698	3155
76	3155	3704	3141
77	3141	3724	3135
78	3135	3706	3159
79	3159	3662	3179
80	3179	3677	3144
81	3144	3714	3142
82	3142	3713	3145
83	3145	3736	3119
84	3119	3690	3191
85	3191	3638	3171
86	3171	3742	3087
87	3087	3753	3160
88	3160	3671	3169
89	3169	3739	3092
90	3092	3712	3196
91	3196	3653	3151
92	3151	3766	3083
93	3083	3690	3227
94	3227	3651	3122
95	3122	3774	3104
96	3104	3742	3154
97	3154	3652	3194
98	3194	3695	3111
99	3111	3748	3141
100	3141	3696	3163
101	3163	3665	3172
102	3172	3712	3116
103	3116	3723	3161
104	3161	3706	3133
105	3133	3713	3154
106	3154	3695	3151
107	3151	3700	3149
108	3149	3734	3117
109	3117	3725	3158
110	3158	3653	3189
111	3189	3710	3101
112	3101	3728	3171
113	3171	3697	3132
114	3132	3708	3160
115	3160	3676	3164
116	3164	3695	3141
117	3141	3713	3146
118	3146	3666	3188
119	3188	3707	3105
120	3105	3740	3155
121	3155	3622	3223
122	3223	3701	3076
123	3076	3761	3163
124	3163	3630	3207
125	3207	3726	3067
126	3067	3759	3174
127	3174	3644	3182
128	3182	3692	3126
129	3126	3753	3121
130	3121	3725	3154
131	3154	3662	3184
132	3184	3742	3074
133	3074	3728	3198
134	3198	3617	3185
135	3185	3729	3086
136	3086	3722	3192
137	3192	3647	3161
138	3161	3737	3102
139	3102	3704	3194
140	3194	3678	3128
141	3128	3766	3106
142	3106	3661	3233
143	3233	3670	3097
144	3097	3803	3100
145	3100	3652	3248
146	3248	3660	3092
147	3092	3799	3109
148	3109	3666	3225
149	3225	3664	3111
150	3111	3752	3137
151	3137	3664	3199
152	3199	3687	3114
153	3114	3735	3151
154	3151	3653	3196
155	3196	3697	3107
156	3107	3755	3138
157	3138	3669	3193
158	3193	3649	3158
159	3158	3759	3083
160	3083	3734	3183
161	3183	3682	3135
162	3135	3735	3130
163	3130	3752	3118
164	3118	3690	3192
165	3192	3687	3121
166	3121	3741	3138
167	3138	3682	3180
168	3180	3670	3150
169	3150	3707	3143
170	3143	3730	3127
171	3127	3670	3203
172	3203	3678	3119
173	3119	3728	3153
174	3153	3707	3140
175	3140	3699	3161
176	3161	3685	3154
177	3154	3696	3150
178	3150	3720	3130
179	3130	3675	3195
180	3195	3661	3144
181	3144	3757	3099
182	3099	3660	3241
183	3241	3691	3068
184	3068	3773	3159
185	3159	3642	3199
186	3199	3680	3121
187	3121	3763	3116
188	3116	3679	3205
189	3205	3633	3162
190	3162	3734	3104
191	3104	3736	3160
192	3160	3692	3148
193	3148	3694	3158
194	3158	3711	3131
195	3131	3697	3172
196	3172	3707	3121
197	3121	3711	3168
198	3168	3701	3131
199	3131	3714	3155
200	3155	3672	3173
201	3173	3673	3154
202	3154	3745	3101
203	3101	3727	3172
204	3172	3660	3168
205	3168	3748	3084
206	3084	3727	3189
207	3189	3649	3162
208	3162	3763	3075
209	3075	3693	3232
210	3232	3651	3117
211	3117	3780	3103
212	3103	3694	3203
213	3203	3590	3207
214	3207	3729	3064
215	3064	3756	3180
216	3180	3640	3180
217	3180	3715	3105
218	3105	3761	3134
219	3134	3676	3190
220	3190	3658	3152
221	3152	3732	3116
222	3116	3690	3194
223	3194	3661	3145
224	3145	3704	3151
225	3151	3689	3160
226	3160	3728	3112
227	3112	3715	3173
228	3173	3641	3186
229	3186	3718	3096
230	3096	3762	3142
231	3142	3642	3216
232	3216	3680	3104
233	3104	3744	3152
234	3152	3697	3151
235	3151	3719	3130
236	3130	3706	3164
237	3164	3686	3150
238	3150	3691	3159
239	3159	3719	3122
240	3122	3730	3148
241	3148	3667	3185
242	3185	3664	3151
243	3151	3769	3080
244	3080	3699	3221
245	3221	3655	3124
246	3124	3769	3107
247	3107	3700	3193
248	3193	3610	3197
249	3197	3734	3069
